seed_set,spread,seed,communities,fairness,budget,time
"[2133, 1096, 107]",1252.16,3.0000000000000018,0.5074729975503388,0.723998092065286,1380.0000000000005,0.0
"[1776, 1445]",507.97,2.000000000000001,0.6660832492529282,0.7744472690274721,117.00000000000028,0.0
"[4002, 3675, 3621, 3486, 3471, 3384, 3360, 3243, 3153, 2766, 2658, 2622, 2266, 2200, 1851, 1617, 1494, 1310, 1245, 984, 974, 937, 198, 179, 27]",1621.66,25.0,0.3937368044520526,0.331776366537181,1119.9999999999993,0.0
"[4002, 3621, 3486, 3471, 3384, 3360, 3243, 3153, 2766, 2658, 2622, 2200, 1851, 1617, 1494, 1433, 1310, 1245, 984, 974, 937, 198, 179, 27]",1643.52,24.0,0.38486222189394126,0.3437377427114394,1219.0,0.0
[107],848.41,1.0,0.603581049399022,0.8325546111576978,1044.999999999999,0.0
"[4028, 3963, 3895, 3578, 3384, 3360, 3155, 3012, 2999, 2998, 2884, 2603, 2555, 2489, 2469, 2428, 2354, 2052, 1950, 1918, 1851, 1747, 1635, 1575, 1521, 1504, 1374, 1373, 1310, 1064, 1050, 834, 766, 410, 363, 352, 351, 198, 179, 107, 0]",2011.5,41.0,0.29519480736051273,0.2823540827310682,4604.999999999998,0.0
"[4002, 3675, 3621, 3577, 3568, 3486, 3471, 3423, 3384, 3243, 3238, 3153, 2766, 2658, 2622, 2545, 2266, 2200, 1885, 1851, 1617, 1494, 1310, 1245, 1016, 1013, 984, 974, 937, 495, 352, 198, 27, 0]",1802.53,33.99999999999999,0.35720072775528244,0.3171247774510426,2663.0000000000005,0.0
"[3700, 3452, 2684, 2654, 2055, 1925, 1821, 1490, 1345, 828, 540, 441, 351, 107, 0]",1915.1,15.000000000000002,0.340932393901747,0.4242656178106119,3387.0,0.0
"[3963, 3697, 1884, 636, 352, 351, 107, 43]",1773.56,7.999999999999995,0.3861386476052897,0.5581382487614064,2701.0000000000005,0.0
"[3963, 3697, 2765, 1884, 352, 351, 107, 0]",1831.11,7.999999999999995,0.36035876390344723,0.595858858314941,3048.0000000000005,0.0
"[4002, 3675, 3621, 3486, 3477, 3471, 3384, 3243, 3153, 2766, 2658, 2622, 2266, 2200, 1851, 1617, 1494, 1310, 984, 974, 937, 179, 27]",1616.29,22.999999999999996,0.3924037505817921,0.34996351444525,1077.9999999999993,0.0
"[4038, 3886, 3757, 3472, 3012, 2995, 2983, 2851, 2468, 2446, 2049, 1959, 1884, 1720, 1192, 906, 651, 443, 352, 198, 178, 10]",1617.19,21.999999999999996,0.3821012567679889,0.3522566230351223,1918.9999999999989,0.0
"[2841, 2133, 1764, 684, 107, 0]",1541.3,6.000000000000004,0.4222782271924186,0.5933913228090333,1725.0000000000007,0.0
"[3993, 3978, 3908, 3717, 3680, 3427, 3425, 3407, 3339, 3155, 3083, 2947, 2944, 2898, 2889, 2778, 2658, 2462, 2460, 2458, 2428, 2258, 2060, 2055, 1918, 1871, 1851, 1802, 1697, 1658, 1631, 1576, 1435, 1260, 1183, 1158, 1079, 889, 847, 834, 817, 808, 730, 613, 356, 352, 351, 303, 107, 79, 0]",2007.77,51.0,0.29774223979568304,0.24713583841543807,4874.999999999998,0.0
"[4031, 3705, 3621, 3600, 3578, 3452, 3423, 3384, 3333, 3098, 2431, 2060, 2055, 1885, 1821, 1602, 1115, 974, 937, 352, 107, 58, 27, 0]",1764.92,24.0,0.364870568349307,0.35938008563756385,3479.000000000001,0.0
"[4028, 3963, 3895, 3578, 3384, 3155, 3012, 2999, 2998, 2884, 2603, 2555, 2489, 2428, 2354, 2236, 2173, 2055, 1918, 1851, 1747, 1635, 1521, 1433, 1374, 1373, 1064, 834, 684, 363, 351, 198, 179, 107, 0]",1963.71,35.0,0.2970096443737035,0.3227079924047209,3738.9999999999995,0.0
"[4028, 3895, 3680, 3578, 3384, 3360, 3155, 3012, 2999, 2998, 2884, 2603, 2555, 2469, 2428, 2354, 2052, 1950, 1918, 1851, 1747, 1635, 1575, 1521, 1504, 1374, 1373, 1310, 1064, 1050, 834, 766, 410, 363, 352, 351, 198, 179, 107, 0]",1990.9,40.0,0.30333066239577433,0.28593614487178876,4593.999999999998,0.0
"[4002, 3621, 3471, 3360, 3243, 3153, 2766, 2658, 2622, 2491, 2200, 2118, 1851, 1729, 1617, 1310, 974, 937, 198, 179, 107, 27]",1727.21,21.999999999999996,0.3906052702246223,0.3531542864957893,2057.9999999999995,0.0
"[4028, 3990, 3966, 3908, 3895, 3797, 3784, 3780, 3759, 3700, 3553, 3520, 3452, 3425, 3407, 3384, 3283, 3123, 3012, 2999, 2998, 2929, 2889, 2884, 2715, 2684, 2654, 2489, 2469, 2460, 2428, 2418, 2371, 2354, 2307, 2306, 2055, 1950, 1925, 1918, 1896, 1851, 1842, 1821, 1812, 1786, 1747, 1738, 1635, 1504, 1490, 1421, 1380, 1363, 1361, 1345, 1267, 1213, 1208, 979, 889, 857, 847, 834, 828, 791, 741, 595, 467, 441, 410, 376, 363, 352, 351, 304, 270, 198, 179, 107, 78, 0]",2149.12,82.0,0.27214213971841117,0.1673164319600018,6823.0,0.0
"[4002, 3675, 3621, 3577, 3568, 3486, 3471, 3423, 3384, 3243, 3238, 3153, 2766, 2658, 2622, 2545, 2266, 2200, 1885, 1851, 1617, 1494, 1310, 1245, 1013, 984, 974, 937, 495, 198, 143, 27]",1750.9,32.00000000000001,0.3752614264848223,0.31704920663214353,1468.0000000000011,0.0
"[1454, 107]",1252.86,2.000000000000001,0.5117773062557627,0.7745438735104837,1174.000000000001,0.0
"[2133, 1096, 799, 107]",1283.53,4.000000000000003,0.5047357472314742,0.6777399433910338,1413.9999999999995,0.0
"[4002, 3675, 3621, 3577, 3568, 3471, 3423, 3243, 3238, 3153, 2766, 2658, 2545, 2266, 2138, 1885, 1851, 1652, 1617, 1494, 1310, 1280, 1245, 1182, 1016, 984, 974, 937, 495, 352, 198, 157, 27, 0]",1701.4,33.99999999999999,0.3652942510913644,0.3167867270887744,2615.9999999999986,0.0
"[3360, 3099, 2475, 2074, 2052, 1944, 1575, 1566, 1430, 1050, 679, 410, 107, 0]",1647.56,14.0,0.3882737701299219,0.41100768211901095,1951.999999999999,0.0
"[4002, 3675, 3621, 3577, 3471, 3243, 3238, 3153, 2766, 2266, 2138, 1885, 1851, 1745, 1617, 1494, 1310, 1280, 1245, 1182, 984, 974, 937, 351, 198, 157, 27, 0]",1803.54,28.0,0.3551814539436795,0.32690052707358697,2272.0,0.0
"[2469, 2236, 2055, 1950, 1575, 1310, 1050, 352, 107]",1752.84,8.999999999999996,0.3792021662939926,0.4958060838572155,2179.0,0.0
"[3604, 2055, 1884, 352, 351, 107, 0]",1860.14,7.000000000000005,0.3583353589123023,0.598644190337218,3052.000000000001,0.0
"[2236, 2052, 352, 107]",1563.72,4.000000000000003,0.43428263682247115,0.6788672883981407,1918.9999999999989,0.0
"[3080, 2448, 1969, 1433, 351, 107, 0]",1760.0,7.000000000000005,0.368983159005986,0.5598331931142669,2601.000000000001,0.0
"[3600, 3452, 3360, 2319, 2305, 2055, 1989, 1490, 1428, 639, 441, 417, 161, 107]",1646.68,14.0,0.39027538720292587,0.4064264657705138,2101.9999999999995,0.0
"[3990, 3908, 3895, 3797, 3784, 3780, 3452, 3407, 3384, 3283, 3126, 2999, 2998, 2889, 2884, 2804, 2469, 2428, 2371, 2354, 2307, 2306, 2236, 2055, 1950, 1918, 1851, 1842, 1821, 1812, 1786, 1757, 1747, 1433, 1421, 1363, 1361, 1345, 1267, 1213, 1037, 834, 828, 793, 741, 684, 410, 351, 203, 198, 179, 107, 0]",2073.12,53.0,0.2800485114143445,0.24456671433181798,5213.000000000002,0.0
"[3452, 3159, 2841, 2587, 2133, 1950, 1821, 441, 410, 351, 107, 26]",1916.42,11.999999999999998,0.3354690677664167,0.46946086481646176,3077.999999999999,0.0
"[4002, 3908, 3895, 3495, 3471, 3407, 3384, 3339, 3283, 3153, 2898, 2889, 2766, 2622, 2618, 2462, 2458, 2355, 2060, 2055, 2002, 1950, 1851, 1802, 1616, 1502, 1433, 1422, 1377, 1363, 1326, 1310, 1199, 1070, 974, 955, 937, 834, 827, 817, 446, 412, 352, 329, 188, 179, 0]",1951.48,47.0,0.29818195473237064,0.26569271375355963,3880.0000000000005,0.0
"[1542, 1454, 1149]",1097.73,3.0000000000000018,0.5250858777634148,0.723957866197356,426.0000000000011,0.0
"[3993, 3978, 3717, 3680, 3553, 3477, 3427, 3425, 3407, 3339, 3155, 3088, 2947, 2944, 2898, 2889, 2778, 2734, 2658, 2458, 2428, 2258, 2200, 1918, 1871, 1851, 1802, 1707, 1658, 1631, 1435, 1422, 1300, 1260, 1158, 1079, 889, 847, 817, 808, 730, 613, 356, 352, 351, 303, 107, 79, 26]",1978.8,49.0,0.3041705301058746,0.2552331730127332,4896.999999999999,0.0
"[4002, 3624, 3621, 3578, 3452, 3080, 2778, 2448, 2428, 2151, 1918, 1821, 1740, 1575, 1050, 597, 352, 351, 107, 0]",1956.2,19.999999999999993,0.3348108846430491,0.3779443760585326,4181.999999999999,0.0
"[4028, 3963, 3895, 3578, 3384, 3282, 3155, 3012, 2999, 2998, 2884, 2555, 2489, 2428, 2354, 2133, 2066, 1950, 1918, 1831, 1821, 1747, 1635, 1521, 1504, 1374, 1373, 1096, 834, 757, 363, 352, 351, 198, 179, 107, 0]",2037.8799999999999,37.0,0.2775221021152603,0.3091164486541571,5280.000000000001,0.0
"[2133, 366, 107, 0]",1360.28,4.000000000000003,0.4750137821212457,0.6779765806358228,1778.9999999999995,0.0
"[3452, 3159, 3098, 2841, 2655, 2055, 1950, 1821, 351, 107, 26, 0]",1917.88,11.999999999999998,0.33783362084712665,0.5009923612700082,3398.0,0.0
"[1433, 351, 107, 0]",1688.46,4.000000000000003,0.405101407999487,0.6789420029894874,2322.000000000001,0.0
"[4028, 3963, 3895, 3744, 3740, 3578, 3567, 3384, 3062, 3012, 2999, 2998, 2884, 2555, 2489, 2469, 2428, 2354, 2296, 2229, 2066, 2055, 1950, 1918, 1851, 1786, 1747, 1521, 1434, 1377, 1373, 1267, 1199, 911, 834, 741, 638, 410, 363, 352, 351, 198, 156, 145, 0]",1968.23,44.99999999999999,0.2915533114294131,0.2733795970669626,3960.0,0.0
"[3472, 2446, 2236, 1821, 1433, 757, 107, 98]",1671.3,7.999999999999995,0.3894255283789223,0.5199281235347819,2108.0000000000005,0.0
"[107, 0]",946.65,2.000000000000001,0.5555742353335714,0.7744830345660028,1391.9999999999995,0.0
"[4028, 3963, 3895, 3578, 3384, 3282, 3155, 3080, 3012, 2999, 2998, 2884, 2555, 2489, 2448, 2428, 2354, 2133, 1950, 1918, 1831, 1747, 1635, 1521, 1504, 1374, 1373, 1096, 834, 363, 352, 351, 198, 179, 107, 0]",1961.54,36.0,0.2968670044749855,0.31027144937535933,4815.000000000001,0.0
"[3978, 3966, 3955, 3908, 3895, 3833, 3624, 3495, 3486, 3471, 3427, 3425, 3415, 3407, 3384, 3371, 3226, 3054, 2966, 2951, 2929, 2898, 2889, 2804, 2763, 2612, 2587, 2418, 2372, 2241, 1918, 1896, 1851, 1842, 1831, 1830, 1821, 1802, 1787, 1434, 1422, 1407, 1380, 1373, 1363, 1361, 1326, 1274, 1263, 955, 937, 857, 847, 834, 808, 757, 446, 425, 411, 389, 366, 356, 352, 351, 304, 226, 186, 107, 0]",2129.83,69.0,0.2725260567811746,0.19153231952214111,7123.999999999999,0.0
"[3452, 3440, 3159, 3098, 2841, 2655, 1950, 1821, 1725, 757, 351, 107, 26]",1914.4,13.0,0.34285983818002763,0.43445876585491905,3161.999999999999,0.0
"[4002, 3621, 3486, 3471, 3384, 3360, 3243, 3153, 2766, 2622, 2306, 2305, 2200, 1851, 1310, 974, 937, 520, 198, 179, 27]",1556.6,20.999999999999996,0.4121575008222078,0.35485946491927656,1052.0000000000011,0.0
"[4028, 3963, 3895, 3578, 3384, 3360, 3155, 3012, 2999, 2998, 2884, 2555, 2489, 2428, 2354, 2133, 2052, 1918, 1898, 1747, 1635, 1521, 1504, 1424, 1380, 1374, 1373, 1310, 1050, 834, 363, 352, 351, 179, 107, 0]",1966.57,36.0,0.3024566211438777,0.31739400687340047,4607.000000000002,0.0
"[3600, 2966, 2055, 1884, 1653, 1435, 1045, 351, 308, 107]",1818.2,9.999999999999996,0.36214858906030223,0.4796059207279788,2544.999999999999,0.0
"[3987, 3973, 3966, 3944, 3917, 3887, 3878, 3843, 3803, 3797, 3600, 3453, 3450, 3415, 3346, 3153, 3098, 3054, 2999, 2998, 2990, 2931, 2929, 2903, 2898, 2889, 2800, 2797, 2763, 2489, 2469, 2420, 2306, 2258, 2055, 1972, 1950, 1898, 1887, 1884, 1831, 1821, 1812, 1786, 1771, 1747, 1738, 1576, 1421, 1418, 1404, 1380, 1373, 1361, 1306, 1234, 1115, 902, 857, 849, 847, 811, 741, 639, 599, 571, 540, 410, 366, 352, 351, 304, 206, 107, 27, 0]",2162.58,76.0,0.27113770646398305,0.2514450602714572,7095.0,0.0
"[3966, 3963, 3944, 3917, 3887, 3878, 3843, 3803, 3797, 3581, 3578, 3537, 3493, 3486, 3415, 3407, 3283, 3020, 2931, 2929, 2903, 2898, 2896, 2889, 2800, 2469, 2458, 2420, 2372, 2371, 2307, 2306, 2258, 2236, 2138, 2055, 2009, 2008, 1950, 1918, 1898, 1887, 1884, 1831, 1821, 1786, 1771, 1757, 1747, 1511, 1380, 1373, 1361, 1345, 1306, 1267, 1234, 1213, 1000, 889, 857, 849, 847, 811, 793, 757, 741, 410, 366, 352, 351, 349, 348, 304, 206, 203, 179, 107, 0]",2187.92,79.0,0.26669072094956836,0.35750167677208466,7236.999999999999,0.0
"[3694, 3600, 2966, 2055, 1884, 1653, 1435, 1045, 351, 107, 0]",1861.06,10.999999999999998,0.355423394431038,0.4839419102533393,2874.9999999999986,0.0
"[3159, 2756, 2133, 1950, 1833, 1821, 441, 410, 392, 351, 107, 26]",1906.08,11.999999999999998,0.33282403995773,0.4675357493953176,3152.0000000000005,0.0
"[4028, 3895, 3680, 3624, 3578, 3537, 3384, 3012, 2999, 2998, 2884, 2763, 2555, 2520, 2428, 2241, 2008, 1918, 1851, 1831, 1821, 1747, 1635, 1521, 1504, 1374, 1373, 1234, 834, 757, 363, 352, 351, 339, 206, 198, 179, 107, 0]",2048.82,39.0,0.2845602504477803,0.31403273179475466,4873.000000000001,0.0
"[3772, 3472, 3243, 3153, 2990, 2622, 2446, 2190, 1851, 1821, 1115, 757, 639, 599, 351, 107, 98]",1874.9,17.000000000000004,0.3594634410680295,0.39114456187237256,3258.9999999999995,0.0
"[4002, 3963, 3895, 3578, 3495, 3453, 3450, 3384, 3360, 3226, 3080, 2715, 2448, 2428, 2420, 2052, 1950, 1918, 1886, 1821, 1747, 1730, 1653, 1635, 1433, 1407, 1373, 1326, 1310, 1306, 1050, 834, 817, 793, 410, 363, 352, 351, 349, 270, 185, 107, 0]",2084.1,43.00000000000001,0.2923854150303853,0.29631547584024465,5552.000000000001,0.0
"[3989, 3577, 3452, 3159, 3155, 2587, 2428, 2140, 1950, 1821, 1653, 1373, 974, 441, 410, 351, 348, 107, 26]",1954.69,19.000000000000004,0.32194685423971836,0.36626923001212985,3822.000000000001,0.0
"[3624, 3452, 3360, 2469, 2449, 2236, 2055, 1950, 1821, 1740, 1575, 1310, 1050, 352, 292, 107]",1854.58,16.0,0.3572338033141238,0.3996266672726585,3019.000000000001,0.0
"[2133, 366, 107]",1291.36,3.0000000000000018,0.5038691531813563,0.7240384678133406,1431.9999999999993,0.0
"[4002, 3963, 3895, 3495, 3360, 3226, 3155, 3080, 3054, 3012, 2884, 2763, 2715, 2448, 2428, 2241, 2052, 2003, 1918, 1821, 1747, 1635, 1521, 1433, 1373, 1326, 1306, 1050, 834, 793, 523, 366, 352, 351, 270, 107, 0]",2041.4100000000003,37.0,0.30142720688603375,0.31971304180505067,5559.000000000001,0.0
"[3486, 3280, 3226, 2715, 2587, 2138, 2088, 1831, 1821, 1635, 1373, 1050, 793, 757, 638, 366, 352, 351, 185, 107, 0]",2035.93,20.999999999999996,0.31567639202107545,0.39391088737504876,4856.0,0.0
"[4028, 3939, 3741, 3578, 3537, 3486, 3384, 3012, 2999, 2763, 2489, 2428, 2241, 1918, 1831, 1821, 1747, 1373, 869, 834, 757, 704, 529, 500, 363, 352, 351, 349, 206, 185, 107, 0]",2051.52,32.00000000000001,0.2935703711479436,0.3464264963214766,4907.999999999999,0.0
"[4028, 3895, 3843, 3384, 3360, 3346, 3155, 3012, 2999, 2998, 2922, 2884, 2807, 2603, 2469, 2354, 2307, 2306, 2052, 1950, 1896, 1851, 1831, 1821, 1812, 1747, 1575, 1433, 1374, 1373, 1310, 1064, 1050, 834, 766, 410, 352, 351, 198, 179, 107, 0]",2043.0,42.0,0.28598013306496584,0.282654830450507,5325.0,0.0
"[4028, 3963, 3895, 3578, 3567, 3486, 3384, 3290, 3280, 3226, 3062, 3012, 2998, 2884, 2587, 2555, 2489, 2469, 2428, 2354, 2296, 2229, 2138, 2088, 1960, 1918, 1831, 1821, 1786, 1747, 1521, 1377, 1373, 1267, 1199, 834, 793, 741, 638, 366, 363, 352, 351, 198, 107, 0]",2080.1,45.99999999999999,0.28124965612191843,0.26957187850070885,6119.0,0.0
"[3600, 3438, 2763, 2169, 1884, 1821, 1439, 830, 366, 352, 351, 107, 26, 0]",1967.95,14.0,0.33554814246319253,0.48412455962548884,4405.0,0.0
"[4028, 3963, 3740, 3578, 3384, 3365, 3282, 3155, 3012, 2884, 2555, 2489, 2428, 2133, 2055, 1918, 1884, 1831, 1821, 1747, 1635, 1521, 1504, 1448, 1374, 1373, 1096, 834, 363, 352, 351, 198, 107, 0]",2033.61,33.99999999999999,0.28859420099635835,0.342468653297628,5334.0,0.0
"[3441, 2469, 2138, 2055, 1221, 366, 107]",1601.85,7.000000000000005,0.41336138076012907,0.5586186490397417,1906.0000000000011,0.0
"[4028, 3989, 3895, 3680, 3578, 3452, 3384, 3159, 3155, 3012, 2999, 2998, 2884, 2587, 2555, 2428, 2140, 1950, 1918, 1851, 1821, 1747, 1635, 1521, 1504, 1374, 1373, 974, 834, 441, 410, 363, 352, 351, 348, 315, 198, 179, 107, 26]",2050.46,40.0,0.2839927787442069,0.29673584603183767,5115.999999999999,0.0
"[3987, 3966, 3944, 3917, 3887, 3878, 3843, 3803, 3797, 3578, 3537, 3453, 3450, 3415, 3407, 3346, 3283, 3054, 2999, 2998, 2990, 2931, 2929, 2903, 2898, 2800, 2489, 2469, 2420, 2372, 2371, 2307, 2306, 2258, 2236, 2138, 2055, 1972, 1950, 1898, 1887, 1884, 1831, 1821, 1812, 1786, 1771, 1747, 1421, 1418, 1404, 1380, 1373, 1361, 1345, 1306, 1234, 1213, 857, 849, 847, 811, 793, 741, 519, 410, 366, 352, 351, 304, 206, 203, 179, 107, 0]",2149.86,75.0,0.2752987137376728,0.2002776398977253,7093.0,0.0
"[4028, 3963, 3895, 3578, 3384, 3282, 3155, 3080, 3012, 2999, 2998, 2884, 2555, 2489, 2448, 2428, 2354, 2133, 1950, 1925, 1831, 1747, 1635, 1521, 1504, 1374, 1373, 1096, 834, 363, 352, 351, 198, 179, 107, 32, 0]",1966.32,37.0,0.3032583908505804,0.30403180916011463,4818.999999999999,0.0
"[3365, 3279, 3226, 2236, 2055, 1884, 1575, 1050, 351, 107, 0]",1825.36,10.999999999999998,0.3643030565746159,0.4806993335704137,2728.9999999999986,0.0
"[3441, 2055, 1082, 995, 366, 351, 107, 0]",1788.53,7.999999999999995,0.3748613839318582,0.5633412016421877,2885.9999999999986,0.0
"[4002, 3963, 3895, 3578, 3495, 3384, 3360, 3226, 3080, 2715, 2448, 2428, 2052, 1950, 1918, 1821, 1747, 1730, 1635, 1433, 1373, 1326, 1310, 1306, 1050, 834, 817, 793, 425, 410, 363, 352, 351, 349, 270, 185, 107, 0]",2060.64,38.0,0.28959534867285264,0.353533576881667,5384.000000000001,0.0
"[3472, 2446, 2236, 2079, 1950, 1821, 1433, 1392, 1203, 757, 366, 351, 304, 107]",1940.74,14.0,0.3324150214664501,0.43698094649846775,3422.0000000000005,0.0
"[3749, 3365, 1884, 1449, 1435, 757, 351, 107, 98]",1781.18,8.999999999999996,0.37230636525643235,0.5229953061190332,2468.000000000001,0.0
"[3895, 3624, 3495, 3486, 3384, 3371, 3226, 3054, 2804, 2763, 2612, 2587, 2241, 1842, 1831, 1830, 1821, 1802, 1787, 1407, 1373, 1326, 1274, 1263, 955, 937, 808, 781, 757, 446, 366, 352, 351, 304, 226, 186, 107, 0]",2066.3,38.0,0.28558156405957047,0.36296813649579385,5491.999999999999,0.0
"[3989, 3452, 3159, 3155, 2428, 1950, 1821, 1653, 974, 441, 410, 351, 107, 26]",1909.6,14.0,0.3330221086022982,0.4247535515066798,3232.999999999999,0.0
"[3978, 3908, 3895, 3600, 3471, 3415, 3407, 3384, 3371, 2966, 2951, 2898, 2889, 2778, 2766, 2765, 2428, 2372, 2266, 2258, 1950, 1918, 1851, 1842, 1830, 1821, 1802, 1653, 1434, 1433, 1422, 1363, 1361, 1310, 1218, 857, 847, 834, 808, 730, 411, 352, 351, 304, 198, 179, 107, 0]",2071.98,48.0,0.27421373636385127,0.26065976844667693,5794.0,0.0
"[3908, 3895, 3624, 3495, 3486, 3415, 3407, 3384, 3371, 3226, 3054, 2898, 2889, 2804, 2763, 2612, 2587, 2372, 1851, 1842, 1831, 1830, 1821, 1802, 1787, 1407, 1373, 1363, 1361, 1326, 1274, 1263, 1152, 955, 937, 847, 834, 808, 757, 446, 425, 389, 366, 352, 351, 304, 226, 186, 107, 0]",2098.63,50.0,0.27536955047454503,0.26899778825817633,6099.0,0.0
"[3895, 3486, 3384, 3371, 3280, 3226, 3054, 2804, 2763, 2612, 2587, 2241, 2138, 2088, 1842, 1831, 1830, 1821, 1802, 1787, 1407, 1373, 1326, 1274, 1263, 955, 808, 793, 757, 446, 366, 352, 351, 324, 304, 226, 186, 107, 0]",2081.5,39.0,0.2815787904076519,0.31486950430756133,5808.000000000002,0.0
"[3486, 3280, 3226, 2715, 2587, 2138, 2088, 1831, 1821, 1635, 1050, 757, 638, 366, 352, 351, 107, 0]",2014.38,18.000000000000004,0.3170547739333658,0.43479372758712187,4545.000000000002,0.0
"[4028, 3987, 3966, 3963, 3944, 3917, 3887, 3878, 3843, 3803, 3797, 3780, 3684, 3624, 3537, 3521, 3520, 3493, 3453, 3450, 3415, 3407, 3365, 3346, 3283, 3279, 3054, 3020, 2999, 2998, 2978, 2931, 2929, 2903, 2889, 2763, 2506, 2489, 2469, 2468, 2428, 2372, 2306, 2241, 2236, 2055, 2020, 2009, 2008, 1972, 1950, 1918, 1898, 1887, 1831, 1821, 1812, 1786, 1771, 1747, 1575, 1511, 1472, 1421, 1418, 1404, 1380, 1373, 1361, 1306, 1234, 1213, 1050, 1000, 976, 957, 857, 849, 847, 811, 684, 487, 366, 352, 351, 339, 304, 206, 203, 179, 107, 25, 0]",2187.96,93.0,0.2661176420645417,0.16004866897909142,7958.999999999998,0.0
"[4036, 3978, 3966, 3955, 3908, 3749, 3717, 3520, 3493, 3486, 3471, 3427, 3425, 3415, 3407, 3384, 3371, 3293, 3020, 2951, 2929, 2898, 2889, 2766, 2700, 2506, 2462, 2458, 2428, 2418, 2372, 2306, 2103, 2052, 2013, 2009, 1969, 1918, 1896, 1851, 1842, 1830, 1821, 1802, 1787, 1764, 1692, 1511, 1434, 1433, 1422, 1380, 1363, 1361, 1274, 1263, 1260, 1167, 1158, 1050, 1000, 974, 957, 889, 857, 849, 847, 834, 808, 730, 681, 639, 599, 540, 411, 356, 352, 351, 304, 198, 107, 27, 25, 0]",2151.31,84.0,0.26791425581470474,0.1627890952582467,6986.000000000001,0.0
"[3978, 3908, 3895, 3600, 3471, 3415, 3407, 3384, 3371, 3247, 2966, 2951, 2898, 2889, 2766, 2765, 2372, 2266, 2258, 1950, 1851, 1842, 1830, 1821, 1802, 1434, 1433, 1422, 1363, 1361, 1310, 1218, 857, 847, 834, 808, 730, 411, 352, 351, 304, 198, 179, 107, 0]",2042.56,44.99999999999999,0.2792055283870143,0.2758842848918239,5734.0,0.0
"[3987, 3973, 3966, 3944, 3917, 3887, 3878, 3843, 3797, 3784, 3780, 3749, 3717, 3453, 3450, 3415, 3346, 3153, 3054, 2999, 2998, 2990, 2931, 2929, 2903, 2898, 2889, 2700, 2524, 2489, 2469, 2420, 2306, 2258, 2052, 1972, 1950, 1898, 1887, 1821, 1812, 1786, 1747, 1738, 1692, 1676, 1421, 1418, 1404, 1380, 1306, 1213, 1167, 1158, 1050, 902, 859, 857, 849, 847, 811, 741, 681, 639, 599, 540, 410, 366, 352, 351, 304, 198, 179, 107, 27, 25, 0]",2148.99,77.0,0.27754523263253583,0.17641089066372684,6690.0,0.0
"[3978, 3908, 3895, 3600, 3471, 3415, 3407, 3384, 3371, 2966, 2898, 2889, 2778, 2766, 2765, 2428, 2372, 2266, 2258, 2133, 1950, 1918, 1851, 1842, 1830, 1821, 1802, 1653, 1567, 1434, 1433, 1422, 1363, 1361, 1310, 1218, 857, 847, 834, 808, 730, 411, 352, 351, 304, 198, 179, 107, 0]",2073.1,49.0,0.2728287225573762,0.26048609703557624,5829.0,0.0
"[3978, 3966, 3955, 3908, 3895, 3833, 3486, 3471, 3427, 3425, 3415, 3407, 3384, 3371, 3280, 3226, 3054, 2966, 2951, 2898, 2889, 2804, 2763, 2630, 2587, 2418, 2372, 2241, 2138, 2088, 1918, 1896, 1851, 1842, 1831, 1830, 1821, 1802, 1787, 1434, 1422, 1407, 1380, 1373, 1363, 1361, 1274, 1263, 1050, 955, 857, 847, 834, 808, 793, 757, 638, 446, 411, 389, 366, 356, 352, 351, 304, 226, 186, 107, 0]",2139.99,69.0,0.2685380659709843,0.19840930027720916,7472.000000000001,0.0
"[4038, 4028, 3878, 3843, 3803, 3797, 3684, 3682, 3537, 3521, 3520, 3283, 3280, 3226, 3054, 3020, 2903, 2800, 2760, 2715, 2506, 2489, 2469, 2371, 2307, 2258, 2245, 2052, 2020, 2008, 1950, 1887, 1884, 1831, 1821, 1771, 1757, 1747, 1635, 1511, 1472, 1373, 1365, 1361, 1345, 1306, 1213, 1050, 1000, 976, 974, 849, 741, 410, 366, 352, 351, 349, 348, 185, 107, 0]",2138.1,62.0,0.26920033643857955,0.2722241219160656,6568.999999999999,0.0
"[4038, 4028, 3966, 3878, 3843, 3803, 3797, 3684, 3682, 3537, 3521, 3520, 3283, 3280, 3226, 3054, 3020, 2903, 2800, 2760, 2715, 2506, 2489, 2469, 2371, 2307, 2306, 2258, 2052, 2009, 2008, 1950, 1887, 1884, 1843, 1831, 1821, 1771, 1757, 1747, 1635, 1511, 1472, 1373, 1365, 1361, 1345, 1306, 1213, 1050, 1000, 976, 974, 849, 741, 410, 366, 352, 351, 349, 348, 185, 107, 0]",2140.67,64.0,0.27290236226306586,0.27367031175183887,6661.0,0.0
"[3624, 3452, 3441, 3193, 2449, 2236, 2055, 1950, 1821, 1740, 1310, 1050, 366, 352, 141, 107]",1809.08,16.0,0.35249221902558536,0.38959514377760684,3192.999999999999,0.0
"[2133, 351, 107]",1633.43,3.0000000000000018,0.43060664059800824,0.7247393572295622,1993.0000000000002,0.0
"[3472, 2795, 2446, 1950, 1821, 1433, 757, 366, 304, 107]",1757.87,9.999999999999996,0.35280106030241176,0.44313562168987874,2389.999999999999,0.0
"[4028, 3963, 3895, 3578, 3384, 3282, 3226, 3155, 3012, 2999, 2998, 2884, 2812, 2587, 2555, 2489, 2428, 2354, 2133, 1925, 1831, 1747, 1635, 1521, 1504, 1374, 1373, 1096, 1050, 834, 363, 352, 351, 198, 179, 107, 32, 0]",1958.03,38.0,0.3011598529667059,0.2983105009971321,4683.999999999999,0.0
"[4028, 3970, 3963, 3895, 3567, 3384, 3290, 3062, 3012, 2998, 2884, 2555, 2489, 2446, 2428, 2296, 2229, 1918, 1851, 1821, 1786, 1747, 1521, 1377, 1373, 1267, 834, 757, 741, 638, 363, 352, 304, 198, 107]",1932.33,35.0,0.3030245740231686,0.31911428484964977,3940.0,0.0
"[3978, 3966, 3955, 3908, 3895, 3833, 3624, 3486, 3471, 3427, 3425, 3415, 3407, 3371, 3226, 3054, 2966, 2951, 2929, 2898, 2889, 2804, 2773, 2763, 2612, 2587, 2418, 2372, 1918, 1896, 1851, 1842, 1831, 1830, 1821, 1802, 1787, 1434, 1422, 1407, 1380, 1373, 1363, 1361, 1326, 1274, 1263, 1152, 955, 937, 857, 847, 834, 808, 788, 757, 446, 425, 411, 389, 366, 356, 352, 351, 304, 226, 186, 107, 0]",2127.76,69.0,0.2690202774066641,0.19135096865451406,7293.000000000001,0.0
"[3878, 3843, 2307, 2294, 2236, 2055, 1884, 1831, 1821, 1439, 1306, 811, 793, 366, 352, 351, 107, 0]",2018.59,18.000000000000004,0.3142416288065333,0.47584945802144274,4389.999999999999,0.0
"[1457, 107, 0]",1312.23,3.0000000000000018,0.4797236827931306,0.7241545160223597,1552.0000000000011,0.0
"[3600, 2966, 2791, 2055, 1831, 1821, 1433, 1045, 351, 107, 0]",1912.8,10.999999999999998,0.33019784854486944,0.5187999470120102,3523.0000000000014,0.0
"[3978, 3966, 3955, 3908, 3895, 3833, 3427, 3425, 3415, 3407, 3384, 3371, 3054, 2966, 2951, 2929, 2898, 2889, 2804, 2763, 2612, 2418, 2372, 2241, 2236, 2055, 1918, 1896, 1851, 1842, 1831, 1830, 1821, 1802, 1787, 1434, 1422, 1410, 1407, 1380, 1373, 1363, 1361, 1326, 1274, 1263, 1213, 955, 857, 847, 834, 808, 757, 446, 425, 411, 389, 366, 356, 352, 351, 304, 226, 206, 203, 186, 179, 107, 0]",2135.35,69.0,0.2736315525017773,0.1954499150040967,7195.000000000002,0.0
"[3365, 2624, 2055, 1831, 1821, 1685, 1448, 1433, 804, 351, 107, 25, 0]",1954.32,13.0,0.3197043987033983,0.48019184882150234,3634.9999999999995,0.0
"[4028, 3963, 3895, 3578, 3384, 3282, 3226, 3155, 3012, 2999, 2998, 2884, 2841, 2587, 2555, 2428, 2354, 1925, 1831, 1747, 1635, 1521, 1504, 1373, 1096, 834, 684, 395, 363, 352, 351, 198, 179, 107, 32, 0]",1959.2,36.0,0.3080547050147391,0.30457425116328674,4632.000000000001,0.0
"[3987, 3966, 3944, 3917, 3887, 3878, 3797, 3784, 3780, 3740, 3717, 3453, 3450, 3415, 3346, 3153, 3054, 2999, 2998, 2990, 2931, 2929, 2903, 2898, 2889, 2700, 2524, 2489, 2469, 2420, 2258, 2055, 1972, 1950, 1898, 1887, 1831, 1821, 1812, 1786, 1747, 1738, 1692, 1676, 1448, 1433, 1421, 1418, 1404, 1380, 1306, 1213, 1167, 1158, 1050, 859, 857, 849, 847, 811, 741, 681, 639, 599, 540, 410, 366, 352, 351, 304, 198, 179, 107, 27, 25, 0]",2150.72,76.0,0.27657120044747985,0.17744093254401838,6953.0,0.0
"[2841, 1764, 1433, 1311, 107]",1464.88,5.0000000000000036,0.4441777689534949,0.6348937517132655,1378.999999999999,0.0
"[4028, 3987, 3966, 3944, 3917, 3887, 3878, 3843, 3803, 3797, 3780, 3537, 3521, 3520, 3453, 3450, 3415, 3407, 3346, 3283, 3020, 2999, 2998, 2931, 2929, 2903, 2898, 2804, 2800, 2506, 2489, 2469, 2428, 2420, 2372, 2371, 2307, 2306, 2258, 2236, 2138, 2055, 2020, 2009, 2008, 1972, 1950, 1918, 1898, 1887, 1831, 1821, 1812, 1786, 1771, 1757, 1747, 1696, 1472, 1433, 1421, 1418, 1404, 1380, 1373, 1361, 1345, 1306, 1267, 1234, 1213, 976, 957, 857, 849, 847, 811, 793, 741, 410, 366, 352, 351, 348, 304, 206, 203, 179, 107, 0]",2193.58,90.0,0.2644737069504737,0.16259319528963145,7871.999999999999,0.0
"[4028, 3797, 3740, 3537, 3521, 3520, 3450, 3365, 3283, 3020, 2763, 2762, 2760, 2506, 2469, 2372, 2236, 2138, 2055, 2020, 2009, 2008, 1950, 1831, 1821, 1747, 1730, 1511, 1472, 1448, 1433, 1289, 1234, 1213, 1000, 976, 957, 849, 834, 487, 366, 352, 351, 206, 203, 179, 107, 0]",2102.75,48.0,0.28901092720832966,0.29830686071770507,6128.0,0.0
"[3908, 3895, 3561, 3486, 3427, 3425, 3415, 3407, 3384, 3371, 3280, 3226, 2898, 2889, 2763, 2630, 2587, 2372, 2241, 2138, 2088, 1896, 1851, 1842, 1831, 1830, 1821, 1802, 1786, 1403, 1380, 1373, 1363, 1361, 1050, 955, 857, 847, 834, 808, 793, 446, 389, 366, 356, 351, 304, 226, 186, 107, 0]",2104.66,51.0,0.26759140292923633,0.25168685121853396,5387.0,0.0
"[3472, 2795, 2446, 1950, 1821, 1433, 757, 304, 107]",1693.8,8.999999999999996,0.3634959873595648,0.48302464551653557,2159.0,0.0
"[3978, 3966, 3955, 3908, 3833, 3636, 3472, 3427, 3425, 3415, 3407, 3384, 3371, 3054, 2966, 2951, 2929, 2898, 2889, 2804, 2763, 2612, 2446, 2418, 2372, 2241, 2236, 1950, 1918, 1896, 1851, 1842, 1830, 1821, 1802, 1787, 1434, 1433, 1422, 1410, 1407, 1380, 1373, 1363, 1361, 1326, 1274, 1263, 1213, 955, 857, 847, 834, 808, 757, 446, 425, 411, 389, 366, 356, 352, 351, 304, 226, 206, 203, 186, 107]",2102.79,69.0,0.27551603254343604,0.19043909588293761,6953.0,0.0
"[4028, 3987, 3966, 3944, 3917, 3887, 3878, 3843, 3803, 3797, 3780, 3537, 3521, 3520, 3453, 3451, 3450, 3415, 3407, 3346, 3283, 3020, 2998, 2931, 2929, 2903, 2898, 2889, 2804, 2800, 2506, 2489, 2469, 2428, 2420, 2372, 2371, 2307, 2306, 2258, 2236, 2138, 2055, 2020, 2009, 2008, 1972, 1950, 1918, 1898, 1887, 1831, 1821, 1812, 1786, 1771, 1757, 1747, 1511, 1472, 1433, 1421, 1418, 1404, 1380, 1373, 1361, 1345, 1306, 1267, 1234, 1213, 1000, 976, 957, 857, 849, 847, 811, 793, 741, 487, 410, 366, 352, 351, 348, 304, 206, 203, 179, 107, 25, 0]",2205.59,94.0,0.26395686349729,0.21241004427860177,8112.999999999999,0.0
"[3803, 3486, 3280, 3226, 3054, 2715, 2587, 2138, 2088, 1831, 1821, 1757, 1635, 1407, 1373, 1050, 793, 757, 638, 473, 366, 352, 351, 226, 107, 0]",2039.43,26.0,0.31455397929926554,0.3713706144101181,5103.000000000001,0.0
"[3963, 3908, 3895, 3823, 3743, 3624, 3600, 3520, 3453, 3450, 3427, 3425, 3415, 3407, 3384, 3371, 3293, 2966, 2898, 2889, 2804, 2778, 2766, 2765, 2700, 2428, 2372, 2266, 2258, 2200, 1918, 1851, 1842, 1830, 1821, 1802, 1787, 1676, 1407, 1404, 1363, 1361, 1274, 1263, 1260, 1158, 1045, 990, 857, 849, 834, 808, 730, 691, 540, 352, 351, 304, 198, 179, 107, 27, 26, 0]",2101.83,64.0,0.2780374435919777,0.20148346923561533,5998.999999999998,0.0
"[3908, 3624, 3486, 3427, 3425, 3415, 3407, 3384, 3371, 3280, 3226, 3193, 3054, 2929, 2898, 2889, 2804, 2763, 2612, 2605, 2587, 2418, 2372, 2241, 2088, 1896, 1851, 1842, 1831, 1830, 1821, 1802, 1787, 1735, 1407, 1380, 1373, 1363, 1361, 1326, 1263, 955, 857, 847, 834, 808, 793, 757, 446, 366, 356, 352, 351, 304, 226, 186, 107, 0]",2129.81,58.00000000000001,0.26350630719598467,0.21940441119656606,6385.0,0.0
"[3441, 2446, 1821, 1082, 757, 351, 107, 0]",1805.04,7.999999999999995,0.3718763745948357,0.5635779019122812,3106.0,0.0
"[3990, 3908, 3900, 3895, 3797, 3784, 3780, 3452, 3407, 3384, 3326, 3283, 3126, 2999, 2998, 2889, 2884, 2804, 2469, 2371, 2354, 2307, 2306, 2236, 1950, 1918, 1851, 1842, 1821, 1812, 1809, 1786, 1757, 1433, 1363, 1361, 1345, 1283, 1267, 1213, 1037, 834, 828, 793, 741, 684, 410, 351, 203, 198, 179, 107, 0]",2055.63,53.0,0.28087470995614083,0.24203379973917238,5140.000000000002,0.0
"[4028, 3749, 3648, 3384, 3368, 3155, 3153, 3012, 2999, 2998, 2884, 2469, 2428, 2236, 2140, 2055, 1950, 1851, 1747, 1692, 1374, 1373, 1213, 834, 766, 681, 599, 410, 351, 198, 107, 25, 0]",1960.62,33.0,0.30261117311651087,0.3294048824077458,3814.0,0.0
"[3689, 3486, 3280, 3226, 3054, 2804, 2715, 2587, 2138, 2088, 1831, 1821, 1635, 1373, 920, 793, 757, 638, 366, 352, 351, 185, 107, 0]",2033.07,24.0,0.3045221719696818,0.3923949335431456,5075.0,0.0
"[4038, 4028, 3878, 3843, 3803, 3797, 3537, 3521, 3520, 3283, 3280, 3226, 3020, 2903, 2760, 2715, 2506, 2489, 2469, 2371, 2307, 2052, 2008, 1964, 1950, 1918, 1886, 1843, 1831, 1821, 1747, 1635, 1472, 1373, 1365, 1361, 1345, 1306, 1213, 1050, 976, 974, 849, 410, 389, 366, 352, 351, 348, 185, 107, 0]",2124.77,52.0,0.28362710690188675,0.31954826791002455,6039.999999999999,0.0
"[3987, 3973, 3887, 3878, 3843, 3749, 3717, 3346, 2990, 2700, 2469, 2306, 2052, 1972, 1950, 1821, 1812, 1692, 1676, 1421, 1418, 1306, 1167, 1158, 1050, 902, 811, 681, 540, 410, 351, 304, 179, 107, 27, 0]",2023.6499999999999,36.0,0.31920765478696456,0.33115859420599847,4099.999999999999,0.0
"[1008, 107]",884.68,2.000000000000001,0.5971342788600444,0.774459207681168,1201.0000000000002,0.0
"[3390, 3365, 2469, 2307, 2236, 2055, 1831, 1575, 1050, 351, 107, 0]",1866.39,11.999999999999998,0.34284330231678617,0.44427659275976916,2922.0000000000005,0.0
"[4028, 3966, 3963, 3944, 3917, 3895, 3887, 3878, 3803, 3797, 3624, 3581, 3578, 3450, 3415, 3407, 3384, 3283, 2931, 2929, 2903, 2898, 2889, 2809, 2804, 2800, 2489, 2469, 2420, 2372, 2371, 2258, 2236, 2138, 2008, 1950, 1918, 1898, 1887, 1884, 1851, 1831, 1821, 1786, 1771, 1757, 1744, 1404, 1380, 1373, 1361, 1345, 1267, 1234, 1213, 1050, 857, 849, 847, 834, 811, 741, 410, 366, 352, 351, 348, 304, 260, 203, 179, 107, 0]",2168.36,73.0,0.26573558813595266,0.3115481765856807,6774.0,0.0
"[3908, 3636, 3472, 3427, 3425, 3415, 3407, 3384, 3371, 3054, 2898, 2889, 2804, 2763, 2612, 2446, 2372, 2241, 2236, 1950, 1851, 1842, 1830, 1821, 1802, 1787, 1433, 1407, 1380, 1373, 1363, 1361, 1326, 1274, 1263, 1213, 1090, 955, 857, 847, 834, 808, 757, 425, 389, 366, 356, 352, 351, 304, 226, 206, 203, 186, 107]",2086.11,55.0,0.27857082156632806,0.24926798663315675,6092.000000000001,0.0
"[1821, 1433, 351, 107, 104, 0]",1839.18,6.000000000000004,0.3632903076395667,0.6458414009545692,2900.999999999999,0.0
"[3486, 3280, 3226, 2715, 2587, 2138, 2088, 1831, 1821, 1757, 1373, 1050, 793, 352, 351, 107, 0]",1976.34,17.000000000000004,0.324970753581744,0.40455378841065515,4468.000000000001,0.0
"[3878, 3843, 2307, 2294, 2236, 2055, 1884, 1831, 1821, 811, 793, 492, 366, 352, 351, 107, 25, 0]",2025.51,18.000000000000004,0.31155935430592385,0.47757474123518584,4460.0,0.0
"[1821, 1495, 366, 351, 107, 104]",1825.38,6.000000000000004,0.37259248885731133,0.5941164688269059,2811.000000000001,0.0
"[4025, 3843, 3486, 3280, 3226, 3054, 2715, 2469, 2307, 2306, 2052, 1950, 1831, 1821, 1757, 1635, 1407, 1306, 1050, 757, 638, 473, 352, 351, 107, 0]",2012.39,26.0,0.3150019854824778,0.33240084194923636,4597.0,0.0
"[4036, 3978, 3966, 3908, 3878, 3803, 3797, 3787, 3537, 3520, 3493, 3486, 3471, 3427, 3425, 3415, 3407, 3384, 3371, 3283, 3280, 3226, 3020, 2951, 2929, 2898, 2889, 2715, 2587, 2506, 2462, 2458, 2428, 2418, 2372, 2371, 2258, 2138, 2088, 2013, 2009, 1918, 1896, 1887, 1884, 1851, 1843, 1842, 1831, 1821, 1757, 1747, 1635, 1518, 1434, 1433, 1422, 1380, 1373, 1365, 1363, 1361, 1345, 1050, 1000, 974, 957, 889, 857, 849, 847, 834, 808, 793, 411, 366, 356, 352, 351, 349, 348, 304, 226, 185, 107, 0]",2182.63,86.0,0.26719822443069674,0.19245127398672623,8060.999999999998,0.0
"[3963, 3908, 3895, 3823, 3743, 3624, 3520, 3453, 3450, 3427, 3425, 3415, 3407, 3384, 3371, 3293, 2966, 2898, 2889, 2804, 2778, 2766, 2765, 2700, 2428, 2404, 2372, 2266, 2258, 2200, 1918, 1851, 1842, 1831, 1830, 1821, 1802, 1787, 1676, 1407, 1404, 1363, 1361, 1274, 1263, 1260, 1158, 990, 857, 849, 834, 808, 757, 730, 691, 540, 352, 351, 304, 198, 179, 107, 27, 26, 0]",2112.62,65.0,0.27809302935553026,0.19714084159831569,6097.999999999999,0.0
"[4036, 3978, 3966, 3955, 3908, 3803, 3797, 3520, 3493, 3486, 3471, 3427, 3425, 3415, 3407, 3384, 3371, 3365, 3293, 3283, 3020, 2951, 2929, 2898, 2889, 2804, 2778, 2766, 2700, 2506, 2462, 2458, 2428, 2418, 2372, 2307, 2258, 2236, 2147, 2055, 2013, 2009, 1918, 1896, 1842, 1831, 1830, 1821, 1802, 1787, 1757, 1676, 1575, 1511, 1434, 1433, 1422, 1380, 1363, 1361, 1274, 1263, 1260, 1234, 1213, 1000, 974, 957, 889, 857, 849, 847, 834, 808, 730, 411, 356, 352, 351, 304, 206, 203, 198, 179, 107, 0]",2154.92,86.0,0.2691878971046895,0.14968498015860443,7398.0,0.0
"[4028, 3966, 3963, 3917, 3878, 3877, 3843, 3803, 3797, 3727, 3684, 3682, 3537, 3521, 3520, 3453, 3346, 3283, 3226, 3054, 3020, 2903, 2898, 2841, 2804, 2800, 2763, 2587, 2506, 2489, 2469, 2428, 2371, 2307, 2241, 2236, 2009, 2008, 1918, 1887, 1831, 1821, 1786, 1771, 1747, 1511, 1472, 1407, 1373, 1361, 1345, 1306, 1234, 1213, 976, 922, 849, 793, 741, 684, 410, 366, 352, 351, 348, 206, 203, 179, 107, 0]",2159.39,70.0,0.2782180465298223,0.2503706074954548,6721.0,0.0
"[3963, 3917, 3887, 3878, 3843, 3830, 3797, 3581, 3578, 3537, 3407, 3283, 3280, 3226, 2889, 2804, 2715, 2469, 2371, 2258, 2138, 2088, 2008, 1950, 1918, 1887, 1886, 1884, 1862, 1843, 1831, 1821, 1786, 1768, 1757, 1635, 1373, 1365, 1345, 1306, 1267, 1213, 1050, 889, 849, 847, 811, 757, 741, 410, 389, 366, 352, 351, 349, 348, 304, 185, 184, 107, 0]",2150.73,61.0,0.27683013789851185,0.3800541118616695,6987.000000000002,0.0
"[1821, 1495, 366, 351, 107]",1808.37,5.0000000000000036,0.38578623097727693,0.635271186540308,2778.9999999999995,0.0
"[3878, 3843, 2709, 2294, 2236, 2055, 1884, 1831, 1821, 1511, 1000, 811, 793, 492, 366, 352, 351, 107, 25, 0]",2035.48,19.999999999999993,0.31156304830386605,0.4694892187973507,4500.0,0.0
"[4036, 3978, 3966, 3955, 3908, 3803, 3797, 3520, 3493, 3486, 3471, 3427, 3425, 3415, 3407, 3384, 3371, 3365, 3293, 3283, 3020, 2951, 2929, 2898, 2889, 2804, 2766, 2700, 2506, 2462, 2458, 2428, 2418, 2372, 2307, 2258, 2236, 2147, 2055, 2013, 2009, 1918, 1896, 1842, 1831, 1830, 1821, 1802, 1787, 1757, 1676, 1575, 1511, 1434, 1433, 1422, 1380, 1363, 1361, 1274, 1263, 1260, 1234, 1213, 1100, 1000, 974, 957, 889, 857, 849, 847, 834, 808, 730, 632, 411, 356, 352, 351, 304, 206, 203, 198, 179, 107, 0]",2152.95,87.0,0.26510879155869893,0.14530758830091406,7574.000000000001,0.0
"[4028, 3987, 3966, 3944, 3917, 3887, 3878, 3843, 3803, 3797, 3780, 3644, 3521, 3520, 3453, 3450, 3415, 3407, 3346, 3283, 3020, 2999, 2998, 2931, 2929, 2903, 2898, 2889, 2804, 2800, 2506, 2489, 2469, 2428, 2420, 2372, 2371, 2307, 2306, 2258, 2236, 2138, 2055, 1972, 1950, 1918, 1898, 1887, 1831, 1821, 1812, 1786, 1771, 1757, 1747, 1472, 1421, 1418, 1404, 1380, 1373, 1361, 1345, 1306, 1267, 1234, 1213, 957, 857, 849, 847, 811, 793, 741, 641, 410, 366, 352, 351, 348, 304, 286, 206, 203, 179, 107, 25, 0]",2183.95,88.0,0.2652056910275743,0.21832542862333715,7811.000000000001,0.0
"[4028, 3915, 3680, 3578, 3384, 3360, 3155, 3012, 2999, 2998, 2884, 2603, 2555, 2469, 2428, 2354, 2052, 1950, 1918, 1851, 1821, 1787, 1747, 1635, 1575, 1521, 1504, 1407, 1374, 1373, 1310, 1064, 1050, 834, 766, 410, 363, 352, 351, 198, 179, 107, 0]",2067.94,43.00000000000001,0.28911106545923393,0.2778644930221019,5236.000000000001,0.0
"[2294, 2236, 2055, 1832, 1821, 1511, 1000, 492, 352, 351, 107, 25, 0]",1951.54,13.0,0.3403957440017431,0.47937991408906433,3977.9999999999995,0.0
"[4028, 3963, 3895, 3578, 3384, 3282, 3155, 3012, 2999, 2998, 2884, 2841, 2812, 2555, 2489, 2428, 1960, 1867, 1831, 1747, 1635, 1521, 1504, 1374, 1373, 1096, 834, 510, 417, 395, 363, 352, 351, 349, 198, 179, 107, 0]",1987.38,38.0,0.2977123438423497,0.30210576653259924,4754.0,0.0
"[3577, 3452, 3159, 3155, 2587, 2428, 2140, 2052, 1950, 1821, 1653, 1373, 441, 439, 351, 348, 107, 26, 0]",1981.31,19.000000000000004,0.32266680440696605,0.38882656323814735,4115.999999999999,0.0
"[3878, 3843, 3797, 3537, 3283, 3280, 3226, 2715, 2469, 2371, 2307, 2306, 2052, 1950, 1843, 1831, 1821, 1757, 1747, 1373, 1365, 1345, 1306, 1050, 557, 410, 366, 352, 351, 348, 185, 107, 0]",2069.12,33.0,0.2942325615995536,0.4052501835928751,5369.999999999999,0.0
"[3908, 3878, 3803, 3797, 3787, 3537, 3486, 3427, 3425, 3415, 3407, 3384, 3371, 3283, 3280, 3226, 2929, 2898, 2889, 2785, 2715, 2587, 2428, 2418, 2372, 2258, 2138, 2088, 1896, 1887, 1884, 1851, 1843, 1842, 1831, 1821, 1757, 1747, 1635, 1380, 1373, 1365, 1363, 1361, 1345, 1050, 974, 889, 857, 849, 847, 834, 808, 793, 366, 356, 352, 351, 349, 348, 304, 226, 185, 107, 0]",2153.06,65.0,0.263149651582292,0.3218593813736097,6979.000000000001,0.0
"[2294, 1832, 1821, 1802, 1511, 1000, 492, 389, 352, 351, 107, 0]",1931.78,11.999999999999998,0.3252510625399161,0.5294872320021056,3807.999999999999,0.0
"[3251, 2841, 2624, 2449, 2236, 2055, 1950, 1821, 1433, 1310, 1050, 757, 366, 304, 107, 0]",1925.79,16.0,0.33108985420079085,0.41246782568243523,2998.9999999999986,0.0
"[4028, 3966, 3963, 3944, 3917, 3895, 3887, 3878, 3803, 3797, 3624, 3581, 3578, 3450, 3415, 3407, 3384, 3283, 2931, 2929, 2903, 2898, 2889, 2809, 2804, 2800, 2489, 2469, 2420, 2372, 2371, 2258, 2236, 2138, 2055, 2008, 1950, 1918, 1898, 1887, 1884, 1851, 1831, 1821, 1786, 1771, 1757, 1744, 1404, 1380, 1373, 1361, 1345, 1267, 1234, 1213, 1045, 857, 849, 834, 811, 741, 410, 366, 352, 351, 348, 304, 260, 203, 179, 107, 0]",2174.43,73.0,0.26376004193216707,0.31386414034582344,6873.999999999999,0.0
"[2138, 2055, 1884, 1831, 1821, 793, 352, 351, 107, 0]",1947.75,9.999999999999996,0.3279705618905686,0.5751630086982369,3911.0000000000005,0.0
"[4028, 3895, 3803, 3680, 3578, 3384, 3155, 3012, 2999, 2998, 2884, 2555, 2428, 2354, 2241, 2236, 2055, 1925, 1918, 1851, 1831, 1821, 1747, 1635, 1521, 1504, 1374, 1373, 1213, 834, 466, 395, 363, 352, 351, 198, 179, 107, 32, 25, 0]",2071.11,41.0,0.2752771256748483,0.2947604013548766,5219.0,0.0
"[4028, 3963, 3895, 3578, 3384, 3282, 3155, 3012, 2999, 2998, 2905, 2884, 2812, 2555, 2428, 2354, 2055, 1925, 1831, 1821, 1747, 1635, 1521, 1504, 1374, 1373, 1096, 834, 768, 510, 395, 363, 352, 351, 198, 179, 107, 32, 0]",2036.95,39.0,0.28948592282962227,0.28806897598343106,5227.000000000001,0.0
"[4038, 3966, 3803, 3797, 3684, 3682, 3537, 3365, 3283, 3280, 3054, 2903, 2800, 2760, 2506, 2428, 2258, 2138, 2055, 2008, 1887, 1886, 1884, 1831, 1821, 1771, 1747, 1617, 1511, 1433, 1407, 1373, 1365, 1361, 1000, 976, 974, 849, 741, 366, 352, 351, 348, 107, 98, 0]",2093.29,45.99999999999999,0.27794800129914177,0.301340377383188,6352.999999999998,0.0
"[4028, 3987, 3966, 3917, 3887, 3878, 3843, 3803, 3797, 3780, 3537, 3521, 3520, 3453, 3346, 3283, 3020, 2998, 2903, 2889, 2804, 2800, 2506, 2489, 2469, 2428, 2371, 2307, 2306, 2258, 2236, 2138, 2055, 2009, 2008, 1972, 1950, 1918, 1887, 1831, 1821, 1812, 1786, 1771, 1757, 1747, 1511, 1472, 1433, 1421, 1418, 1404, 1373, 1361, 1345, 1306, 1267, 1234, 1213, 1000, 976, 849, 811, 793, 741, 410, 366, 352, 351, 348, 304, 206, 203, 179, 107, 25, 0]",2167.13,77.0,0.26420162683452286,0.24942492281245188,7192.999999999999,0.0
"[3989, 3452, 3159, 3155, 2980, 2587, 2140, 1950, 1821, 1653, 1373, 974, 441, 410, 351, 348, 107, 26]",1947.43,18.000000000000004,0.3275646767806606,0.38334996809538313,3907.0,0.0
"[4028, 3803, 3680, 3578, 3486, 3384, 3280, 3226, 3155, 3012, 2884, 2715, 2587, 2555, 2428, 2241, 2138, 2088, 1918, 1851, 1831, 1821, 1747, 1635, 1521, 1504, 1374, 1373, 1213, 1050, 834, 793, 366, 363, 352, 351, 226, 198, 107, 0]",2069.52,40.0,0.2879847925942671,0.306098069709981,5435.000000000001,0.0
"[3978, 3966, 3955, 3908, 3833, 3636, 3427, 3425, 3415, 3407, 3384, 3371, 3054, 2966, 2951, 2929, 2898, 2889, 2847, 2804, 2763, 2612, 2418, 2372, 2241, 2236, 2055, 1918, 1896, 1851, 1842, 1831, 1830, 1821, 1802, 1787, 1434, 1422, 1410, 1407, 1380, 1373, 1363, 1361, 1326, 1274, 1263, 1234, 1213, 955, 857, 847, 834, 808, 757, 446, 425, 411, 389, 366, 356, 352, 351, 226, 206, 203, 186, 179, 107, 0]",2143.38,70.0,0.2674692343987164,0.1944784706175865,7177.0,0.0
"[3917, 3803, 3684, 3624, 3585, 3537, 3493, 3407, 3283, 3020, 2889, 2841, 2763, 2469, 2241, 2236, 2008, 1960, 1887, 1858, 1831, 1821, 1771, 1747, 1428, 1373, 1234, 1213, 1043, 849, 847, 684, 417, 395, 366, 352, 351, 349, 339, 206, 203, 179, 107, 0]",2108.45,44.00000000000001,0.27619088700624583,0.3515852385226985,6161.0,0.0
"[4028, 3966, 3955, 3895, 3680, 3578, 3360, 3313, 3155, 3012, 2999, 2998, 2884, 2804, 2603, 2555, 2469, 2428, 2418, 2354, 2052, 1950, 1918, 1851, 1787, 1747, 1635, 1575, 1521, 1504, 1374, 1373, 1360, 1310, 1274, 1064, 1050, 889, 834, 766, 410, 363, 352, 351, 198, 179, 107, 0]",2008.79,48.0,0.2894663200582588,0.25838272200465795,4856.0,0.0
"[3878, 3797, 3537, 3283, 3126, 2800, 2371, 2258, 2236, 2138, 2055, 1950, 1887, 1884, 1831, 1821, 1771, 1757, 1747, 1635, 1433, 1380, 1373, 1365, 1345, 1213, 741, 684, 641, 366, 352, 351, 349, 348, 194, 179, 107, 0]",2091.41,38.0,0.2766193702814561,0.4102394860644245,5947.999999999998,0.0
"[3803, 3486, 3280, 3226, 3054, 2715, 2587, 2138, 2088, 1831, 1821, 1757, 1635, 1407, 1373, 757, 638, 473, 366, 352, 351, 226, 107, 0]",2027.37,24.0,0.313847021477204,0.36171392383174394,5056.000000000002,0.0
"[3878, 3803, 3797, 3537, 3486, 3371, 3283, 3280, 3226, 2715, 2587, 2371, 2258, 2138, 2088, 1974, 1884, 1843, 1842, 1831, 1821, 1757, 1747, 1635, 1433, 1373, 1345, 1050, 808, 793, 366, 352, 351, 349, 348, 304, 226, 185, 107, 0]",2113.77,40.0,0.2803208629590921,0.39903704018094743,6046.0,0.0
"[3908, 3895, 3830, 3561, 3493, 3427, 3425, 3407, 3384, 3371, 3280, 3107, 2898, 2889, 2763, 2630, 2469, 2372, 2241, 2138, 2088, 1960, 1896, 1858, 1851, 1842, 1831, 1821, 1403, 1380, 1373, 1363, 1361, 1050, 955, 857, 847, 834, 808, 537, 446, 417, 366, 356, 352, 351, 349, 304, 226, 186, 107, 0]",2135.57,52.0,0.27837296519757615,0.3344656058904105,6407.999999999999,0.0
"[4036, 3978, 3966, 3955, 3908, 3803, 3797, 3520, 3493, 3486, 3471, 3427, 3425, 3415, 3407, 3384, 3371, 3365, 3293, 3283, 3020, 2929, 2898, 2889, 2804, 2778, 2766, 2700, 2506, 2462, 2458, 2428, 2418, 2372, 2307, 2258, 2236, 2147, 2055, 2013, 2009, 1918, 1896, 1842, 1831, 1830, 1821, 1802, 1787, 1757, 1676, 1575, 1511, 1434, 1433, 1422, 1380, 1363, 1361, 1274, 1263, 1260, 1234, 1213, 974, 957, 889, 857, 849, 847, 834, 808, 730, 411, 356, 352, 351, 304, 206, 203, 198, 179, 107, 0]",2151.06,84.0,0.2695500847314638,0.15388815428928626,7238.000000000001,0.0
"[3917, 3803, 3684, 3624, 3605, 3585, 3537, 3493, 3407, 3326, 3283, 3020, 2889, 2841, 2763, 2469, 2241, 2236, 2008, 1960, 1918, 1887, 1858, 1831, 1821, 1771, 1428, 1373, 1234, 1213, 1043, 849, 847, 684, 417, 395, 366, 352, 351, 349, 339, 206, 203, 179, 107, 0]",2114.41,45.99999999999999,0.28437823764144166,0.37748596823389113,6345.0,0.0
"[3908, 3895, 3486, 3450, 3427, 3425, 3415, 3407, 3384, 3371, 3280, 3226, 3054, 2898, 2889, 2763, 2630, 2434, 2372, 2138, 2088, 1896, 1851, 1842, 1831, 1830, 1821, 1802, 1380, 1373, 1363, 1361, 1263, 1050, 955, 857, 847, 834, 808, 793, 446, 389, 366, 356, 352, 351, 304, 226, 186, 107, 0]",2117.21,51.0,0.2693797976763377,0.3069435514661387,6264.000000000002,0.0
"[3963, 3917, 3887, 3878, 3830, 3797, 3581, 3578, 3537, 3536, 3407, 3283, 3280, 3226, 2889, 2804, 2715, 2469, 2371, 2258, 2138, 2088, 2008, 1950, 1918, 1887, 1886, 1884, 1862, 1843, 1831, 1821, 1786, 1768, 1757, 1635, 1373, 1365, 1345, 1306, 1267, 1213, 1050, 889, 849, 847, 811, 757, 741, 641, 410, 389, 366, 352, 351, 349, 348, 304, 185, 184, 107, 0]",2150.94,62.0,0.2697782520022356,0.3785752434480285,7013.999999999999,0.0
"[3600, 3226, 3153, 2990, 2587, 2540, 2428, 2319, 1918, 1433, 1115, 639, 361, 107, 0]",1767.35,15.000000000000002,0.3700541058530944,0.4213526890957715,2236.9999999999995,0.0
"[4028, 3987, 3966, 3944, 3917, 3887, 3878, 3843, 3803, 3797, 3537, 3521, 3520, 3453, 3450, 3415, 3407, 3346, 3283, 3020, 2999, 2998, 2931, 2929, 2903, 2898, 2804, 2800, 2506, 2489, 2469, 2428, 2420, 2372, 2371, 2307, 2258, 2236, 2138, 2055, 2020, 2009, 2008, 1972, 1950, 1918, 1898, 1887, 1831, 1821, 1812, 1786, 1771, 1757, 1747, 1696, 1472, 1433, 1421, 1418, 1404, 1380, 1373, 1361, 1345, 1306, 1267, 1234, 1213, 976, 957, 857, 849, 847, 811, 793, 741, 410, 366, 352, 351, 348, 304, 226, 206, 203, 179, 107, 0]",2190.45,89.0,0.2665893943563614,0.16282964402371292,7827.999999999999,0.0
"[4036, 3978, 3966, 3955, 3908, 3803, 3797, 3520, 3493, 3486, 3471, 3427, 3425, 3415, 3407, 3384, 3371, 3365, 3293, 3283, 3020, 2929, 2898, 2889, 2804, 2778, 2766, 2708, 2700, 2506, 2462, 2458, 2428, 2418, 2372, 2258, 2236, 2147, 2055, 2013, 2009, 1918, 1896, 1842, 1831, 1830, 1821, 1802, 1787, 1757, 1676, 1575, 1511, 1434, 1433, 1422, 1380, 1363, 1361, 1274, 1263, 1260, 1234, 1213, 974, 957, 889, 857, 849, 847, 834, 808, 730, 632, 411, 356, 352, 351, 304, 206, 203, 198, 179, 107, 0]",2153.74,85.0,0.26906530326687816,0.15041552511677836,7385.0,0.0
"[4011, 3577, 3159, 3155, 2990, 2140, 2138, 2055, 1884, 1831, 1821, 1653, 1373, 793, 352, 351, 348, 107, 0]",2011.54,19.000000000000004,0.3053630500758596,0.40852583826674804,4947.0,0.0
"[2656, 1433, 366, 107]",1486.68,4.000000000000003,0.4477658482628595,0.6784383630167424,1484.9999999999993,0.0
"[3803, 3486, 3280, 3226, 3054, 2715, 2587, 2138, 2088, 1831, 1821, 1802, 1757, 1635, 1407, 1373, 1188, 1158, 757, 473, 366, 352, 351, 226, 107, 0]",2043.8400000000001,26.0,0.3017343840280369,0.3882594982512064,5158.000000000001,0.0
"[4028, 3987, 3966, 3944, 3917, 3887, 3878, 3843, 3803, 3797, 3780, 3537, 3521, 3520, 3453, 3450, 3415, 3407, 3346, 3283, 3126, 3020, 2999, 2998, 2931, 2929, 2903, 2898, 2804, 2800, 2506, 2489, 2469, 2428, 2420, 2372, 2371, 2307, 2306, 2258, 2236, 2138, 2055, 2020, 2009, 2008, 1972, 1950, 1918, 1898, 1887, 1831, 1821, 1812, 1786, 1771, 1757, 1747, 1472, 1433, 1421, 1418, 1404, 1380, 1373, 1361, 1345, 1306, 1267, 1234, 1213, 957, 857, 849, 847, 811, 741, 641, 548, 410, 366, 352, 351, 348, 304, 206, 203, 179, 107, 0]",2186.79,90.0,0.26824822151604977,0.15738780578620237,7928.000000000001,0.0
"[3908, 3624, 3486, 3427, 3425, 3415, 3407, 3384, 3371, 3280, 3226, 3054, 2929, 2898, 2889, 2804, 2763, 2612, 2587, 2418, 2372, 2241, 2088, 2055, 1896, 1851, 1842, 1831, 1830, 1821, 1802, 1787, 1735, 1407, 1380, 1363, 1361, 1326, 1263, 955, 857, 847, 834, 808, 793, 757, 446, 366, 356, 352, 351, 304, 226, 186, 107, 0]",2123.17,56.00000000000001,0.26720727109835596,0.22823437324481288,6126.999999999999,0.0
"[3917, 3803, 3684, 3624, 3605, 3600, 3537, 3486, 3407, 3326, 3283, 3226, 3020, 2889, 2763, 2587, 2241, 2236, 2008, 1918, 1887, 1858, 1830, 1821, 1802, 1771, 1373, 1234, 1213, 1043, 849, 847, 808, 684, 389, 366, 352, 351, 349, 339, 206, 203, 107, 90, 26, 0]",2101.34,45.99999999999999,0.2723549139984416,0.3039665574407999,6107.000000000001,0.0
"[4028, 3987, 3966, 3917, 3887, 3878, 3843, 3803, 3797, 3780, 3537, 3521, 3520, 3453, 3346, 3283, 3020, 2998, 2903, 2889, 2841, 2804, 2800, 2506, 2489, 2469, 2449, 2428, 2371, 2307, 2306, 2258, 2236, 2055, 2009, 2008, 1972, 1950, 1918, 1831, 1821, 1812, 1786, 1771, 1757, 1747, 1511, 1472, 1433, 1421, 1418, 1404, 1373, 1361, 1345, 1306, 1267, 1234, 1213, 1023, 1000, 976, 849, 811, 793, 757, 741, 410, 366, 352, 351, 348, 304, 206, 203, 107, 0]",2174.08,77.0,0.2598077097011273,0.2495630839962143,7203.999999999999,0.0
"[2841, 2055, 1884, 1831, 1821, 1457, 352, 351, 107, 0]",1955.73,9.999999999999996,0.3273044688312008,0.6063810993039056,4004.999999999999,0.0
"[3878, 3843, 3129, 2709, 2294, 2236, 2055, 1884, 1831, 1821, 1511, 1407, 1000, 811, 793, 757, 366, 352, 351, 107, 25, 0]",2041.95,21.999999999999996,0.3137247784431163,0.42861703041179544,4520.0,0.0
"[3803, 3624, 3581, 3283, 2841, 2469, 2236, 1960, 1858, 1831, 1821, 1747, 1428, 1373, 1234, 1213, 417, 395, 366, 352, 351, 349, 206, 203, 179, 107, 0]",2070.5,27.0,0.28973809174036613,0.43501791309792526,5263.0,0.0
"[3908, 3895, 3830, 3561, 3493, 3427, 3425, 3407, 3384, 3371, 3280, 3226, 2898, 2889, 2763, 2715, 2630, 2587, 2372, 2241, 2138, 2088, 1960, 1896, 1858, 1851, 1842, 1831, 1821, 1403, 1380, 1373, 1361, 1050, 955, 857, 847, 834, 808, 793, 446, 366, 356, 352, 351, 349, 304, 226, 186, 107, 0]",2135.75,51.0,0.28375444239693737,0.34304208358851196,6359.000000000002,0.0
"[4028, 3987, 3966, 3944, 3917, 3887, 3878, 3877, 3843, 3803, 3797, 3537, 3521, 3520, 3486, 3453, 3451, 3450, 3415, 3407, 3346, 3283, 3280, 3020, 2998, 2931, 2929, 2903, 2898, 2889, 2804, 2763, 2506, 2489, 2469, 2428, 2420, 2372, 2371, 2307, 2306, 2241, 2236, 2204, 2138, 2055, 2020, 2009, 2008, 1972, 1950, 1918, 1898, 1887, 1831, 1821, 1812, 1786, 1771, 1757, 1747, 1511, 1472, 1433, 1421, 1404, 1380, 1373, 1361, 1345, 1306, 1234, 1213, 1000, 976, 957, 857, 849, 847, 811, 793, 487, 410, 366, 352, 351, 348, 304, 206, 179, 107, 98, 0]",2200.63,93.0,0.2613585165924158,0.16462898570510576,7936.999999999998,0.0
"[3803, 3797, 3283, 3054, 2446, 2236, 2138, 1950, 1831, 1821, 1757, 1747, 1433, 1407, 1373, 1234, 757, 607, 389, 366, 352, 351, 226, 107, 0]",2043.5,25.0,0.2947653504790757,0.3897003766611691,5236.999999999999,0.0
"[3990, 3952, 3908, 3895, 3797, 3784, 3780, 3452, 3407, 3384, 3326, 3283, 3126, 2999, 2998, 2889, 2884, 2804, 2469, 2371, 2354, 2307, 2236, 2133, 2055, 1950, 1918, 1851, 1842, 1821, 1812, 1809, 1786, 1757, 1433, 1363, 1361, 1345, 1283, 1267, 1213, 1048, 1037, 834, 828, 793, 741, 684, 410, 351, 203, 198, 179, 107, 0]",2074.76,55.0,0.28439028614960815,0.24556013672797894,5365.0,0.0
"[3966, 3944, 3908, 3624, 3581, 3486, 3427, 3425, 3415, 3407, 3384, 3371, 3280, 3226, 3054, 2931, 2929, 2903, 2898, 2889, 2809, 2804, 2800, 2763, 2612, 2587, 2566, 2420, 2418, 2372, 2241, 2088, 2055, 2008, 1918, 1898, 1896, 1887, 1851, 1842, 1831, 1830, 1821, 1802, 1787, 1771, 1735, 1407, 1404, 1380, 1363, 1361, 1326, 1263, 955, 857, 847, 834, 808, 793, 757, 446, 366, 356, 352, 351, 304, 226, 186, 107, 0]",2163.56,71.0,0.26130791529592323,0.2634595312557644,6557.999999999999,0.0
"[2841, 2294, 2055, 1884, 1831, 1821, 1511, 1457, 1000, 757, 366, 352, 351, 107, 0]",2015.34,15.000000000000002,0.3138812765993759,0.4914937725130004,4426.000000000001,0.0
"[4028, 3749, 3648, 3384, 3368, 3155, 3153, 3012, 2999, 2998, 2884, 2841, 2469, 2428, 2236, 2140, 1960, 1851, 1747, 1374, 1373, 1213, 834, 766, 681, 599, 417, 395, 351, 349, 210, 198, 107, 0]",1922.0,33.99999999999999,0.3156177356748733,0.3246493522152083,3840.0000000000005,0.0
"[3966, 3944, 3917, 3887, 3878, 3797, 3784, 3780, 3624, 3600, 3486, 3453, 3450, 3415, 3371, 3226, 3054, 3020, 2999, 2998, 2990, 2931, 2929, 2903, 2898, 2889, 2619, 2587, 2524, 2489, 2469, 2420, 2241, 2236, 2088, 1972, 1950, 1898, 1887, 1858, 1831, 1830, 1821, 1802, 1786, 1747, 1448, 1404, 1380, 1326, 1234, 1213, 859, 857, 849, 847, 811, 808, 741, 684, 681, 389, 366, 352, 351, 325, 304, 206, 203, 198, 179, 107, 90, 26, 0]",2167.46,75.0,0.25924009043447227,0.290767710321731,6702.000000000002,0.0
"[4036, 3978, 3966, 3955, 3908, 3803, 3797, 3520, 3493, 3486, 3471, 3427, 3425, 3415, 3407, 3384, 3371, 3365, 3293, 3283, 3020, 2929, 2898, 2889, 2804, 2778, 2766, 2700, 2506, 2462, 2428, 2418, 2405, 2372, 2307, 2258, 2236, 2147, 2055, 2013, 2009, 1918, 1896, 1842, 1831, 1830, 1821, 1802, 1787, 1757, 1676, 1575, 1511, 1434, 1433, 1422, 1380, 1363, 1361, 1274, 1263, 1260, 1234, 1213, 974, 957, 889, 857, 849, 847, 834, 808, 793, 730, 356, 352, 351, 304, 206, 203, 198, 107, 0]",2157.07,83.0,0.26569723789527044,0.16676092966671052,7122.000000000002,0.0
"[3600, 3585, 3294, 2990, 2668, 2587, 2428, 2319, 1918, 1428, 639, 599, 395, 107, 0]",1758.91,15.000000000000002,0.3735929322202354,0.41979791231202035,2187.000000000001,0.0
"[3486, 3280, 2715, 2138, 2055, 1925, 1831, 1821, 1635, 1373, 1050, 793, 768, 757, 638, 366, 352, 351, 107, 0]",2025.3,19.999999999999993,0.3084875985950044,0.44554805696480715,4800.000000000001,0.0
"[3878, 3803, 3797, 3629, 3537, 3486, 3384, 3371, 3283, 3280, 2715, 2587, 2371, 2258, 2138, 2088, 2055, 1974, 1884, 1851, 1843, 1842, 1832, 1831, 1821, 1757, 1747, 1635, 1433, 1373, 1365, 1345, 808, 366, 352, 351, 348, 304, 226, 185, 107, 25, 0]",2120.05,43.00000000000001,0.2815869429969631,0.40907277579692913,6008.999999999999,0.0
"[3908, 3895, 3843, 3830, 3561, 3493, 3427, 3425, 3407, 3384, 3371, 3303, 3280, 2898, 2889, 2763, 2709, 2630, 2469, 2372, 2241, 2138, 2088, 2055, 1960, 1896, 1858, 1851, 1842, 1831, 1821, 1403, 1380, 1373, 1363, 1361, 955, 857, 847, 834, 808, 793, 446, 366, 356, 352, 351, 349, 304, 226, 186, 107, 0]",2137.34,53.0,0.28465116255099043,0.33880312508236243,6439.000000000001,0.0
"[3978, 3966, 3955, 3908, 3803, 3797, 3520, 3493, 3486, 3471, 3427, 3425, 3415, 3407, 3384, 3371, 3365, 3293, 3283, 2929, 2898, 2889, 2876, 2804, 2778, 2766, 2708, 2700, 2462, 2458, 2428, 2418, 2372, 2258, 2236, 2147, 2055, 1918, 1896, 1842, 1831, 1830, 1821, 1802, 1787, 1757, 1676, 1575, 1434, 1433, 1422, 1380, 1363, 1361, 1274, 1263, 1260, 1234, 1213, 957, 889, 849, 847, 834, 808, 632, 411, 356, 352, 351, 304, 206, 203, 198, 179, 107, 0]",2141.64,77.0,0.2662961547313585,0.1754344529940316,7148.0,0.0
"[4028, 3987, 3966, 3944, 3917, 3887, 3878, 3877, 3843, 3803, 3797, 3520, 3486, 3453, 3451, 3450, 3415, 3407, 3346, 3283, 3280, 3110, 3020, 2931, 2929, 2903, 2898, 2889, 2804, 2763, 2506, 2489, 2428, 2420, 2372, 2371, 2307, 2306, 2241, 2236, 2204, 2138, 2055, 2009, 2008, 1950, 1918, 1898, 1887, 1831, 1821, 1812, 1786, 1757, 1747, 1511, 1433, 1421, 1404, 1380, 1373, 1361, 1345, 1306, 1234, 1213, 1000, 957, 857, 849, 847, 811, 793, 487, 366, 352, 351, 348, 304, 206, 179, 107, 98, 0]",2181.87,84.0,0.2709558360966444,0.23254201916820316,7743.999999999999,0.0
"[4028, 3987, 3966, 3944, 3917, 3887, 3878, 3843, 3624, 3537, 3521, 3520, 3493, 3453, 3451, 3450, 3415, 3407, 3346, 3283, 3020, 2998, 2929, 2903, 2898, 2841, 2804, 2630, 2506, 2489, 2469, 2428, 2420, 2372, 2371, 2307, 2306, 2241, 2236, 2020, 2009, 2008, 1972, 1960, 1950, 1918, 1898, 1887, 1858, 1831, 1821, 1812, 1786, 1747, 1472, 1433, 1428, 1421, 1418, 1404, 1380, 1361, 1345, 1306, 1267, 1243, 1234, 1213, 1144, 976, 957, 857, 849, 847, 811, 793, 684, 487, 417, 410, 395, 366, 352, 351, 349, 348, 304, 206, 203, 179, 107, 0]",2199.0,92.0,0.2703531058215576,0.2357035047795797,8073.0,0.0
"[3843, 3803, 3624, 3581, 3283, 3031, 2841, 2469, 2236, 1960, 1858, 1831, 1821, 1747, 1428, 1373, 1234, 1213, 417, 395, 366, 352, 351, 206, 203, 179, 107, 0]",2065.09,28.0,0.2978808009721503,0.4336053742722794,5148.999999999999,0.0
"[4028, 3987, 3966, 3944, 3917, 3887, 3878, 3843, 3803, 3797, 3537, 3521, 3520, 3453, 3451, 3450, 3415, 3407, 3346, 3283, 3020, 2998, 2992, 2931, 2929, 2903, 2898, 2889, 2804, 2800, 2506, 2489, 2469, 2428, 2420, 2372, 2371, 2307, 2306, 2258, 2236, 2138, 2055, 1972, 1950, 1918, 1898, 1887, 1831, 1821, 1812, 1786, 1771, 1757, 1747, 1472, 1433, 1421, 1418, 1404, 1380, 1373, 1361, 1345, 1306, 1267, 1234, 1213, 976, 957, 857, 849, 847, 811, 793, 741, 410, 366, 352, 351, 348, 304, 206, 203, 179, 107, 25, 0]",2188.59,88.0,0.2558408196394104,0.21844582439796023,7982.0,0.0
"[3878, 3129, 2709, 2556, 2294, 2236, 2055, 1884, 1831, 1821, 1511, 1407, 1000, 811, 793, 757, 366, 352, 351, 349, 107, 25, 0]",2052.99,22.999999999999996,0.30100930205719734,0.4290611060754881,4661.0,0.0
"[4028, 3987, 3966, 3917, 3887, 3878, 3843, 3803, 3797, 3780, 3544, 3520, 3453, 3450, 3415, 3407, 3346, 3283, 2999, 2998, 2931, 2903, 2898, 2889, 2804, 2800, 2489, 2469, 2428, 2420, 2372, 2371, 2307, 2306, 2258, 2236, 2138, 2055, 1972, 1950, 1918, 1898, 1887, 1831, 1821, 1812, 1786, 1771, 1747, 1472, 1433, 1421, 1418, 1404, 1380, 1373, 1361, 1345, 1306, 1267, 1234, 1213, 957, 857, 849, 847, 811, 793, 741, 410, 366, 352, 351, 349, 348, 304, 206, 203, 179, 107, 25, 0]",2181.77,82.0,0.2654179536590797,0.2381681329875398,7938.0,0.0
"[3908, 3895, 3561, 3486, 3450, 3427, 3425, 3415, 3407, 3384, 3371, 3280, 3226, 3054, 2929, 2898, 2889, 2763, 2630, 2372, 2241, 2138, 2088, 1898, 1896, 1851, 1842, 1831, 1830, 1821, 1802, 1771, 1490, 1380, 1373, 1363, 1361, 1263, 1050, 955, 857, 847, 834, 808, 793, 446, 389, 366, 356, 352, 351, 304, 226, 186, 107, 0]",2130.01,56.00000000000001,0.2644218671462877,0.2861531139259508,6640.000000000002,0.0
"[3878, 3803, 3797, 3629, 3537, 3486, 3384, 3371, 3283, 3280, 2715, 2587, 2504, 2371, 2258, 2138, 2088, 2055, 1974, 1884, 1851, 1843, 1842, 1832, 1831, 1821, 1757, 1747, 1635, 1511, 1433, 1373, 1365, 1345, 808, 366, 352, 351, 348, 304, 226, 185, 107, 25, 0]",2117.98,44.99999999999999,0.2849856425449291,0.4029013408321451,6031.0,0.0
"[4036, 3908, 3843, 3780, 3636, 3624, 3520, 3493, 3486, 3427, 3425, 3415, 3407, 3384, 3371, 3283, 3054, 3020, 2898, 2889, 2804, 2709, 2506, 2462, 2458, 2372, 2258, 2236, 2138, 2088, 1980, 1969, 1950, 1851, 1831, 1830, 1821, 1787, 1747, 1433, 1407, 1380, 1373, 1363, 1361, 1274, 1263, 1234, 1213, 957, 905, 857, 847, 834, 808, 793, 599, 411, 366, 356, 352, 351, 304, 226, 206, 179, 107, 25, 0]",2150.93,69.0,0.2690294013041984,0.21054848473340804,7170.999999999999,0.0
"[3978, 3908, 3830, 3561, 3427, 3425, 3407, 3384, 3371, 2966, 2951, 2889, 2763, 2372, 2241, 2138, 2055, 1896, 1851, 1842, 1831, 1830, 1821, 1802, 1434, 1422, 1410, 1403, 1380, 1373, 1361, 1326, 955, 857, 847, 834, 808, 446, 425, 411, 403, 389, 366, 356, 352, 351, 349, 226, 186, 179, 107, 0]",2108.3,52.0,0.2672515209169869,0.28269480233522903,6742.000000000001,0.0
"[3441, 2446, 2127, 1821, 1082, 757, 351, 107, 0]",1849.45,8.999999999999996,0.36673881177596923,0.524594133081416,3214.0000000000005,0.0
"[3581, 2841, 2469, 2236, 2088, 1960, 1858, 1831, 1821, 1428, 417, 395, 366, 352, 351, 349, 206, 203, 179, 107, 0]",2060.73,20.999999999999996,0.30251797718766826,0.495548786179147,4848.000000000002,0.0
"[3908, 3895, 3743, 3624, 3600, 3427, 3425, 3415, 3407, 3384, 3371, 3293, 2898, 2889, 2804, 2778, 2766, 2765, 2700, 2372, 2266, 2258, 2200, 1851, 1842, 1830, 1821, 1802, 1787, 1676, 1407, 1363, 1361, 1263, 1260, 1158, 1138, 1045, 990, 857, 849, 834, 808, 730, 540, 352, 351, 304, 198, 179, 107, 27, 26, 0]",2073.51,54.0,0.28449031305087735,0.23541019142117614,5428.000000000001,0.0
"[4028, 3966, 3944, 3917, 3887, 3878, 3877, 3843, 3803, 3797, 3537, 3521, 3520, 3486, 3453, 3451, 3450, 3415, 3407, 3346, 3283, 3280, 3020, 2998, 2931, 2929, 2903, 2898, 2889, 2804, 2763, 2506, 2489, 2469, 2428, 2420, 2372, 2371, 2307, 2306, 2241, 2236, 2204, 2138, 2055, 2009, 2008, 1972, 1950, 1918, 1898, 1887, 1831, 1821, 1812, 1786, 1771, 1757, 1747, 1511, 1472, 1433, 1421, 1404, 1380, 1373, 1361, 1345, 1306, 1234, 1213, 1000, 976, 957, 857, 849, 847, 811, 793, 487, 410, 366, 352, 351, 348, 304, 206, 179, 107, 98, 0]",2195.51,91.0,0.270353376912699,0.1695060300233734,7929.0,0.0
"[4038, 3966, 3908, 3843, 3684, 3682, 3624, 3537, 3521, 3520, 3486, 3384, 3371, 3280, 3054, 2903, 2860, 2800, 2760, 2709, 2612, 2506, 2428, 2372, 2307, 2088, 2008, 1887, 1886, 1884, 1851, 1842, 1831, 1830, 1821, 1771, 1747, 1735, 1511, 1433, 1407, 1373, 1365, 1361, 1326, 1000, 976, 974, 955, 849, 834, 808, 793, 741, 446, 366, 352, 351, 349, 348, 304, 186, 107, 98, 25, 0]",2158.46,66.0,0.25769617210398676,0.23313668748789762,6815.000000000001,0.0
"[4028, 3966, 3944, 3917, 3887, 3878, 3843, 3803, 3797, 3780, 3537, 3521, 3520, 3453, 3451, 3450, 3415, 3407, 3346, 3283, 3020, 2998, 2931, 2929, 2903, 2898, 2889, 2804, 2800, 2506, 2489, 2469, 2428, 2420, 2372, 2371, 2307, 2306, 2258, 2236, 2138, 2020, 2009, 2008, 1972, 1950, 1918, 1898, 1887, 1831, 1827, 1821, 1812, 1786, 1771, 1757, 1747, 1511, 1472, 1433, 1421, 1418, 1404, 1380, 1373, 1361, 1345, 1306, 1267, 1234, 1213, 1000, 976, 957, 857, 849, 847, 811, 793, 741, 487, 410, 366, 352, 351, 349, 348, 304, 206, 203, 179, 107, 25, 0]",2203.57,94.0,0.24124427460400177,0.21195109078962882,8263.0,0.0
"[3966, 3944, 3917, 3887, 3878, 3803, 3797, 3784, 3486, 3453, 3450, 3415, 3283, 3280, 3167, 3054, 3020, 2999, 2998, 2990, 2931, 2929, 2903, 2898, 2889, 2763, 2619, 2524, 2489, 2469, 2420, 2241, 2236, 2204, 2138, 2055, 1972, 1950, 1898, 1887, 1858, 1831, 1821, 1786, 1771, 1757, 1747, 1511, 1448, 1404, 1380, 1373, 1234, 1213, 1000, 859, 857, 849, 847, 811, 741, 487, 366, 352, 351, 325, 304, 206, 203, 198, 179, 107, 98, 90, 0]",2166.43,75.0,0.27549649282889244,0.25729963063227723,7085.000000000001,0.0
"[1884, 1831, 1821, 1050, 793, 352, 351, 107, 0]",1932.52,8.999999999999996,0.32772187568494593,0.5483230844930103,3732.0,0.0
"[3581, 3226, 2715, 2469, 2236, 2088, 1960, 1858, 1831, 1821, 1428, 417, 366, 352, 351, 206, 203, 179, 107, 0]",2041.85,19.999999999999993,0.3124337847056444,0.5353853352683366,4720.000000000001,0.0
"[3908, 3895, 3878, 3843, 3824, 3415, 3407, 3384, 3371, 2898, 2889, 2709, 2372, 2294, 2236, 2055, 1884, 1851, 1842, 1831, 1821, 1802, 1787, 1511, 1363, 1361, 1274, 1000, 847, 834, 811, 808, 793, 492, 389, 366, 352, 351, 304, 107, 25, 0]",2106.31,42.0,0.27650930404630625,0.3795410379237498,5508.000000000001,0.0
"[3966, 3682, 3537, 3520, 3486, 3280, 3226, 3054, 2903, 2800, 2715, 2587, 2506, 2428, 2307, 2138, 2088, 2057, 2008, 1887, 1886, 1884, 1831, 1821, 1771, 1747, 1635, 1511, 1433, 1407, 1373, 1365, 1361, 1050, 1000, 974, 849, 793, 757, 741, 638, 366, 352, 351, 349, 348, 185, 107, 98, 0]",2124.27,50.0,0.27934111337689627,0.3296637034165635,6407.999999999999,0.0
"[3963, 3908, 3895, 3878, 3823, 3797, 3537, 3520, 3453, 3450, 3427, 3425, 3415, 3407, 3384, 3371, 3283, 3126, 2966, 2944, 2898, 2889, 2428, 2372, 2371, 2258, 2236, 2138, 1950, 1918, 1887, 1884, 1851, 1842, 1831, 1830, 1821, 1757, 1747, 1495, 1433, 1407, 1404, 1373, 1365, 1363, 1361, 1345, 1213, 990, 857, 849, 834, 808, 691, 684, 352, 351, 349, 348, 304, 194, 179, 107, 0]",2144.78,65.0,0.26652954677946106,0.22404626578624187,7148.0,0.0
"[3978, 3966, 3955, 3908, 3895, 3843, 3561, 3520, 3493, 3486, 3471, 3427, 3425, 3415, 3407, 3384, 3371, 3365, 3280, 2929, 2898, 2889, 2876, 2804, 2763, 2709, 2708, 2630, 2469, 2462, 2458, 2428, 2418, 2372, 2241, 2138, 2088, 2055, 1960, 1918, 1896, 1858, 1851, 1842, 1831, 1830, 1821, 1802, 1787, 1434, 1433, 1422, 1380, 1373, 1363, 1361, 1274, 957, 955, 889, 857, 849, 834, 808, 793, 658, 446, 411, 356, 352, 351, 349, 304, 226, 186, 107, 0]",2160.85,77.0,0.2651891120540619,0.207346291306844,7590.999999999999,0.0
"[4028, 3963, 3917, 3895, 3887, 3878, 3797, 3578, 3450, 3384, 3283, 2889, 2489, 2469, 2372, 2371, 2258, 2236, 2138, 2114, 2055, 1950, 1884, 1851, 1831, 1821, 1786, 1744, 1373, 1361, 1345, 1267, 1234, 1213, 857, 834, 811, 741, 410, 366, 352, 351, 304, 260, 203, 179, 107, 0]",2123.26,48.0,0.2705377094566581,0.3416475923634673,5765.0,0.0
"[3987, 3966, 3944, 3917, 3887, 3878, 3877, 3843, 3486, 3453, 3451, 3450, 3415, 3407, 3099, 2931, 2929, 2903, 2898, 2889, 2800, 2709, 2469, 2428, 2420, 2372, 2371, 2294, 2236, 2055, 1950, 1918, 1898, 1887, 1884, 1831, 1821, 1771, 1757, 1635, 1511, 1433, 1421, 1404, 1380, 1373, 1361, 1345, 1306, 1000, 857, 849, 847, 811, 793, 492, 410, 366, 352, 351, 349, 348, 304, 107, 25, 0]",2167.76,66.0,0.2806910326455574,0.3669529362848638,6966.999999999999,0.0
"[4036, 3978, 3966, 3955, 3908, 3803, 3797, 3520, 3493, 3486, 3471, 3427, 3425, 3415, 3407, 3384, 3371, 3365, 3293, 3283, 3020, 2951, 2929, 2898, 2889, 2804, 2766, 2700, 2506, 2462, 2458, 2428, 2418, 2372, 2307, 2258, 2236, 2147, 2055, 1918, 1896, 1842, 1831, 1830, 1821, 1802, 1787, 1757, 1676, 1575, 1434, 1433, 1422, 1380, 1363, 1361, 1274, 1263, 1260, 1234, 1213, 1100, 957, 889, 857, 849, 834, 808, 730, 411, 356, 352, 351, 304, 206, 203, 198, 179, 107, 0]",2137.53,80.0,0.2684489353246138,0.1640958777307301,7096.000000000001,0.0
"[3987, 3966, 3944, 3917, 3887, 3878, 3797, 3784, 3780, 3740, 3486, 3472, 3453, 3450, 3415, 3226, 3153, 3054, 2999, 2998, 2990, 2931, 2929, 2903, 2898, 2889, 2715, 2619, 2587, 2524, 2489, 2469, 2446, 2420, 1972, 1950, 1898, 1887, 1831, 1821, 1812, 1786, 1747, 1738, 1692, 1448, 1433, 1421, 1404, 1380, 1306, 1213, 1167, 988, 857, 849, 847, 811, 757, 741, 681, 639, 599, 540, 410, 366, 352, 351, 304, 198, 179, 107, 98, 0]",2143.19,74.0,0.2758429832421434,0.18076228440978226,6943.000000000002,0.0
"[4028, 3917, 3803, 3749, 3684, 3537, 3407, 3384, 3283, 3020, 2999, 2998, 2889, 2763, 2469, 2241, 2236, 2055, 2008, 1950, 1887, 1858, 1771, 1747, 1692, 1373, 1234, 1213, 1043, 849, 847, 681, 410, 366, 352, 351, 349, 339, 206, 203, 107, 25, 0]",2083.03,43.00000000000001,0.275850103458236,0.29012022444320384,5480.0,0.0
"[3908, 3895, 3830, 3780, 3561, 3427, 3425, 3407, 3384, 3371, 3280, 2898, 2889, 2763, 2630, 2372, 2258, 2241, 2236, 2138, 2055, 1896, 1858, 1851, 1842, 1831, 1821, 1403, 1380, 1373, 1361, 1213, 955, 857, 847, 834, 793, 446, 366, 352, 351, 349, 304, 226, 203, 186, 179, 107, 25, 0]",2125.31,50.0,0.2877303219537066,0.3461171646202912,6347.0,0.0
"[4036, 3978, 3966, 3955, 3908, 3895, 3561, 3520, 3493, 3486, 3471, 3450, 3427, 3425, 3415, 3407, 3384, 3371, 3280, 3226, 3054, 3020, 2929, 2898, 2889, 2763, 2630, 2506, 2462, 2428, 2418, 2405, 2372, 2241, 2138, 2088, 2013, 2009, 1918, 1898, 1896, 1851, 1842, 1831, 1830, 1821, 1802, 1771, 1511, 1490, 1434, 1433, 1422, 1380, 1373, 1363, 1361, 1050, 974, 957, 955, 889, 857, 849, 847, 834, 808, 793, 446, 389, 366, 356, 352, 351, 304, 226, 186, 107, 0]",2165.67,79.0,0.26796976593484123,0.19744982751774454,7725.999999999999,0.0
"[3803, 3226, 3054, 2715, 2469, 2138, 2088, 1960, 1831, 1821, 1757, 1635, 1428, 1407, 1373, 757, 638, 473, 417, 366, 352, 351, 226, 107, 0]",2035.63,25.0,0.3177393633368585,0.3680007682987345,5212.0,0.0
"[3803, 3624, 3581, 3371, 3283, 2469, 2236, 2055, 1858, 1831, 1821, 1747, 1428, 1373, 1234, 1213, 793, 575, 366, 352, 351, 349, 206, 203, 179, 107, 25, 0]",2074.08,28.0,0.2906933701309816,0.4487753735438589,5300.000000000001,0.0
"[3908, 3895, 3600, 3585, 3415, 3407, 3384, 3371, 3294, 3054, 2990, 2898, 2889, 2804, 2763, 2668, 2587, 2428, 2372, 2319, 1851, 1842, 1830, 1802, 1787, 1490, 1407, 1373, 1363, 1361, 1274, 1263, 1152, 955, 847, 834, 808, 757, 599, 446, 395, 389, 366, 352, 351, 304, 226, 186, 107, 0]",1990.58,50.0,0.3112485497649583,0.24895168742252494,5907.0,0.0
"[3908, 3624, 3486, 3427, 3425, 3415, 3407, 3384, 3371, 3280, 3226, 3054, 2929, 2898, 2889, 2804, 2763, 2612, 2587, 2418, 2372, 2241, 2138, 2088, 1896, 1851, 1842, 1831, 1830, 1821, 1802, 1787, 1735, 1407, 1380, 1373, 1363, 1361, 1326, 1263, 955, 857, 847, 834, 808, 793, 757, 446, 366, 356, 352, 351, 226, 203, 186, 107, 0]",2126.83,57.00000000000001,0.26460170066755906,0.22313435683388483,6444.000000000001,0.0
"[2841, 2133, 2127, 1821, 1082, 351, 107, 0]",1869.54,7.999999999999995,0.3646093432295756,0.6413294440576186,3165.000000000001,0.0
"[3908, 3823, 3624, 3520, 3486, 3453, 3427, 3425, 3415, 3407, 3384, 3371, 3280, 3226, 3054, 2966, 2929, 2898, 2889, 2804, 2763, 2612, 2587, 2428, 2418, 2372, 2241, 2088, 1929, 1918, 1851, 1842, 1831, 1830, 1821, 1802, 1787, 1735, 1407, 1404, 1380, 1373, 1363, 1361, 1326, 1263, 955, 857, 847, 834, 808, 793, 691, 446, 389, 366, 356, 352, 351, 304, 226, 186, 107, 0]",2139.29,64.0,0.272147526000847,0.2060957502398404,6787.999999999999,0.0
"[3908, 3624, 3581, 3486, 3453, 3427, 3425, 3415, 3407, 3371, 3280, 3226, 3054, 2929, 2898, 2889, 2809, 2804, 2763, 2612, 2587, 2418, 2372, 2241, 2138, 2088, 1918, 1896, 1851, 1842, 1831, 1830, 1821, 1802, 1787, 1735, 1407, 1404, 1380, 1373, 1363, 1361, 1326, 1263, 955, 857, 847, 834, 808, 793, 757, 446, 366, 356, 352, 351, 226, 203, 186, 107, 0]",2135.58,61.0,0.26610983393605636,0.2103335172628623,6650.0,0.0
"[3878, 3797, 3537, 3486, 3371, 3283, 3226, 2800, 2715, 2689, 2587, 2258, 2138, 2088, 1887, 1884, 1831, 1821, 1771, 1757, 1747, 1635, 1433, 1380, 1373, 1345, 1050, 808, 793, 741, 371, 366, 352, 351, 349, 348, 107, 104, 0]",2103.55,39.0,0.2754861370958229,0.3859613551724219,6130.0,0.0
"[3452, 3054, 2138, 2055, 1884, 1831, 1821, 1610, 793, 757, 513, 366, 352, 351, 107, 0]",1995.84,16.0,0.3220831647498168,0.4326352616006792,4461.000000000001,0.0
"[4028, 3987, 3966, 3944, 3917, 3887, 3878, 3843, 3803, 3797, 3780, 3521, 3520, 3453, 3450, 3415, 3407, 3346, 3283, 3126, 2999, 2998, 2931, 2929, 2903, 2898, 2804, 2800, 2506, 2489, 2469, 2428, 2420, 2372, 2371, 2307, 2306, 2258, 2236, 2138, 2055, 1972, 1950, 1918, 1913, 1898, 1887, 1831, 1821, 1812, 1786, 1771, 1757, 1747, 1472, 1433, 1421, 1418, 1404, 1380, 1373, 1361, 1345, 1306, 1267, 1234, 1213, 957, 857, 849, 847, 811, 741, 641, 548, 410, 366, 352, 351, 348, 304, 206, 203, 179, 107, 0]",2181.28,86.0,0.2679167572739596,0.1674338027698421,7826.000000000001,0.0
"[3486, 3280, 2715, 2446, 2138, 2088, 1831, 1635, 1373, 1050, 793, 757, 684, 638, 366, 352, 351, 185, 107, 0]",1985.8,19.999999999999993,0.32164978893866913,0.4007872057329973,4307.0,0.0
"[3887, 3581, 3226, 3000, 2990, 2715, 2469, 2236, 2088, 1960, 1858, 1831, 1821, 1428, 639, 599, 417, 366, 352, 351, 304, 206, 203, 179, 107, 0]",2060.65,26.0,0.3069570121677504,0.4695197799415761,5048.000000000001,0.0
"[3803, 3797, 3537, 3486, 3283, 3280, 3263, 3226, 3054, 2800, 2715, 2587, 2258, 2138, 2088, 1884, 1831, 1821, 1757, 1747, 1635, 1407, 1373, 757, 638, 473, 371, 366, 352, 351, 349, 348, 226, 107, 0]",2079.65,35.0,0.283958040701187,0.3744083256421714,5969.0,0.0
"[4028, 3987, 3966, 3944, 3917, 3887, 3878, 3877, 3581, 3520, 3486, 3453, 3451, 3450, 3415, 3407, 3226, 3020, 2931, 2929, 2903, 2898, 2889, 2715, 2506, 2489, 2469, 2428, 2420, 2372, 2371, 2236, 2088, 2056, 2009, 1960, 1950, 1918, 1898, 1887, 1858, 1831, 1821, 1433, 1428, 1421, 1404, 1380, 1361, 1345, 957, 857, 849, 847, 811, 417, 366, 352, 351, 348, 304, 206, 203, 179, 107, 0]",2160.06,66.0,0.2857814761464408,0.32995653036388617,6847.0,0.0
"[4028, 3987, 3966, 3944, 3917, 3887, 3878, 3843, 3803, 3797, 3780, 3453, 3450, 3415, 3407, 3346, 3283, 3126, 2999, 2998, 2931, 2929, 2903, 2898, 2804, 2800, 2489, 2469, 2428, 2420, 2372, 2371, 2331, 2307, 2306, 2258, 2236, 2138, 2055, 1972, 1950, 1918, 1898, 1887, 1831, 1821, 1812, 1786, 1771, 1757, 1747, 1433, 1421, 1418, 1404, 1380, 1373, 1361, 1345, 1306, 1267, 1234, 1213, 857, 849, 847, 811, 741, 641, 548, 410, 366, 352, 351, 348, 304, 206, 203, 179, 107, 0]",2171.16,81.0,0.2749958361632924,0.1721485356592204,7504.0,0.0
"[4028, 3987, 3966, 3917, 3887, 3878, 3843, 3803, 3797, 3544, 3520, 3453, 3450, 3415, 3407, 3346, 3283, 2999, 2998, 2931, 2903, 2898, 2889, 2804, 2489, 2469, 2428, 2420, 2372, 2371, 2307, 2306, 2236, 2204, 2138, 2055, 1972, 1950, 1918, 1898, 1887, 1831, 1821, 1812, 1786, 1771, 1757, 1747, 1433, 1421, 1418, 1411, 1404, 1380, 1373, 1361, 1345, 1306, 1267, 1234, 1213, 957, 857, 849, 847, 811, 793, 741, 487, 410, 366, 352, 351, 349, 348, 304, 206, 203, 179, 107, 98, 0]",2178.76,82.0,0.26717503877342463,0.17945322310691392,7984.999999999999,0.0
"[3472, 2446, 2236, 2020, 1821, 1433, 107, 0]",1703.47,7.999999999999995,0.3770947369404638,0.522782469379626,2316.999999999999,0.0
"[3280, 3226, 3054, 2763, 2630, 2241, 2138, 2088, 1831, 1830, 1821, 1802, 1771, 1407, 1373, 1088, 1050, 808, 793, 638, 366, 352, 351, 226, 186, 146, 107, 0]",2049.31,28.0,0.2904844340046375,0.3473021252079215,5278.000000000001,0.0
"[3226, 2715, 2469, 2088, 1831, 1821, 1428, 757, 727, 417, 351, 107, 0]",1920.15,13.0,0.32744638158440886,0.4779753669757817,3501.0000000000014,0.0
"[3908, 3895, 3843, 3600, 3415, 3407, 3384, 3371, 3294, 3054, 2990, 2958, 2898, 2889, 2804, 2763, 2668, 2587, 2428, 2372, 2319, 2055, 1851, 1842, 1830, 1802, 1787, 1490, 1407, 1373, 1363, 1361, 1274, 1263, 1152, 955, 847, 834, 808, 757, 599, 446, 389, 366, 352, 351, 304, 226, 186, 107, 0]",2061.64,51.0,0.2859245134769802,0.2506713611084903,5995.999999999999,0.0
"[3878, 3843, 2992, 2294, 2236, 2138, 2055, 1831, 1821, 1740, 1407, 1213, 811, 793, 757, 366, 352, 351, 203, 179, 107, 25, 0]",2042.3199999999997,22.999999999999996,0.3105548338155826,0.4285052733580992,4710.999999999999,0.0
"[3386, 2841, 2446, 1483, 1050, 107, 0]",1555.69,7.000000000000005,0.4178126375689829,0.5579630491969378,1655.9999999999986,0.0
"[2138, 2055, 1873, 1831, 1821, 1373, 793, 352, 351, 107, 0]",1944.76,10.999999999999998,0.32567480333877286,0.5388487252356582,4174.000000000001,0.0
"[4028, 3987, 3966, 3944, 3917, 3887, 3878, 3843, 3803, 3797, 3521, 3520, 3453, 3450, 3415, 3407, 3346, 3283, 3280, 2999, 2998, 2929, 2903, 2898, 2804, 2800, 2763, 2506, 2489, 2469, 2428, 2420, 2372, 2371, 2307, 2306, 2241, 2236, 2204, 2138, 2055, 1972, 1950, 1918, 1913, 1898, 1887, 1831, 1821, 1812, 1786, 1757, 1747, 1511, 1472, 1433, 1421, 1418, 1404, 1380, 1373, 1361, 1345, 1306, 1267, 1234, 1213, 1000, 957, 857, 849, 847, 811, 487, 410, 366, 352, 351, 348, 304, 206, 179, 107, 98, 0]",2178.41,85.0,0.26980695918019104,0.17174917392518196,7801.999999999998,0.0
"[2841, 2138, 2088, 1960, 1821, 757, 395, 351, 349, 107, 0]",1912.57,10.999999999999998,0.32259110469288466,0.48716016040411647,3366.0000000000014,0.0
"[4028, 3749, 3648, 3384, 3368, 3195, 3155, 3153, 3012, 2999, 2998, 2884, 2469, 2428, 2236, 2140, 2055, 1960, 1851, 1747, 1374, 1373, 1213, 766, 681, 599, 417, 351, 349, 210, 198, 107, 25, 0]",1967.16,33.99999999999999,0.2929820753772632,0.32548068440596833,3834.9999999999986,0.0
"[4028, 3987, 3966, 3944, 3914, 3887, 3878, 3843, 3803, 3797, 3537, 3521, 3520, 3453, 3451, 3450, 3415, 3407, 3346, 3283, 3020, 2999, 2998, 2931, 2929, 2903, 2898, 2889, 2804, 2506, 2489, 2469, 2428, 2420, 2372, 2371, 2307, 2306, 2236, 2204, 2138, 2055, 2020, 2009, 2008, 1972, 1950, 1918, 1898, 1887, 1831, 1821, 1812, 1786, 1771, 1757, 1747, 1511, 1472, 1433, 1421, 1418, 1404, 1380, 1373, 1361, 1345, 1306, 1267, 1234, 1213, 1000, 976, 957, 857, 849, 847, 811, 793, 741, 487, 410, 366, 352, 351, 349, 348, 304, 206, 203, 179, 107, 98, 0]",2194.47,94.0,0.2656455586547354,0.15220603968367152,8311.0,0.0
"[2055, 1884, 1831, 1821, 1184, 352, 351, 107, 0]",1947.19,8.999999999999996,0.33078497740160784,0.6139512410575241,3794.0,0.0
"[4036, 3978, 3966, 3955, 3908, 3803, 3797, 3520, 3493, 3486, 3471, 3427, 3425, 3415, 3407, 3384, 3371, 3365, 3293, 3283, 3020, 2951, 2929, 2898, 2889, 2804, 2778, 2766, 2708, 2700, 2506, 2462, 2458, 2428, 2418, 2372, 2307, 2258, 2236, 2147, 2055, 2013, 2009, 1918, 1896, 1842, 1831, 1830, 1821, 1802, 1787, 1757, 1676, 1575, 1511, 1434, 1433, 1422, 1380, 1363, 1361, 1274, 1263, 1260, 1234, 1213, 1000, 957, 889, 857, 849, 847, 834, 808, 632, 411, 356, 352, 351, 304, 206, 203, 198, 179, 107, 0]",2160.67,86.0,0.26516974596776133,0.15164927956145147,7406.000000000001,0.0
"[4036, 3978, 3966, 3955, 3908, 3895, 3878, 3843, 3561, 3520, 3493, 3486, 3471, 3450, 3427, 3425, 3415, 3407, 3384, 3371, 3280, 3181, 3054, 3020, 2929, 2898, 2889, 2763, 2506, 2462, 2428, 2418, 2405, 2372, 2307, 2241, 2055, 2013, 2009, 1918, 1898, 1896, 1851, 1842, 1831, 1830, 1821, 1802, 1771, 1511, 1490, 1434, 1433, 1422, 1380, 1373, 1363, 1361, 974, 957, 955, 889, 857, 849, 847, 834, 808, 793, 446, 389, 366, 356, 352, 351, 304, 226, 186, 107, 25, 0]",2166.42,80.0,0.2628186395547363,0.1993746713252803,7506.999999999999,0.0
"[3978, 3966, 3955, 3908, 3803, 3797, 3520, 3493, 3486, 3471, 3427, 3425, 3415, 3407, 3384, 3371, 3365, 3293, 3283, 2929, 2898, 2889, 2876, 2804, 2766, 2700, 2462, 2458, 2428, 2372, 2258, 2236, 2147, 2055, 1918, 1896, 1842, 1831, 1830, 1821, 1802, 1787, 1757, 1676, 1575, 1434, 1433, 1422, 1380, 1363, 1361, 1299, 1274, 1263, 1260, 1234, 1213, 1100, 957, 889, 849, 847, 834, 808, 730, 632, 411, 356, 352, 351, 304, 206, 203, 198, 179, 107, 0]",2138.77,77.0,0.2691272989166267,0.1725196733584864,7154.999999999999,0.0
"[3600, 1884, 1821, 1050, 793, 352, 351, 323, 107]",1863.26,8.999999999999996,0.36003426176664255,0.52954840548263,3267.9999999999995,0.0
"[3966, 3944, 3917, 3803, 3797, 3581, 3450, 3415, 3407, 3283, 3226, 3054, 2931, 2929, 2903, 2898, 2889, 2809, 2804, 2800, 2715, 2469, 2420, 2372, 2371, 2258, 2138, 2088, 2008, 1960, 1918, 1898, 1887, 1831, 1821, 1771, 1757, 1635, 1428, 1407, 1404, 1380, 1373, 1361, 1345, 1267, 1234, 1213, 1045, 849, 834, 741, 638, 577, 473, 417, 366, 352, 351, 348, 260, 226, 203, 107, 0]",2154.28,65.0,0.2848663131463314,0.3856259646443405,7049.000000000002,0.0
"[3545, 3226, 2841, 2587, 1050, 107, 0]",1409.85,7.000000000000005,0.4312557172411209,0.557876297464804,1639.9999999999993,0.0
"[3772, 3384, 3226, 3054, 2763, 2630, 2612, 2241, 1842, 1831, 1830, 1821, 1802, 1407, 1373, 1326, 1050, 955, 808, 793, 561, 366, 352, 351, 304, 226, 186, 146, 107, 0]",2065.33,30.000000000000004,0.29210050462005777,0.35447841024396975,5225.999999999999,0.0
"[3908, 3624, 3486, 3384, 3371, 3280, 3226, 2967, 2889, 2612, 2587, 2506, 2372, 2241, 2088, 2055, 1918, 1851, 1842, 1831, 1830, 1821, 1802, 1326, 955, 857, 834, 808, 793, 757, 366, 352, 351, 304, 186, 107, 0]",2090.64,37.0,0.2693310286066587,0.3700510213579522,5095.0,0.0
"[4036, 3978, 3966, 3955, 3908, 3895, 3878, 3843, 3561, 3520, 3493, 3486, 3471, 3450, 3427, 3425, 3415, 3407, 3384, 3371, 3280, 3020, 2929, 2898, 2889, 2763, 2506, 2462, 2428, 2418, 2405, 2372, 2307, 2241, 2055, 2013, 2009, 1918, 1898, 1896, 1851, 1842, 1831, 1830, 1821, 1802, 1771, 1511, 1490, 1434, 1433, 1422, 1380, 1373, 1365, 1363, 1361, 974, 957, 955, 889, 857, 847, 834, 808, 793, 446, 389, 366, 356, 352, 351, 304, 226, 186, 107, 25, 0]",2177.81,78.0,0.2637590338104422,0.2043496953541981,7337.000000000001,0.0
"[4028, 3966, 3944, 3917, 3887, 3878, 3843, 3797, 3537, 3486, 3453, 3450, 3415, 3407, 3371, 3346, 3283, 3226, 3142, 2998, 2931, 2929, 2903, 2898, 2841, 2800, 2715, 2689, 2587, 2489, 2469, 2428, 2420, 2372, 2371, 2331, 2307, 2306, 2258, 2138, 2088, 1972, 1950, 1918, 1898, 1887, 1884, 1831, 1827, 1821, 1812, 1771, 1757, 1747, 1433, 1421, 1418, 1404, 1380, 1373, 1361, 1345, 1306, 857, 849, 847, 811, 808, 741, 684, 410, 371, 366, 352, 351, 349, 348, 304, 107, 104, 0]",2194.24,81.0,0.24648682587418325,0.24859144684207224,8144.999999999998,0.0
"[3908, 3895, 3780, 3384, 2487, 2236, 2055, 1873, 1858, 1851, 1842, 1831, 1821, 1373, 1213, 1062, 955, 834, 793, 446, 366, 352, 351, 349, 304, 203, 186, 179, 107, 0]",2084.18,30.000000000000004,0.296941415249274,0.4769128357547643,5283.999999999999,0.0
"[3452, 3054, 2183, 2138, 2055, 1873, 1831, 1821, 1610, 1412, 793, 757, 366, 352, 351, 107, 0]",2013.72,17.000000000000004,0.3162244529564322,0.4708377426613308,4559.000000000001,0.0
"[3878, 3797, 3537, 3486, 3371, 3283, 3226, 2800, 2715, 2689, 2587, 2258, 2138, 2088, 1887, 1884, 1831, 1821, 1771, 1747, 1433, 1380, 1373, 1345, 1242, 1050, 808, 793, 741, 371, 352, 351, 348, 107, 104, 0]",2086.78,36.0,0.2810269895408608,0.39271534969839794,5820.999999999999,0.0
"[3887, 3878, 3784, 3624, 3550, 3486, 3371, 3280, 3226, 3167, 3054, 2999, 2998, 2990, 2889, 2763, 2619, 2612, 2587, 2524, 2469, 2241, 2204, 2088, 1972, 1950, 1858, 1842, 1831, 1830, 1821, 1802, 1771, 1511, 1448, 1373, 1326, 1000, 859, 847, 811, 808, 793, 741, 487, 389, 366, 352, 351, 349, 325, 304, 203, 198, 107, 90, 0]",2147.51,57.00000000000001,0.26451702381094055,0.2962802422045099,6745.0,0.0
"[3955, 3908, 3895, 3878, 3843, 3427, 3425, 3415, 3407, 3384, 3371, 3280, 2929, 2898, 2889, 2763, 2418, 2405, 2372, 2307, 2055, 1898, 1896, 1851, 1842, 1831, 1830, 1821, 1802, 1771, 1380, 1373, 1363, 1361, 889, 874, 857, 849, 847, 834, 808, 793, 366, 356, 352, 351, 304, 226, 186, 107, 25, 0]",2121.77,52.0,0.2675555477721483,0.30715430683993916,5772.999999999999,0.0
"[4028, 3966, 3944, 3917, 3887, 3878, 3843, 3797, 3537, 3486, 3453, 3450, 3415, 3407, 3371, 3346, 3283, 3207, 2999, 2998, 2931, 2929, 2903, 2898, 2800, 2715, 2689, 2489, 2469, 2428, 2420, 2372, 2371, 2331, 2307, 2306, 2258, 2138, 2088, 2055, 1972, 1950, 1918, 1898, 1887, 1884, 1831, 1827, 1821, 1812, 1771, 1757, 1747, 1433, 1421, 1418, 1404, 1380, 1373, 1361, 1345, 1306, 857, 849, 847, 811, 808, 793, 741, 410, 371, 366, 352, 351, 349, 348, 304, 179, 107, 104, 25, 0]",2192.97,82.0,0.24074174356875655,0.2418129684901047,8013.0,0.0
"[2138, 2055, 1884, 1831, 1821, 1757, 1670, 793, 366, 352, 351, 349, 107, 0]",2010.2,14.0,0.3086408521057902,0.5402114249073314,4332.0,0.0
"[4028, 3963, 3895, 3887, 3878, 3803, 3624, 3578, 3384, 2489, 2469, 2236, 2138, 2055, 1950, 1884, 1851, 1831, 1821, 1786, 1757, 1744, 1410, 1373, 857, 811, 410, 366, 352, 351, 179, 107, 0]",2065.56,33.0,0.28907424598105624,0.39033235377321995,4955.999999999999,0.0
"[3803, 2138, 2055, 1884, 1831, 1821, 1786, 1757, 1670, 1373, 1033, 793, 366, 352, 351, 349, 107, 0]",2026.0100000000002,18.000000000000004,0.3001673318700113,0.5031804154932866,4721.0,0.0
"[3908, 3895, 3486, 3425, 3415, 3407, 3384, 3371, 3280, 3226, 2898, 2889, 2763, 2630, 2504, 2372, 2241, 2138, 2088, 1851, 1842, 1831, 1830, 1821, 1802, 1373, 1363, 1361, 1050, 857, 847, 834, 808, 793, 446, 389, 366, 352, 351, 304, 186, 107, 0]",2101.57,43.00000000000001,0.272958960595856,0.3304377627177424,5929.0,0.0
"[4038, 3878, 3797, 3537, 3486, 3371, 3283, 3226, 2800, 2715, 2587, 2258, 2138, 2088, 1887, 1884, 1831, 1821, 1771, 1757, 1747, 1635, 1433, 1380, 1373, 1345, 1050, 808, 793, 741, 717, 371, 366, 352, 351, 349, 348, 107, 104, 0]",2105.52,40.0,0.27017740685297564,0.3435712297006406,6122.000000000002,0.0
"[4028, 3878, 3803, 3581, 3578, 3384, 2841, 2469, 2377, 2236, 2138, 2088, 1960, 1858, 1851, 1831, 1821, 1786, 1757, 1428, 1410, 1373, 857, 811, 417, 395, 366, 352, 351, 349, 179, 107, 0]",2089.3,33.0,0.29521388100060597,0.4057509498265348,5396.999999999998,0.0
"[3472, 2236, 1827, 1821, 1433, 1421, 724, 366, 351, 166, 107, 0]",1924.98,11.999999999999998,0.330007382681313,0.5223294990563525,3683.0000000000005,0.0
"[4028, 3963, 3895, 3887, 3878, 3624, 3581, 3578, 3384, 2489, 2469, 2236, 2055, 1950, 1884, 1851, 1831, 1821, 1786, 1744, 1373, 1361, 1213, 1053, 857, 834, 410, 366, 352, 351, 304, 203, 179, 107, 0]",2091.83,35.0,0.2820125965009683,0.4271449707645909,5085.000000000001,0.0
"[3624, 3486, 3384, 3371, 3280, 3226, 2612, 2587, 2088, 2055, 1918, 1842, 1831, 1830, 1821, 1802, 1326, 808, 793, 757, 641, 366, 352, 351, 304, 107, 0]",2044.2599999999998,27.0,0.282599808798353,0.41285715516914645,4794.0,0.0
"[4028, 3917, 3908, 3895, 3797, 3486, 3450, 3427, 3425, 3415, 3407, 3384, 3283, 3280, 2898, 2889, 2489, 2372, 2371, 2369, 2258, 2236, 2138, 2114, 2088, 1884, 1851, 1831, 1821, 1744, 1407, 1373, 1363, 1361, 1345, 1234, 1213, 1050, 990, 857, 849, 834, 793, 757, 638, 366, 352, 351, 304, 203, 179, 107, 0]",2124.58,53.0,0.28010028468242676,0.2745153531061425,6119.0,0.0
"[3784, 3624, 3486, 3371, 3280, 3226, 3167, 3054, 2999, 2990, 2763, 2619, 2612, 2587, 2524, 2241, 2204, 2088, 1858, 1842, 1831, 1830, 1821, 1802, 1771, 1511, 1373, 1326, 1000, 859, 808, 793, 741, 599, 487, 389, 366, 352, 351, 304, 203, 198, 90, 0]",2087.33,44.00000000000001,0.281551174169669,0.2921743691298956,4979.000000000001,0.0
"[3472, 2446, 2236, 2079, 1950, 1821, 1392, 1203, 757, 513, 366, 352, 351, 304, 107]",1970.59,15.000000000000002,0.33248051976263215,0.44434160262532596,4042.0,0.0
"[4028, 3987, 3966, 3944, 3917, 3887, 3878, 3877, 3803, 3797, 3581, 3520, 3486, 3453, 3451, 3450, 3415, 3407, 3283, 3226, 2931, 2929, 2903, 2898, 2889, 2809, 2804, 2800, 2797, 2715, 2489, 2469, 2428, 2420, 2372, 2371, 2258, 2236, 2138, 2088, 2008, 1960, 1950, 1918, 1898, 1887, 1831, 1821, 1771, 1757, 1433, 1428, 1421, 1404, 1380, 1361, 1345, 957, 857, 849, 847, 811, 417, 366, 352, 351, 348, 304, 206, 203, 179, 107, 0]",2176.68,73.0,0.2826897714359431,0.3604426303931971,7356.999999999999,0.0
"[4028, 3987, 3966, 3955, 3944, 3917, 3908, 3895, 3887, 3878, 3843, 3537, 3521, 3520, 3453, 3450, 3427, 3425, 3419, 3415, 3407, 3384, 3371, 3280, 3020, 2999, 2998, 2931, 2929, 2903, 2898, 2889, 2763, 2506, 2489, 2469, 2428, 2420, 2418, 2405, 2372, 2371, 2307, 2055, 2020, 2009, 2008, 1972, 1950, 1918, 1898, 1896, 1887, 1851, 1842, 1831, 1830, 1821, 1802, 1771, 1472, 1433, 1421, 1418, 1404, 1380, 1373, 1363, 1361, 1345, 957, 874, 857, 849, 834, 811, 808, 793, 410, 366, 356, 352, 351, 348, 304, 226, 186, 107, 25, 0]",2195.38,90.0,0.2600674098937774,0.24747665403202834,7511.0,0.0
"[3987, 3843, 3486, 3226, 3054, 2715, 2088, 1950, 1887, 1831, 1821, 1812, 1692, 1433, 1306, 1050, 793, 757, 410, 366, 352, 351, 304, 107, 0]",2057.78,25.0,0.3055328124474811,0.41608970337787576,4909.0,0.0
"[3878, 3843, 3486, 3129, 3126, 3054, 2715, 2709, 2236, 2055, 1950, 1884, 1831, 1821, 1692, 1306, 1302, 811, 793, 366, 352, 351, 304, 107, 25, 0]",2058.48,26.0,0.304747151459974,0.46063548371012764,4764.000000000002,0.0
"[3545, 3226, 3126, 2841, 2587, 1950, 1831, 1821, 1050, 366, 352, 351, 304, 107, 0]",2018.05,15.000000000000002,0.3185489726433073,0.49430271155935535,4285.999999999999,0.0
"[3908, 3895, 3780, 3384, 3226, 2487, 2236, 2055, 1858, 1851, 1842, 1831, 1821, 1213, 1062, 1050, 955, 834, 446, 366, 352, 351, 349, 304, 203, 186, 179, 107, 0]",2079.63,29.000000000000004,0.30788676741667587,0.5047099969122085,5062.0,0.0
"[3908, 3895, 3743, 3624, 3427, 3425, 3415, 3407, 3384, 3371, 3293, 2889, 2804, 2778, 2766, 2765, 2372, 2266, 2258, 2200, 1851, 1842, 1830, 1821, 1802, 1787, 1676, 1543, 1433, 1407, 1363, 1361, 1263, 1260, 1138, 990, 857, 849, 834, 808, 730, 352, 351, 304, 198, 179, 107, 104, 0]",2051.88,49.0,0.28438817307377273,0.2558571609268806,5168.0,0.0
"[2566, 2540, 1950, 1821, 1448, 1433, 857, 757, 366, 304, 107]",1823.99,10.999999999999998,0.3449102323655957,0.4551896336980288,2475.0000000000005,0.0
"[3772, 3384, 3226, 3054, 2763, 2630, 2612, 2587, 2241, 2055, 1842, 1831, 1830, 1821, 1802, 1407, 1373, 1326, 955, 808, 793, 561, 366, 352, 351, 304, 226, 203, 186, 107]",2049.67,30.000000000000004,0.2952255631526839,0.34481120600605486,4983.000000000002,0.0
"[3987, 3966, 3944, 3917, 3887, 3878, 3797, 3784, 3780, 3740, 3472, 3453, 3450, 3415, 3153, 3054, 2999, 2998, 2990, 2931, 2929, 2903, 2898, 2889, 2619, 2524, 2489, 2469, 2420, 2294, 2107, 2055, 1972, 1950, 1898, 1887, 1832, 1831, 1821, 1812, 1786, 1747, 1738, 1692, 1448, 1433, 1421, 1404, 1380, 1306, 1213, 1167, 988, 857, 849, 847, 811, 757, 741, 681, 639, 599, 540, 492, 410, 366, 352, 351, 304, 198, 179, 107, 98, 25, 0]",2144.14,75.0,0.27612425078277847,0.17910049364245217,7173.000000000002,0.0
"[3510, 3472, 2446, 1786, 1433, 757, 107, 98]",1373.7,7.999999999999995,0.4699814315161388,0.5182657005308511,1499.0000000000011,0.0
"[4028, 3987, 3966, 3944, 3917, 3887, 3878, 3843, 3803, 3797, 3780, 3453, 3450, 3415, 3407, 3346, 3283, 3126, 2931, 2929, 2903, 2898, 2804, 2800, 2489, 2469, 2428, 2420, 2372, 2371, 2307, 2306, 2258, 2236, 2138, 2055, 1972, 1950, 1918, 1898, 1831, 1821, 1812, 1786, 1771, 1757, 1747, 1433, 1421, 1418, 1404, 1380, 1373, 1361, 1345, 1306, 1267, 1234, 1213, 857, 849, 847, 811, 741, 641, 548, 410, 366, 352, 351, 348, 304, 206, 203, 179, 107, 0]",2164.13,77.0,0.2751675991048673,0.22947887808029732,7359.000000000002,0.0
"[3878, 3797, 3486, 3371, 3283, 3226, 2800, 2763, 2587, 2258, 2241, 2138, 2088, 2055, 1884, 1858, 1831, 1821, 1810, 1771, 1757, 1747, 1433, 1380, 1373, 1345, 808, 741, 371, 366, 352, 351, 349, 348, 186, 107, 104, 25, 0]",2110.35,39.0,0.2778330467835384,0.3884180232614227,6245.0,0.0
"[3908, 3895, 3803, 3684, 3486, 3407, 3384, 3371, 3326, 3283, 3226, 2889, 2763, 2630, 2504, 2372, 2241, 2088, 2008, 1918, 1887, 1851, 1842, 1831, 1830, 1821, 1802, 1771, 1373, 1050, 1043, 983, 847, 834, 808, 793, 446, 389, 366, 352, 351, 349, 339, 304, 186, 107, 0]",2114.9,47.0,0.26858448327858453,0.31759060266811434,6399.000000000001,0.0
"[4028, 3963, 3895, 3887, 3878, 3624, 3581, 3578, 3537, 3521, 3520, 3384, 3020, 2999, 2998, 2506, 2489, 2469, 2236, 2055, 2020, 2009, 2008, 1950, 1884, 1851, 1831, 1821, 1744, 1472, 1373, 1361, 1213, 1053, 957, 857, 834, 410, 366, 352, 351, 349, 304, 203, 179, 107, 0]",2121.68,47.0,0.27821420535470764,0.3340178375485072,5800.000000000001,0.0
"[3944, 3917, 3887, 3878, 3843, 3797, 3537, 3486, 3450, 3415, 3407, 3371, 3346, 3283, 3226, 2998, 2931, 2929, 2903, 2898, 2841, 2800, 2715, 2689, 2587, 2485, 2469, 2428, 2420, 2372, 2371, 2307, 2306, 2258, 2138, 2088, 1972, 1950, 1918, 1898, 1887, 1884, 1831, 1821, 1812, 1771, 1757, 1747, 1433, 1380, 1373, 1361, 1345, 1306, 857, 849, 847, 811, 808, 741, 684, 371, 366, 352, 351, 349, 348, 304, 107, 104, 0]",2164.49,71.0,0.2701022242249458,0.35435423714696446,7483.000000000001,0.0
