seed_set,spread,seed,communities,fairness,budget,time
"[5858, 4740, 3561, 3507, 3490, 3374, 3196, 3031, 2935, 2708, 2674, 2548, 2325, 2321, 2208, 2204, 2196, 2102, 2061, 1999, 1907, 1904, 1873, 1862, 1579, 1553, 1546, 1504, 1461, 1443, 1420, 1414, 1369, 1332, 1296, 1248, 1231, 1220, 1206, 1184, 1098, 1094, 1092, 1026, 946, 920, 906, 847, 806, 726, 669, 562, 491, 474, 458, 413, 402, 386, 370, 363, 354, 276, 231, 222, 220, 173, 141, 119, 104, 86, 76, 67, 62, 45, 38, 32, 26, 25, 15, 13, 8, 2]",1162.24,82.0,0.34522538203908604,0.4820019616100175,2696.0,0.0
"[5858, 4740, 3735, 3724, 3552, 3521, 3520, 3490, 2708, 2548, 2325, 2321, 1907, 1904, 1862, 1772, 1760, 1754, 1745, 1697, 1696, 1553, 1546, 1504, 1444, 1443, 1379, 1256, 1231, 1226, 1219, 1128, 1098, 1094, 1022, 951, 946, 914, 906, 881, 871, 851, 808, 806, 600, 588, 582, 562, 553, 474, 429, 410, 402, 400, 386, 382, 363, 360, 290, 277, 276, 222, 220, 163, 132, 119, 86, 76, 75, 67, 62, 54, 36, 35, 32, 26, 25, 15, 13]",1123.78,79.0,0.3337348149235775,0.4604838286370512,2575.0,0.0
"[4740, 4165, 3561, 3507, 3490, 2935, 2548, 2325, 2321, 2196, 2126, 2061, 1999, 1907, 1904, 1873, 1778, 1731, 1687, 1579, 1553, 1546, 1504, 1461, 1443, 1420, 1414, 1256, 1068, 946, 920, 906, 851, 582, 562, 491, 474, 458, 413, 402, 386, 370, 355, 354, 349, 277, 222, 194, 86, 76, 67, 62, 45, 38, 34, 32, 26, 25, 15, 13, 8, 2]",953.84,62.0,0.353708931592545,0.5007614717278558,2108.0,0.0
"[5858, 4740, 3965, 3944, 3735, 3374, 3368, 3227, 3196, 2708, 2325, 2208, 2204, 2196, 2061, 1907, 1873, 1872, 1775, 1754, 1697, 1687, 1563, 1546, 1504, 1369, 1332, 1324, 1296, 1256, 1206, 1199, 1184, 1128, 1094, 920, 881, 871, 851, 808, 806, 691, 600, 590, 588, 562, 544, 527, 474, 429, 382, 370, 355, 354, 335, 290, 277, 252, 231, 173, 141, 138, 132, 119, 86, 62, 58, 54, 50, 40, 27, 26, 16, 15, 12, 8]",1093.21,76.0,0.3340318640362736,0.45247876471921633,2518.0,0.0
"[5858, 4740, 3735, 3561, 3490, 3196, 3031, 2935, 2674, 2548, 2325, 2204, 1999, 1907, 1873, 1760, 1687, 1563, 1546, 1504, 1420, 1414, 1377, 1369, 1296, 1231, 1098, 1094, 1092, 946, 920, 847, 808, 806, 734, 726, 582, 491, 474, 458, 442, 413, 382, 363, 355, 354, 277, 231, 224, 220, 171, 119, 86, 76, 75, 67, 62, 58, 54, 32, 26, 25, 15, 8]",977.75,64.0,0.34758040307967275,0.48101897149760864,2178.0,0.0
"[2061, 1546, 252, 15, 2]",130.94,5.0000000000000036,0.5777248090400908,0.785221012047261,233.00000000000009,0.9999999999999998
"[5858, 4740, 3465, 2325, 2196, 2061, 1873, 1563, 1553, 1546, 920, 413, 86, 54, 26, 25, 15, 8]",372.3,18.000000000000004,0.433646863173909,0.5891454012387959,692.9999999999999,0.0
"[5858, 4740, 3673, 3490, 3374, 3196, 3031, 2981, 2935, 2548, 2208, 2204, 1907, 1904, 1873, 1862, 1772, 1760, 1754, 1697, 1563, 1546, 1504, 1499, 1443, 1420, 1379, 1256, 1248, 1231, 1220, 1219, 1206, 1199, 1184, 1128, 1094, 946, 920, 847, 806, 600, 590, 588, 582, 562, 544, 527, 474, 458, 413, 370, 363, 360, 277, 222, 220, 173, 163, 119, 86, 62, 58, 50, 40, 31, 27, 26, 24, 16, 15, 13, 8, 2]",1073.13,74.0,0.34512396429295933,0.46550615260693484,2457.0,0.0
"[6646, 4740, 3735, 3490, 3031, 2325, 2204, 1907, 1873, 1775, 1760, 1687, 1563, 1546, 1504, 1420, 1414, 1377, 1369, 1296, 1256, 1248, 1231, 1092, 946, 920, 881, 806, 760, 734, 474, 442, 413, 363, 355, 335, 277, 252, 224, 171, 86, 76, 75, 62, 58, 54, 32, 26, 25, 15, 8]",831.83,51.0,0.38055871455996226,0.5483949397687418,1824.9999999999998,0.0
"[4740, 2061, 1873, 1775, 1697, 1553, 1546, 1504, 1256, 920, 138, 86, 62, 38, 32, 25, 15, 13, 8]",403.82,19.000000000000004,0.436533562244829,0.6538586637247118,786.9999999999999,0.0
"[6646, 4740, 3735, 3490, 3031, 2325, 2204, 1907, 1873, 1775, 1687, 1563, 1546, 1504, 1420, 1414, 1377, 1369, 1296, 1256, 1248, 1231, 1092, 946, 920, 881, 806, 734, 474, 442, 413, 363, 355, 335, 322, 277, 224, 171, 86, 76, 75, 62, 58, 54, 32, 26, 25, 15, 8]",815.29,49.0,0.3802410202926365,0.5525500546792228,1749.0000000000002,0.0
"[4740, 3735, 3490, 3031, 2325, 2204, 1873, 1687, 1563, 1546, 1504, 1414, 1377, 1369, 1296, 1231, 1092, 946, 920, 847, 806, 734, 474, 442, 413, 355, 335, 277, 252, 224, 171, 86, 76, 75, 62, 58, 54, 32, 26, 25, 15]",702.95,41.0,0.3967167650115202,0.5726949342043117,1496.9999999999998,0.0
"[5873, 4740, 3735, 3561, 3507, 3490, 3374, 3368, 2935, 2548, 2325, 2208, 2204, 2061, 1999, 1951, 1907, 1904, 1873, 1778, 1697, 1687, 1643, 1563, 1546, 1504, 1461, 1414, 1256, 1206, 1199, 951, 946, 920, 906, 851, 806, 582, 562, 544, 527, 474, 429, 428, 413, 370, 355, 354, 290, 277, 173, 163, 138, 86, 62, 50, 40, 31, 27, 26, 25, 15, 8]",958.69,63.0,0.3466590152858986,0.4567468751145133,2089.0,0.0
"[4740, 3965, 3735, 3561, 3552, 3502, 3490, 3442, 3374, 3227, 2935, 2708, 2548, 2204, 2196, 2061, 1999, 1951, 1922, 1907, 1873, 1872, 1862, 1824, 1775, 1772, 1697, 1687, 1563, 1546, 1504, 1461, 1420, 1414, 1324, 1306, 1256, 1248, 1231, 1199, 1094, 1022, 951, 920, 906, 904, 851, 847, 806, 760, 726, 582, 544, 527, 474, 431, 429, 428, 413, 355, 354, 335, 277, 252, 231, 222, 141, 138, 86, 62, 54, 45, 31, 30, 27, 26, 16, 15, 13, 12, 8]",1158.29,81.0,0.34401346128917343,0.46685684426235596,2661.0,0.0
"[2061, 1546, 15, 8]",99.4,4.000000000000003,0.6057323998475289,0.7853113270707819,189.99999999999983,0.9999999999999998
"[6891, 5858, 5657, 4740, 3998, 3965, 3735, 3521, 3520, 3490, 3196, 3025, 2935, 2708, 2325, 2196, 2061, 1907, 1904, 1862, 1778, 1775, 1772, 1760, 1754, 1697, 1687, 1563, 1546, 1444, 1443, 1420, 1414, 1379, 1377, 1369, 1332, 1324, 1306, 1296, 1256, 1231, 1226, 1219, 1199, 1128, 1094, 951, 946, 920, 914, 906, 889, 881, 871, 851, 806, 760, 691, 588, 562, 544, 527, 446, 429, 410, 407, 402, 400, 386, 382, 363, 360, 355, 354, 290, 277, 276, 231, 222, 220, 173, 104, 86, 62, 58, 54, 50, 40, 27, 26, 16, 15, 8]",1253.15,94.0,0.32478174222334855,0.43005143712816696,2902.0,0.0
"[7534, 6646, 4740, 3735, 3490, 3031, 2325, 2204, 1873, 1775, 1687, 1563, 1546, 1504, 1420, 1414, 1377, 1369, 1296, 1256, 1248, 1231, 1092, 946, 920, 881, 806, 734, 600, 474, 442, 413, 363, 355, 335, 277, 224, 220, 86, 76, 75, 62, 58, 54, 32, 26, 25, 15, 8]",815.47,49.0,0.38518897536786856,0.5622395887557333,1744.0000000000002,0.0
"[4740, 3965, 3735, 3561, 3552, 3442, 3374, 3031, 2935, 2674, 2551, 2325, 2204, 2124, 2061, 1999, 1951, 1922, 1907, 1904, 1873, 1872, 1862, 1824, 1775, 1772, 1697, 1687, 1663, 1563, 1546, 1504, 1499, 1443, 1420, 1369, 1367, 1324, 1256, 1248, 1231, 1220, 1219, 1206, 1199, 1184, 1094, 1022, 951, 920, 906, 851, 847, 822, 760, 726, 590, 588, 582, 544, 527, 474, 458, 442, 429, 355, 354, 335, 290, 277, 276, 252, 231, 222, 138, 132, 104, 86, 76, 67, 62, 27, 26, 25, 15, 8]",1195.7,86.0,0.3323025977549392,0.45851277150082836,2728.0,0.0
"[6891, 5858, 5657, 4740, 3998, 3965, 3735, 3521, 3520, 3490, 3374, 3196, 3031, 3025, 2935, 2325, 2321, 2204, 1907, 1904, 1862, 1778, 1775, 1772, 1760, 1754, 1697, 1687, 1682, 1579, 1563, 1546, 1444, 1443, 1420, 1414, 1379, 1369, 1332, 1324, 1306, 1296, 1256, 1231, 1226, 1219, 1206, 1128, 1094, 951, 946, 920, 906, 889, 881, 871, 851, 806, 760, 691, 544, 527, 446, 429, 413, 410, 407, 402, 386, 382, 363, 360, 355, 354, 290, 277, 276, 231, 222, 220, 173, 104, 86, 50, 40, 38, 35, 31, 27, 26, 25, 24, 16, 15, 8]",1256.89,95.0,0.33200323107581875,0.4254018432166897,2916.0,0.0
"[4740, 2325, 2061, 1907, 1873, 1862, 1697, 1687, 1553, 1546, 920, 806, 442, 413, 355, 252, 138, 86, 76, 62, 38, 32, 26, 25, 15, 13, 8]",510.08,27.0,0.4137805590617747,0.5957422837622443,1090.9999999999998,0.0
"[4740, 3965, 3735, 3561, 3552, 3502, 3490, 3442, 3374, 3227, 2935, 2708, 2548, 2325, 2321, 2196, 1999, 1951, 1922, 1907, 1873, 1872, 1862, 1824, 1775, 1772, 1697, 1687, 1546, 1504, 1461, 1443, 1420, 1414, 1379, 1324, 1296, 1256, 1248, 1231, 1199, 1094, 1022, 951, 946, 920, 906, 904, 851, 847, 806, 760, 726, 544, 527, 474, 431, 429, 428, 413, 355, 354, 335, 290, 277, 252, 231, 222, 118, 86, 35, 31, 27, 26, 25, 24, 16, 15, 2]",1128.06,79.0,0.3444912076783886,0.45000105884405306,2552.0,0.0
"[5858, 4740, 3735, 3561, 3552, 3374, 3196, 2935, 2548, 2325, 2208, 2204, 2061, 1907, 1904, 1873, 1872, 1778, 1697, 1687, 1546, 1504, 1420, 1414, 1369, 1256, 1220, 1219, 1206, 1199, 1184, 1094, 920, 851, 806, 661, 590, 588, 582, 562, 544, 527, 491, 474, 382, 370, 355, 354, 349, 335, 290, 277, 222, 173, 163, 86, 62, 58, 50, 40, 31, 27, 26, 25, 15]",964.08,65.0,0.33155269962666134,0.4237150207975825,2138.0,0.0
"[5602, 4740, 4097, 3507, 3374, 3368, 3002, 2325, 1999, 1907, 1904, 1873, 1778, 1697, 1643, 1563, 1546, 1504, 1461, 1420, 1296, 1256, 1206, 1199, 1026, 951, 946, 920, 851, 806, 582, 562, 474, 429, 428, 413, 355, 354, 334, 252, 171, 163, 86, 76, 67, 62, 50, 40, 32, 25, 15, 13, 2]",842.72,53.0,0.378506657698369,0.5079450906492614,1845.0,0.0
"[4740, 3965, 3735, 3561, 3552, 3502, 3490, 3442, 3374, 3227, 2935, 2708, 2548, 2325, 2321, 2196, 2061, 1999, 1951, 1922, 1907, 1873, 1872, 1862, 1824, 1775, 1772, 1697, 1563, 1546, 1504, 1461, 1443, 1420, 1414, 1379, 1324, 1306, 1296, 1256, 1248, 1231, 1199, 1094, 1022, 951, 946, 920, 906, 904, 851, 847, 806, 760, 726, 544, 474, 431, 429, 428, 413, 355, 354, 335, 290, 277, 252, 231, 222, 163, 86, 35, 31, 27, 26, 25, 15, 12, 8, 2]",1149.36,80.0,0.3344341444080312,0.4477566590764973,2602.0,0.0
"[4740, 2061, 1546, 920, 86, 25, 15, 12]",195.88,7.999999999999995,0.5250631545703516,0.7118830373346665,344.99999999999994,0.0
"[5751, 4740, 3965, 3735, 3561, 3552, 3442, 3374, 3031, 2935, 2674, 2551, 2325, 2204, 2124, 1999, 1951, 1922, 1907, 1904, 1873, 1872, 1862, 1824, 1775, 1772, 1697, 1687, 1663, 1563, 1546, 1504, 1499, 1443, 1420, 1369, 1367, 1324, 1256, 1248, 1231, 1220, 1219, 1206, 1199, 1184, 1094, 1022, 951, 920, 906, 851, 847, 822, 760, 726, 590, 588, 582, 544, 474, 458, 442, 429, 355, 354, 335, 290, 277, 276, 252, 231, 222, 138, 132, 104, 86, 76, 67, 62, 27, 26, 25, 15, 13, 8, 2]",1210.7699999999998,87.0,0.3313101207653333,0.44469161968936866,2751.0,0.0
"[5858, 4740, 3735, 3561, 3552, 3490, 3374, 3196, 2935, 2548, 2325, 2208, 2204, 1907, 1904, 1873, 1872, 1778, 1697, 1687, 1563, 1546, 1504, 1420, 1414, 1369, 1256, 1220, 1219, 1206, 1199, 1094, 920, 851, 806, 661, 590, 588, 582, 562, 527, 491, 474, 413, 382, 370, 355, 354, 349, 335, 277, 222, 198, 173, 163, 139, 86, 62, 58, 50, 40, 26, 25, 15, 8]",965.68,65.0,0.3355608262504691,0.43742272434403184,2144.0,0.0
"[5873, 4740, 4287, 3735, 3561, 3507, 3490, 3374, 3368, 2935, 2548, 2325, 2204, 2061, 1999, 1951, 1907, 1904, 1873, 1778, 1697, 1687, 1643, 1563, 1546, 1504, 1461, 1420, 1296, 1256, 1206, 1199, 951, 946, 920, 906, 851, 806, 582, 562, 544, 527, 474, 429, 428, 413, 370, 355, 354, 290, 277, 173, 163, 86, 62, 50, 40, 31, 27, 26, 25, 15, 8]",957.1,63.0,0.3463962857993733,0.4557016297432164,2102.0,0.0
"[7561, 5858, 2325, 2061, 1873, 1546, 1324, 920, 86, 25, 15, 8]",262.85,11.999999999999998,0.47084793193449204,0.6574968468837986,484.9999999999998,0.0
"[4740, 2061, 1873, 1775, 1697, 1687, 1553, 1546, 1256, 920, 138, 86, 62, 32, 25, 15, 13, 8]",384.67,18.000000000000004,0.44612971472459484,0.6363901369314768,750.9999999999999,0.0
"[2325, 2061, 1546, 1420, 1414, 920, 413, 252, 86, 62, 26, 15]",279.91,11.999999999999998,0.4739652857994576,0.6921998387382515,539.0,0.0
"[5858, 4740, 1873, 1775, 1546, 1256, 920, 86, 15, 8]",250.02,9.999999999999996,0.503684879592817,0.678177670350764,453.0,0.0
"[5401, 4740, 4025, 3490, 3031, 2204, 2061, 1873, 1775, 1697, 1553, 1546, 1504, 1377, 1369, 1256, 1231, 1092, 946, 920, 806, 734, 474, 442, 355, 335, 252, 224, 171, 138, 86, 76, 62, 58, 54, 38, 32, 25, 15, 13, 8]",702.05,41.0,0.39605377371493744,0.5581154641720707,1473.9999999999998,0.0
"[4740, 3735, 2325, 2204, 1907, 1873, 1697, 1687, 1563, 1546, 1420, 1414, 1296, 920, 806, 413, 277, 252, 86, 76, 62, 26, 25, 15, 8]",488.6,25.0,0.419790424272404,0.6015035089446057,1017.0,0.0
"[1873, 1775, 1546, 1537, 1504, 1256, 920, 678, 86, 15, 8, 2]",280.66,11.999999999999998,0.48725325425311183,0.681007040031724,530.0000000000001,0.0
"[5657, 4740, 4493, 3735, 3561, 2935, 2566, 2325, 2061, 1907, 1873, 1778, 1687, 1563, 1546, 1504, 1414, 1256, 920, 851, 806, 562, 544, 491, 474, 370, 355, 354, 277, 252, 86, 54, 50, 40, 32, 27, 26, 25, 16, 15, 13, 8]",692.82,42.0,0.3563802971022543,0.49817327400222267,1437.0,0.0
"[4740, 4287, 3735, 3561, 3507, 3490, 3374, 3368, 2548, 2325, 2204, 2061, 1999, 1951, 1907, 1904, 1873, 1778, 1697, 1687, 1643, 1563, 1546, 1504, 1461, 1420, 1296, 1256, 1206, 1199, 951, 946, 920, 906, 851, 806, 582, 562, 544, 527, 474, 429, 428, 413, 370, 355, 354, 290, 277, 173, 163, 86, 62, 50, 40, 31, 27, 26, 25, 15, 8]",943.38,61.0,0.3436538757448304,0.46013666648969487,2071.0,0.0
"[6646, 3735, 3490, 3196, 3031, 2325, 2204, 2061, 1907, 1873, 1775, 1760, 1563, 1546, 1504, 1420, 1414, 1406, 1377, 1369, 1296, 1256, 1248, 1231, 1132, 1092, 946, 920, 881, 806, 760, 734, 474, 442, 413, 363, 355, 335, 277, 252, 224, 171, 163, 86, 76, 75, 62, 58, 54, 32, 26, 25, 16, 15]",870.38,54.0,0.37429206921742875,0.5639743776721932,1890.9999999999998,0.0
"[5858, 4740, 4607, 3998, 3965, 3735, 3521, 3196, 3025, 2935, 2708, 2325, 2204, 2196, 2061, 1996, 1907, 1904, 1862, 1778, 1775, 1772, 1760, 1754, 1697, 1687, 1563, 1546, 1420, 1379, 1377, 1369, 1332, 1324, 1306, 1296, 1256, 1231, 1226, 1219, 1199, 1128, 1094, 978, 951, 946, 920, 914, 906, 889, 881, 871, 851, 806, 760, 691, 607, 588, 562, 544, 429, 413, 410, 407, 402, 400, 382, 363, 360, 355, 354, 290, 277, 276, 231, 222, 220, 173, 104, 86, 62, 58, 54, 40, 27, 26, 25, 15, 8, 2]",1211.84,90.0,0.3280678988577532,0.43662467506295277,2781.0,0.0
"[4740, 3735, 2325, 2196, 2061, 1873, 1553, 1546, 1414, 920, 413, 86, 25, 15, 8]",323.12,15.000000000000002,0.45441474883531463,0.6287432520590227,599.0000000000002,0.0
"[4740, 3735, 3552, 3502, 3374, 2674, 2548, 2204, 2124, 1999, 1951, 1907, 1904, 1873, 1697, 1687, 1663, 1563, 1546, 1504, 1443, 1420, 1256, 1248, 1231, 1220, 1219, 1206, 1199, 1184, 1094, 1022, 951, 920, 906, 851, 726, 590, 588, 582, 544, 474, 431, 429, 413, 355, 354, 290, 277, 231, 222, 138, 132, 104, 86, 76, 67, 62, 27, 26, 25, 15, 13, 8, 2]",989.16,65.0,0.3485889516492475,0.47433545459122994,2209.0,0.0
"[5858, 4740, 2325, 2196, 2061, 1873, 1697, 1563, 1553, 1546, 920, 413, 86, 32, 26, 15, 8]",356.23,17.000000000000004,0.44017084412276675,0.6024192532738362,678.0,0.0
"[6456, 4740, 3965, 3735, 3552, 3502, 3490, 3442, 2935, 2674, 2325, 2204, 2124, 1999, 1951, 1922, 1907, 1873, 1872, 1862, 1775, 1772, 1697, 1687, 1663, 1563, 1546, 1504, 1461, 1443, 1420, 1414, 1379, 1324, 1256, 1231, 1184, 1094, 951, 946, 920, 906, 904, 851, 806, 760, 590, 588, 582, 544, 474, 431, 429, 428, 413, 355, 354, 290, 277, 231, 222, 138, 132, 104, 98, 86, 76, 67, 62, 27, 26, 25, 15, 13, 8, 2]",1107.67,76.0,0.34567141964688775,0.4644718891116608,2517.0,0.0
"[4740, 3735, 3561, 3552, 3507, 3502, 3490, 3374, 3368, 3002, 2548, 2333, 2208, 2204, 2061, 1999, 1951, 1907, 1904, 1873, 1778, 1697, 1687, 1563, 1553, 1546, 1504, 1461, 1443, 1420, 1256, 1206, 1199, 1022, 951, 946, 920, 851, 806, 582, 562, 544, 474, 442, 431, 429, 428, 413, 355, 354, 290, 277, 163, 138, 86, 62, 50, 40, 38, 31, 27, 26, 25, 15, 13, 8]",993.87,66.0,0.34606501200890993,0.45908837411549586,2205.0,0.0
"[4740, 1873, 1553, 1546, 1256, 920, 138, 86, 15, 13, 8, 1]",284.95,11.999999999999998,0.4944959235519736,0.694275451083777,539.9999999999999,0.0
"[3196, 2325, 2061, 1907, 1873, 1862, 1697, 1687, 1546, 1414, 920, 906, 806, 527, 413, 355, 252, 138, 86, 76, 62, 32, 26, 25, 15, 8, 2]",524.22,27.0,0.423348199462775,0.5984868266781639,1083.0000000000002,0.0
"[4740, 2325, 2061, 1873, 1546, 1420, 1256, 920, 906, 527, 277, 86, 15, 8, 2]",352.47,15.000000000000002,0.4665144054889494,0.6490990710196869,675.9999999999999,0.0
"[8505, 3735, 3490, 3196, 3031, 2325, 2204, 2061, 1907, 1873, 1775, 1760, 1563, 1546, 1504, 1420, 1414, 1377, 1369, 1296, 1256, 1248, 1231, 1132, 1092, 946, 920, 881, 806, 734, 474, 442, 413, 382, 363, 355, 335, 277, 224, 171, 163, 145, 86, 76, 75, 62, 58, 54, 32, 26, 25, 16, 15]",846.4500000000002,53.0,0.3809539382120083,0.5647955667156074,1821.0,0.0
"[5858, 1873, 1546, 1537, 1256, 920, 678, 86, 15, 8, 2]",266.47,10.999999999999998,0.4959549816547957,0.6768667207528781,497.00000000000006,0.0
"[6891, 5858, 5657, 4740, 3998, 3965, 3735, 3521, 3520, 3490, 3196, 3025, 2935, 2708, 2325, 2196, 2061, 1907, 1904, 1862, 1778, 1775, 1772, 1760, 1754, 1697, 1687, 1563, 1546, 1444, 1443, 1414, 1379, 1377, 1369, 1332, 1324, 1306, 1296, 1256, 1231, 1226, 1219, 1199, 1128, 1094, 951, 946, 920, 914, 906, 889, 881, 871, 851, 806, 760, 691, 562, 544, 446, 429, 410, 407, 386, 382, 363, 360, 355, 334, 290, 277, 276, 231, 222, 220, 173, 138, 114, 104, 86, 62, 58, 54, 50, 40, 32, 27, 26, 25, 15, 13, 8]",1249.75,93.0,0.32148832251895565,0.42824695067604024,2853.0,0.0
[15],33.66,1.0,0.7280189728541936,0.8325546111576978,60.00000000000018,0.9999999999999998
"[2061, 1546, 252, 15]",100.46,4.000000000000003,0.6079673094080259,0.7853113270707819,183.99999999999991,0.9999999999999998
"[5858, 5657, 4740, 3998, 3965, 3735, 3521, 3196, 3025, 2935, 2674, 2325, 2124, 1907, 1904, 1778, 1775, 1772, 1760, 1754, 1697, 1687, 1663, 1563, 1546, 1420, 1414, 1379, 1377, 1369, 1332, 1324, 1306, 1296, 1256, 1231, 1226, 1219, 1184, 1128, 1094, 951, 946, 920, 906, 889, 881, 871, 851, 806, 760, 691, 590, 588, 582, 544, 429, 410, 407, 386, 382, 363, 360, 355, 354, 290, 277, 276, 231, 222, 220, 173, 138, 132, 104, 86, 76, 67, 62, 27, 26, 25, 16, 15, 13, 8, 2]",1193.38,87.0,0.32487702690056175,0.430818825828744,2803.0,0.0
"[5858, 5174, 4740, 3735, 3552, 3442, 3196, 3031, 2548, 2204, 1907, 1873, 1772, 1760, 1687, 1563, 1546, 1504, 1499, 1420, 1379, 1369, 1256, 1248, 1220, 1128, 1094, 946, 920, 906, 847, 760, 590, 588, 582, 474, 442, 413, 363, 360, 355, 354, 335, 277, 138, 132, 116, 86, 62, 58, 54, 27, 26, 25, 15, 13, 8, 2]",909.95,58.00000000000001,0.34338744443323654,0.47813755991867635,1951.0,0.0
"[4740, 3735, 3552, 3502, 3490, 3374, 2674, 2548, 2325, 2204, 2124, 1999, 1951, 1907, 1904, 1873, 1697, 1663, 1563, 1546, 1504, 1443, 1420, 1414, 1256, 1248, 1231, 1220, 1219, 1206, 1199, 1184, 1094, 1022, 951, 920, 851, 806, 726, 590, 588, 582, 544, 474, 431, 429, 386, 355, 354, 290, 277, 231, 222, 171, 104, 86, 76, 67, 62, 26, 25, 16, 15, 8]",978.57,64.0,0.3532756786170539,0.47327040271891807,2165.0,0.0
"[6891, 6523, 5858, 4740, 4287, 3998, 3965, 3735, 3521, 3520, 3490, 3374, 3227, 3031, 3025, 2935, 2325, 2321, 2208, 2204, 2061, 1907, 1904, 1862, 1824, 1778, 1775, 1772, 1760, 1754, 1697, 1687, 1563, 1546, 1444, 1443, 1420, 1379, 1369, 1332, 1306, 1296, 1256, 1248, 1231, 1226, 1219, 1206, 1199, 1184, 1094, 951, 946, 920, 906, 889, 881, 871, 851, 847, 806, 760, 726, 691, 544, 527, 446, 429, 413, 410, 407, 402, 386, 382, 363, 360, 355, 339, 335, 290, 277, 276, 252, 231, 222, 220, 198, 163, 86, 40, 31, 27, 26, 25, 15, 8]",1265.26,96.0,0.3216084974177619,0.4259370308755134,2920.0,0.0
"[3561, 3374, 3196, 2325, 2061, 1999, 1907, 1904, 1873, 1862, 1778, 1697, 1687, 1643, 1579, 1563, 1546, 1504, 1414, 1296, 1256, 1231, 1226, 1219, 1206, 1128, 1094, 920, 906, 851, 806, 691, 590, 588, 559, 544, 527, 474, 413, 355, 354, 290, 173, 138, 104, 86, 76, 50, 40, 38, 35, 31, 25, 15, 13, 8, 2]",899.17,57.00000000000001,0.3720098246102722,0.5088753182940492,1964.0000000000002,0.0
"[4740, 3735, 3490, 2325, 2204, 1907, 1873, 1687, 1563, 1546, 1504, 1420, 1414, 1256, 920, 806, 582, 474, 413, 355, 354, 277, 171, 86, 62, 32, 26, 25, 15, 8, 2]",572.77,31.000000000000004,0.4010280334326628,0.5743054948825462,1193.0,0.0
"[2061, 1546, 920, 734, 252, 86, 15, 2]",199.95,7.999999999999995,0.5349486886959082,0.7498446505520943,389.0,0.0
"[2061, 1873, 1546, 920, 86, 16, 15]",183.5,7.000000000000005,0.5282800146929282,0.7278307860974311,342.0,0.0
"[4740, 3735, 3561, 3552, 3442, 3031, 2935, 2551, 2548, 2325, 2208, 2204, 2165, 2061, 1951, 1907, 1904, 1873, 1772, 1760, 1697, 1687, 1563, 1546, 1499, 1420, 1414, 1379, 1369, 1256, 1248, 1220, 1219, 1206, 1184, 1128, 1094, 920, 906, 590, 588, 582, 562, 544, 527, 474, 382, 363, 360, 355, 354, 335, 290, 277, 163, 138, 116, 86, 62, 58, 31, 26, 25, 15, 13, 8]",984.1300000000001,66.0,0.33340694352018163,0.4430731759306914,2142.0,0.0
"[5858, 4740, 4332, 2325, 1873, 1775, 1546, 1420, 1256, 920, 442, 413, 86, 32, 26, 15, 8]",366.46,17.000000000000004,0.45637810864628414,0.6342319438449638,700.9999999999999,0.0
"[4740, 2061, 1873, 1775, 1697, 1553, 1546, 1504, 1256, 920, 527, 86, 62, 38, 25, 16, 15, 8]",380.73,18.000000000000004,0.4421051921997353,0.6379574419377606,745.9999999999998,0.0
"[4740, 3735, 2325, 2196, 2061, 1873, 1546, 1420, 1414, 920, 413, 165, 86, 15, 8, 2]",339.31,16.0,0.4477650961822415,0.6413318804894602,669.0000000000001,0.0
"[6646, 5063, 3490, 3031, 2061, 1873, 1775, 1546, 1504, 1461, 1420, 1414, 1377, 1369, 1256, 1248, 1231, 1219, 1092, 946, 920, 881, 734, 726, 600, 474, 458, 442, 410, 363, 355, 335, 322, 277, 224, 220, 86, 76, 75, 62, 58, 54, 45, 25, 15, 12, 8, 2]",792.05,48.0,0.39752149183735463,0.5873976443143029,1688.0000000000002,0.0
"[4740, 3599, 1873, 1775, 1546, 1504, 1420, 1414, 1256, 920, 906, 491, 277, 86, 15, 13, 8, 2]",391.17,18.000000000000004,0.4518822852310258,0.6350928095569067,751.9999999999998,0.0
"[4740, 3735, 3552, 3031, 2935, 2674, 2548, 2325, 2208, 2204, 2061, 1999, 1951, 1907, 1904, 1873, 1697, 1687, 1663, 1563, 1546, 1504, 1420, 1414, 1248, 1231, 1220, 1219, 1206, 1184, 1094, 1022, 920, 906, 851, 726, 590, 588, 582, 562, 544, 527, 474, 382, 355, 354, 335, 290, 277, 231, 222, 163, 138, 104, 86, 62, 58, 40, 31, 26, 25, 15, 13, 8]",955.95,64.0,0.3370103689659929,0.45131576060609013,2151.0,0.0
"[1873, 1775, 1546, 1256, 920, 86, 15, 8, 2]",240.97,8.999999999999996,0.5177230118568845,0.7100959448369625,453.0,0.0
"[5858, 4740, 3998, 3965, 3735, 3196, 2935, 2922, 2708, 2325, 2196, 2061, 1907, 1904, 1873, 1862, 1778, 1775, 1772, 1760, 1754, 1697, 1687, 1546, 1460, 1444, 1443, 1414, 1379, 1377, 1369, 1332, 1324, 1306, 1305, 1296, 1256, 1231, 1226, 1219, 1206, 1199, 1128, 1094, 920, 914, 889, 881, 871, 806, 760, 691, 607, 588, 562, 413, 410, 407, 402, 400, 382, 363, 360, 355, 354, 277, 276, 231, 222, 220, 173, 104, 86, 62, 58, 54, 40, 25, 15, 8]",1118.51,80.0,0.31747848214637986,0.40634155965305263,2510.0,0.0
"[5858, 4740, 3965, 3735, 3490, 3374, 3196, 2935, 2325, 2321, 2208, 2204, 2061, 1907, 1904, 1873, 1862, 1778, 1775, 1772, 1760, 1754, 1697, 1687, 1563, 1546, 1443, 1420, 1414, 1379, 1369, 1332, 1324, 1306, 1256, 1231, 1226, 1219, 1184, 1128, 1094, 946, 920, 889, 881, 871, 851, 760, 697, 588, 562, 544, 527, 382, 363, 360, 355, 354, 290, 277, 276, 231, 222, 220, 173, 163, 104, 86, 62, 58, 40, 31, 27, 26, 25, 15]",1092.98,76.0,0.3310276516495355,0.45628512100892205,2454.0,0.0
"[7392, 5858, 4740, 4072, 3735, 3552, 2935, 2674, 2548, 2325, 2196, 2124, 2061, 1999, 1907, 1904, 1873, 1772, 1697, 1663, 1553, 1546, 1504, 1256, 1248, 1231, 1220, 1219, 1094, 1022, 951, 920, 851, 806, 726, 588, 582, 474, 413, 355, 354, 252, 231, 222, 104, 86, 76, 67, 62, 25, 15, 8]",827.81,52.0,0.35131982298179454,0.4811934380104821,1705.0000000000002,0.0
"[8380, 4740, 3735, 3552, 3490, 3442, 3196, 3031, 2548, 2325, 2165, 2048, 1951, 1907, 1873, 1862, 1772, 1760, 1697, 1563, 1546, 1420, 1379, 1369, 1296, 1256, 1248, 1206, 1128, 920, 906, 582, 562, 544, 474, 413, 363, 355, 354, 335, 290, 277, 163, 116, 86, 62, 40, 31, 27, 26, 25, 16, 15, 13, 8, 2]",878.05,56.00000000000001,0.34214531556849315,0.4815125710450503,1840.0,0.0
"[5858, 4740, 3965, 3735, 3552, 3389, 3092, 3031, 2935, 2551, 2548, 2325, 2204, 2196, 2124, 1999, 1907, 1904, 1873, 1862, 1785, 1778, 1775, 1760, 1754, 1697, 1687, 1553, 1546, 1504, 1499, 1420, 1414, 1379, 1377, 1369, 1332, 1324, 1306, 1305, 1296, 1256, 1231, 1226, 1220, 1219, 1206, 1199, 1094, 1022, 951, 920, 871, 851, 806, 760, 691, 588, 582, 474, 413, 382, 363, 360, 355, 354, 290, 277, 276, 231, 222, 220, 173, 104, 86, 76, 67, 62, 25, 15, 8]",1143.23,81.0,0.32273405686118606,0.424075895944678,2565.0,0.0
"[4740, 3735, 3552, 3502, 3490, 3442, 3374, 3196, 2548, 2325, 2204, 2196, 2165, 2131, 1951, 1907, 1873, 1772, 1760, 1697, 1546, 1443, 1420, 1414, 1379, 1369, 1256, 1248, 1206, 1199, 1128, 951, 920, 906, 582, 544, 474, 431, 429, 413, 386, 382, 363, 355, 354, 290, 277, 116, 86, 67, 62, 25, 16, 15, 8]",858.74,55.0,0.3391253745733481,0.45070798591292915,1789.0000000000002,0.0
"[4740, 3735, 2325, 2196, 2061, 1873, 1546, 920, 906, 413, 86, 25, 15, 8]",308.44,14.0,0.46049813540178375,0.6304992636515324,566.0000000000001,0.0
"[5858, 4740, 3965, 3735, 3490, 3374, 3196, 2935, 2325, 2321, 2220, 2204, 2061, 1996, 1907, 1904, 1873, 1862, 1778, 1775, 1772, 1760, 1754, 1697, 1687, 1563, 1553, 1546, 1443, 1420, 1414, 1379, 1369, 1324, 1306, 1256, 1231, 1226, 1219, 1128, 1094, 946, 920, 889, 881, 871, 851, 806, 760, 697, 588, 544, 458, 413, 382, 363, 360, 355, 354, 290, 277, 276, 231, 222, 220, 173, 104, 86, 62, 58, 54, 40, 27, 26, 25, 15, 8]",1118.01,77.0,0.32897806121609063,0.4490777475196963,2496.0,0.0
"[2061, 1546, 920, 86, 25, 15, 2]",186.47,7.000000000000005,0.533003973275687,0.7282482339550718,342.99999999999983,0.0
"[5858, 3965, 3735, 3552, 3490, 3389, 3031, 2935, 2551, 2548, 2325, 2208, 2204, 2061, 1999, 1951, 1907, 1904, 1873, 1862, 1785, 1778, 1775, 1760, 1697, 1687, 1563, 1546, 1504, 1499, 1420, 1414, 1379, 1377, 1369, 1332, 1324, 1306, 1305, 1296, 1256, 1231, 1226, 1220, 1206, 1199, 1022, 951, 920, 906, 871, 851, 806, 760, 582, 544, 527, 474, 413, 382, 363, 360, 355, 354, 290, 277, 276, 231, 222, 220, 138, 86, 62, 31, 27, 26, 25, 15, 8, 2]",1130.41,80.0,0.32370836347950727,0.43205224244153106,2552.0,0.0
"[5858, 5421, 2325, 2208, 2204, 2061, 1873, 1775, 1697, 1687, 1563, 1546, 1443, 1414, 1256, 920, 906, 806, 544, 527, 413, 277, 163, 138, 86, 31, 27, 25, 15, 8, 2]",578.71,31.000000000000004,0.40726802622728087,0.5518625273478144,1142.0,0.0
"[4740, 3965, 3735, 3552, 3490, 3389, 3031, 2935, 2551, 2548, 2325, 2208, 2204, 2061, 1999, 1951, 1907, 1904, 1873, 1862, 1785, 1778, 1760, 1697, 1687, 1563, 1546, 1504, 1499, 1420, 1414, 1379, 1377, 1369, 1332, 1324, 1306, 1305, 1296, 1256, 1220, 1219, 1206, 1184, 1094, 1022, 951, 948, 920, 906, 871, 851, 806, 760, 590, 588, 582, 562, 544, 527, 474, 413, 382, 363, 360, 355, 354, 290, 277, 276, 163, 86, 62, 58, 31, 27, 26, 25, 15, 8]",1115.87,80.0,0.3133954313449486,0.4009774888327978,2544.0,0.0
"[5858, 3965, 3735, 3552, 3389, 3031, 2935, 2551, 2548, 2325, 2204, 2061, 1999, 1951, 1907, 1904, 1873, 1862, 1785, 1778, 1775, 1760, 1754, 1731, 1697, 1687, 1563, 1546, 1504, 1499, 1420, 1414, 1379, 1377, 1369, 1332, 1324, 1306, 1305, 1296, 1256, 1231, 1226, 1220, 1219, 1206, 1199, 1022, 951, 920, 906, 871, 851, 806, 760, 691, 582, 544, 527, 474, 413, 382, 363, 360, 355, 354, 290, 277, 276, 231, 222, 220, 138, 86, 62, 31, 27, 26, 25, 15, 8, 2]",1156.06,82.0,0.3224902937051889,0.42742207383501285,2590.0,0.0
"[5174, 4740, 3965, 3735, 3552, 3442, 3389, 3031, 2935, 2551, 2548, 2325, 2220, 2204, 2061, 1999, 1996, 1907, 1904, 1873, 1862, 1785, 1772, 1760, 1697, 1687, 1563, 1546, 1504, 1499, 1420, 1414, 1379, 1377, 1369, 1332, 1324, 1306, 1305, 1296, 1256, 1248, 1220, 1219, 1206, 1128, 1094, 1022, 1002, 951, 920, 906, 871, 851, 806, 760, 590, 588, 582, 544, 474, 413, 382, 363, 360, 355, 354, 335, 290, 277, 276, 116, 86, 62, 58, 54, 40, 27, 26, 25, 15, 8]",1149.99,82.0,0.3083492100952677,0.3989040499649298,2557.0,0.0
"[7228, 4740, 3735, 3552, 2674, 2548, 2325, 2196, 2061, 1907, 1904, 1873, 1862, 1778, 1775, 1687, 1663, 1563, 1546, 1504, 1420, 1414, 1296, 1256, 1022, 920, 906, 413, 355, 354, 277, 252, 231, 104, 86, 76, 26, 25, 15, 13, 8]",701.6200000000001,41.0,0.36587117365702104,0.5266354714327041,1428.0,0.0
"[5858, 5042, 4740, 3965, 3735, 3552, 3490, 3389, 3031, 2935, 2551, 2548, 2325, 2208, 2204, 2061, 1999, 1951, 1907, 1904, 1873, 1862, 1785, 1778, 1775, 1760, 1697, 1687, 1563, 1546, 1504, 1499, 1420, 1414, 1379, 1377, 1369, 1332, 1324, 1306, 1305, 1296, 1256, 1231, 1226, 1199, 1022, 951, 920, 906, 871, 851, 806, 760, 582, 544, 474, 413, 382, 363, 360, 355, 354, 290, 277, 276, 231, 222, 220, 138, 86, 62, 32, 31, 27, 26, 15, 8, 2]",1114.33,79.0,0.314325564231819,0.42870539920484874,2489.0,0.0
"[5858, 4740, 4114, 2325, 2196, 2061, 1873, 1687, 1563, 1546, 1414, 920, 527, 277, 86, 26, 25, 15, 13, 8]",387.82,19.999999999999993,0.42895161719249797,0.604510856516112,781.9999999999999,0.0
"[5858, 4740, 4023, 3965, 3735, 3490, 3374, 3196, 2935, 2325, 2321, 2204, 2196, 2061, 1951, 1907, 1904, 1873, 1862, 1778, 1775, 1772, 1760, 1754, 1697, 1687, 1563, 1546, 1443, 1414, 1379, 1369, 1324, 1306, 1256, 1231, 1226, 1219, 1199, 1128, 1094, 946, 920, 889, 881, 871, 851, 806, 760, 697, 588, 562, 544, 527, 458, 382, 363, 360, 355, 354, 290, 277, 276, 231, 222, 220, 173, 104, 86, 62, 58, 54, 40, 26, 25, 15, 13, 8]",1118.57,78.0,0.3278612427597134,0.44591207145069,2499.0,0.0
"[6891, 6523, 5858, 5835, 4740, 3998, 3965, 3735, 3552, 3521, 3520, 3502, 3490, 3442, 3374, 3196, 3031, 3025, 2935, 2548, 2325, 2321, 2204, 2061, 1951, 1907, 1904, 1873, 1862, 1824, 1778, 1775, 1772, 1760, 1754, 1697, 1546, 1444, 1443, 1420, 1414, 1379, 1369, 1332, 1324, 1306, 1296, 1256, 1248, 1239, 1231, 1226, 1219, 1206, 1161, 951, 920, 906, 889, 881, 871, 851, 847, 806, 760, 691, 474, 446, 431, 429, 413, 407, 402, 386, 382, 363, 360, 355, 354, 339, 335, 290, 277, 276, 252, 231, 222, 220, 198, 173, 86, 54, 25, 15, 8]",1248.22,95.0,0.3197440539996117,0.41420126035194926,2813.0,0.0
"[5858, 4740, 2325, 2196, 2061, 1873, 1697, 1563, 1553, 1546, 1256, 920, 413, 86, 32, 26, 15]",353.9,17.000000000000004,0.4386170853713669,0.605297435756972,666.0000000000001,0.0
"[4740, 4621, 2325, 2196, 2061, 1873, 1546, 920, 458, 86, 25, 15, 8]",280.59,13.0,0.4642698051897266,0.6328918721537155,516.0000000000001,0.0
"[5858, 4740, 3735, 2325, 2204, 2196, 2061, 1951, 1873, 1697, 1687, 1546, 1414, 1377, 1256, 1206, 1199, 1128, 920, 806, 588, 562, 544, 527, 277, 104, 86, 62, 50, 40, 26, 25, 15, 13, 8]",618.05,35.0,0.3752488734520478,0.5082392514143446,1251.0,0.0
"[1546, 2]",52.26,2.000000000000001,0.6902386677564212,0.8071240698977432,102.00000000000013,0.9999999999999998
"[4740, 3735, 3552, 3502, 3490, 3442, 3374, 3196, 2548, 2325, 2204, 2165, 2131, 2061, 1907, 1873, 1772, 1760, 1697, 1546, 1443, 1420, 1414, 1398, 1379, 1369, 1256, 1248, 1206, 1199, 1128, 951, 920, 906, 582, 544, 527, 474, 431, 429, 382, 363, 355, 354, 290, 277, 138, 116, 86, 67, 62, 16, 15, 13, 8]",869.92,55.0,0.3392809169558971,0.455685787485383,1772.0000000000002,0.0
"[5858, 4740, 3735, 2325, 2208, 2204, 2061, 1951, 1873, 1775, 1697, 1687, 1563, 1546, 1414, 1256, 1199, 920, 806, 562, 544, 527, 277, 163, 86, 27, 26, 25, 15, 13, 8]",568.61,31.000000000000004,0.38607819808217037,0.5204476729511809,1125.0,0.0
"[3196, 2325, 2061, 1907, 1873, 1862, 1697, 1563, 1546, 1504, 1414, 1369, 1296, 1256, 920, 906, 851, 734, 527, 474, 413, 355, 277, 252, 138, 86, 76, 25, 16, 15, 13, 8]",602.56,32.00000000000001,0.4074820293114576,0.6015278792467865,1206.0,0.0
"[6891, 4740, 3735, 3552, 3502, 3374, 2935, 2548, 2325, 2204, 2196, 2061, 1999, 1951, 1907, 1904, 1873, 1778, 1775, 1772, 1760, 1697, 1687, 1563, 1546, 1504, 1443, 1420, 1414, 1379, 1377, 1369, 1332, 1324, 1306, 1296, 1256, 1248, 1231, 1220, 1206, 1199, 1184, 951, 920, 914, 906, 889, 881, 851, 806, 760, 726, 588, 562, 544, 474, 442, 431, 429, 413, 410, 407, 386, 382, 363, 355, 354, 290, 277, 276, 231, 222, 163, 104, 86, 62, 58, 40, 26, 15, 13, 8]",1172.56,83.0,0.3219182059303882,0.42882124993879933,2684.0,0.0
"[5174, 4740, 3965, 3735, 3442, 3389, 3031, 2935, 2325, 2220, 2204, 2061, 1999, 1996, 1907, 1904, 1873, 1862, 1785, 1772, 1760, 1697, 1687, 1563, 1546, 1420, 1414, 1379, 1377, 1369, 1332, 1324, 1323, 1306, 1305, 1296, 1256, 1248, 1220, 1219, 1206, 1128, 1094, 951, 920, 906, 871, 851, 806, 760, 590, 588, 582, 544, 474, 413, 382, 363, 360, 355, 354, 335, 290, 277, 276, 116, 86, 62, 58, 54, 40, 27, 26, 25, 15, 8]",1084.94,76.0,0.31867882299785233,0.4085871064216,2422.0,0.0
"[5858, 4740, 3735, 2325, 2204, 2061, 1951, 1873, 1697, 1687, 1546, 1414, 1377, 1256, 1206, 1199, 1128, 920, 806, 588, 562, 544, 277, 104, 86, 62, 50, 40, 31, 27, 26, 25, 15, 8]",594.45,33.99999999999999,0.3786774122568777,0.5201779581318814,1203.0,0.0
"[5858, 4740, 3735, 3552, 2674, 2548, 2325, 2196, 2124, 2061, 1907, 1873, 1772, 1697, 1663, 1553, 1546, 1504, 1256, 1231, 1220, 1219, 1094, 1022, 920, 806, 588, 413, 355, 354, 252, 231, 104, 86, 76, 67, 62, 25, 15, 8]",689.34,40.0,0.3703128268923104,0.5169950686096938,1393.0,0.0
"[5858, 4740, 3735, 2548, 2325, 2204, 2196, 2061, 1951, 1873, 1697, 1546, 1504, 1414, 1377, 1256, 1206, 1199, 1128, 920, 806, 588, 562, 544, 527, 277, 104, 86, 62, 50, 40, 26, 25, 15, 13, 8]",638.9,36.0,0.367062149194503,0.5077091493680124,1260.0000000000002,0.0
"[5858, 4740, 3735, 2935, 2325, 2204, 2196, 2061, 1951, 1907, 1873, 1778, 1697, 1687, 1546, 1414, 1377, 1256, 1206, 1199, 1128, 920, 806, 588, 562, 544, 527, 104, 86, 62, 50, 40, 26, 25, 15, 13, 8]",656.38,37.0,0.3762283186486448,0.5051868393063137,1299.0000000000002,0.0
"[5858, 4740, 3735, 2325, 2204, 2196, 2061, 1951, 1873, 1697, 1687, 1563, 1546, 1414, 1377, 1256, 1206, 1199, 920, 806, 562, 559, 544, 527, 370, 86, 62, 50, 40, 26, 25, 15, 13, 8]",588.88,33.99999999999999,0.37790264178507094,0.5058459879512268,1173.0,0.0
"[6891, 6523, 6133, 5858, 4740, 3998, 3965, 3735, 3552, 3521, 3520, 3442, 3196, 3031, 3025, 2935, 2847, 2548, 2325, 2321, 2208, 2204, 2196, 2165, 1942, 1907, 1904, 1873, 1862, 1824, 1778, 1775, 1772, 1760, 1697, 1563, 1553, 1546, 1499, 1444, 1443, 1420, 1379, 1369, 1332, 1306, 1256, 1248, 1220, 1219, 1206, 1184, 1128, 1094, 951, 920, 889, 881, 871, 851, 847, 806, 760, 590, 582, 544, 474, 446, 413, 410, 407, 402, 386, 382, 363, 360, 355, 354, 339, 335, 276, 252, 231, 222, 163, 116, 86, 67, 62, 45, 40, 31, 27, 26, 25, 15, 8]",1290.51,97.0,0.31737254769462164,0.40912300871829155,2860.0,0.0
"[1873, 1546, 920, 86, 26, 25, 15, 2]",213.15,7.999999999999995,0.5396720449236381,0.727714052613186,408.0000000000001,0.0
"[5858, 4740, 3735, 2325, 2208, 2204, 2061, 1938, 1873, 1775, 1697, 1687, 1563, 1546, 1414, 1323, 1256, 1199, 920, 806, 562, 544, 527, 382, 277, 163, 86, 27, 26, 25, 15, 13, 8]",587.26,33.0,0.37620141984625577,0.506024011519747,1157.9999999999998,0.0
"[2325, 2061, 1873, 1862, 1687, 1563, 1546, 1420, 1414, 1296, 920, 906, 527, 413, 277, 86, 76, 25, 15, 13, 8]",442.5,20.999999999999996,0.43834540726442695,0.6209238893152311,871.0000000000002,0.0
"[7392, 5858, 4740, 3774, 3735, 3552, 2935, 2674, 2548, 2325, 2124, 2061, 1999, 1907, 1904, 1873, 1772, 1697, 1687, 1663, 1546, 1504, 1414, 1256, 1248, 1231, 1220, 1219, 1022, 920, 906, 851, 726, 588, 582, 527, 474, 355, 354, 277, 252, 231, 222, 138, 104, 86, 76, 62, 25, 15, 8, 2]",842.32,52.0,0.3565219686379215,0.49378432288996166,1735.9999999999998,0.0
"[5858, 4740, 3735, 2325, 2204, 2196, 2124, 2061, 1907, 1760, 1697, 1687, 1553, 1546, 1231, 1220, 1219, 1206, 1094, 920, 806, 413, 355, 222, 171, 86, 67, 62, 25, 15, 8]",558.62,31.000000000000004,0.3817189575988478,0.4921478991946604,1090.9999999999998,0.0
"[7280, 6891, 5858, 4740, 3735, 3442, 3196, 2935, 2325, 2208, 2204, 2165, 2061, 1951, 1907, 1904, 1873, 1862, 1824, 1778, 1775, 1772, 1760, 1697, 1687, 1563, 1546, 1414, 1379, 1369, 1332, 1256, 1248, 1220, 1219, 1206, 1199, 1184, 1128, 1094, 920, 881, 871, 851, 847, 806, 760, 590, 588, 582, 562, 544, 529, 527, 363, 360, 355, 354, 339, 335, 277, 252, 231, 222, 163, 116, 86, 62, 58, 40, 31, 27, 26, 25, 15, 8]",1085.29,76.0,0.3303467891875713,0.424065218497353,2425.0,0.0
"[5858, 4740, 3735, 2935, 2325, 2204, 2196, 1951, 1907, 1873, 1778, 1697, 1687, 1546, 1414, 1377, 1256, 1206, 1199, 1128, 920, 806, 588, 562, 544, 527, 386, 104, 86, 62, 50, 40, 26, 25, 15, 8]",639.07,36.0,0.38797488081826703,0.504987736093364,1275.0,0.0
"[4740, 1546, 920, 86]",107.21,4.000000000000003,0.6193244509940596,0.7658073714676776,199.00000000000017,0.9999999999999998
"[6891, 5858, 4740, 3965, 3942, 3735, 3442, 3196, 2935, 2325, 2220, 2204, 2061, 1907, 1904, 1873, 1862, 1778, 1775, 1772, 1760, 1754, 1697, 1687, 1563, 1546, 1420, 1414, 1379, 1369, 1332, 1324, 1306, 1305, 1296, 1256, 1239, 1231, 1219, 1206, 920, 906, 889, 881, 871, 851, 806, 760, 544, 413, 382, 360, 355, 354, 290, 277, 276, 231, 222, 220, 86, 54, 40, 27, 26, 25, 15, 8]",1004.57,68.0,0.32332344666613655,0.4335566383880489,2186.0,0.0
"[5858, 4740, 4488, 3735, 2325, 2204, 2196, 2124, 2061, 1907, 1760, 1697, 1687, 1546, 1231, 1220, 1219, 1206, 1094, 920, 806, 543, 413, 355, 222, 171, 86, 67, 62, 15, 8]",526.57,31.000000000000004,0.38082459014809833,0.4898959163129002,1062.9999999999998,0.0
"[4740, 3735, 3552, 3502, 3490, 3442, 3374, 3196, 3070, 2548, 2325, 2204, 2165, 2061, 1907, 1873, 1772, 1760, 1697, 1563, 1546, 1420, 1414, 1379, 1369, 1256, 1248, 1206, 1199, 1128, 951, 920, 906, 582, 544, 474, 431, 429, 382, 355, 354, 290, 277, 116, 86, 67, 62, 40, 27, 26, 25, 15, 14, 8, 2]",871.28,55.0,0.33972461138297416,0.43775907850906814,1812.0,0.0
"[7561, 7550, 6523, 5858, 4740, 3998, 3965, 3735, 3490, 3374, 3196, 3031, 2935, 2548, 2325, 2324, 2321, 2204, 2196, 2061, 1907, 1904, 1862, 1824, 1778, 1775, 1760, 1754, 1697, 1687, 1563, 1546, 1499, 1460, 1444, 1443, 1420, 1414, 1379, 1369, 1332, 1324, 1306, 1305, 1296, 1256, 1231, 1226, 1219, 1206, 1199, 1128, 946, 920, 889, 881, 871, 851, 847, 806, 760, 544, 527, 474, 458, 446, 442, 429, 413, 410, 407, 402, 386, 382, 363, 360, 355, 339, 335, 290, 277, 276, 231, 222, 220, 173, 104, 86, 26, 25, 15, 13, 8]",1244.79,93.0,0.29360973071008667,0.3754875661238035,2805.0,0.0
"[5858, 4740, 2325, 2196, 2061, 1873, 1697, 1563, 1553, 1414, 920, 413, 86, 26, 15, 8]",324.7,16.0,0.44712880163175184,0.6022225472599463,617.0,0.0
"[5858, 2061, 1873, 1697, 1546, 920, 138, 86, 15, 8]",237.16,9.999999999999996,0.49610468013062503,0.6927891350415091,452.00000000000017,0.0
"[7561, 7427, 6523, 5858, 4740, 3965, 3735, 3490, 3374, 3031, 2935, 2548, 2325, 2321, 2204, 2061, 1907, 1904, 1862, 1824, 1778, 1775, 1760, 1754, 1697, 1687, 1546, 1504, 1499, 1460, 1444, 1443, 1420, 1414, 1379, 1369, 1332, 1324, 1306, 1305, 1256, 1231, 1226, 1219, 1206, 1199, 946, 920, 889, 881, 871, 851, 847, 806, 760, 474, 458, 446, 442, 429, 413, 410, 407, 402, 386, 382, 363, 360, 355, 339, 335, 290, 277, 276, 231, 222, 220, 15, 13, 8]",1094.97,80.0,0.307744601867991,0.39598375896828375,2419.0,0.0
"[7566, 6891, 6523, 6133, 5858, 4740, 3998, 3965, 3735, 3552, 3521, 3520, 3442, 3196, 3031, 3025, 2935, 2847, 2548, 2325, 2321, 2208, 2204, 2196, 2165, 2061, 1942, 1907, 1904, 1862, 1824, 1778, 1775, 1760, 1697, 1687, 1563, 1546, 1499, 1444, 1443, 1420, 1379, 1369, 1332, 1306, 1256, 1248, 1220, 1219, 1206, 1184, 1128, 1094, 920, 889, 881, 871, 851, 847, 806, 760, 590, 582, 544, 527, 474, 446, 413, 410, 407, 402, 386, 382, 360, 355, 354, 339, 335, 276, 252, 231, 222, 173, 163, 116, 104, 86, 62, 40, 31, 27, 26, 25, 15, 13, 8]",1269.04,97.0,0.2987692233258541,0.4110351656751685,2839.0,0.0
"[5858, 4740, 3735, 2204, 2196, 2061, 1873, 1775, 1697, 1687, 1563, 1546, 1504, 1414, 1256, 1199, 920, 806, 562, 544, 527, 413, 277, 86, 27, 26, 25, 15, 8]",542.21,29.000000000000004,0.39229094697370726,0.5223927854818929,1045.9999999999998,0.0
"[6979, 5299, 4740, 3735, 3552, 3442, 3196, 2548, 2325, 2208, 2204, 2165, 2061, 1907, 1873, 1772, 1760, 1697, 1687, 1553, 1546, 1414, 1379, 1369, 1256, 1248, 1206, 1184, 1128, 1094, 920, 906, 590, 588, 582, 562, 544, 474, 382, 363, 355, 354, 277, 163, 138, 116, 86, 62, 58, 40, 31, 27, 26, 25, 15, 8]",875.8,56.00000000000001,0.33414704739321666,0.44994121884510263,1820.0,0.0
"[4740, 3735, 3561, 2325, 2196, 2061, 1907, 1873, 1546, 1504, 1420, 1414, 1256, 920, 906, 474, 442, 413, 355, 354, 165, 152, 138, 86, 25, 15, 13, 8]",526.05,28.0,0.39433929024318426,0.5709890571216524,1000.0000000000001,0.0
"[7772, 5858, 4740, 4621, 3735, 2325, 2204, 2196, 2124, 2061, 1907, 1873, 1760, 1697, 1687, 1546, 1231, 1220, 1219, 1206, 1094, 920, 806, 458, 355, 222, 171, 86, 67, 62, 15, 8]",549.97,32.00000000000001,0.37729460238333135,0.4904635143888615,1084.9999999999998,0.0
"[4740, 3735, 2325, 2196, 2061, 1873, 1697, 1563, 1546, 1504, 1420, 1414, 1324, 1256, 1206, 1184, 920, 277, 163, 86, 40, 15, 13, 8]",479.63,24.0,0.40847240390691,0.6016652571294391,953.0,0.0
"[6482, 5858, 4740, 3561, 3442, 3196, 2548, 2326, 2165, 2061, 1907, 1873, 1772, 1546, 1414, 920, 382, 370, 138, 116, 86, 15, 8]",397.36,22.999999999999996,0.4101270022409149,0.5524743697509638,736.9999999999999,0.0
"[4740, 3735, 2325, 2220, 2204, 2061, 1907, 1873, 1697, 1687, 1563, 1546, 1420, 1414, 1332, 1324, 1306, 1305, 1296, 1256, 1231, 1206, 920, 906, 851, 806, 544, 413, 355, 277, 276, 222, 165, 86, 54, 40, 27, 26, 25, 15, 8]",697.96,41.0,0.36234689638722406,0.5020912104050588,1507.9999999999998,0.0
"[5174, 4740, 3735, 3442, 3389, 3031, 2325, 2220, 2204, 2061, 1999, 1996, 1907, 1904, 1873, 1862, 1772, 1760, 1697, 1687, 1563, 1546, 1420, 1414, 1379, 1377, 1369, 1332, 1324, 1306, 1305, 1296, 1256, 1248, 1220, 1219, 1206, 1128, 1094, 951, 920, 906, 871, 851, 806, 590, 588, 582, 544, 474, 413, 363, 360, 355, 354, 335, 290, 276, 188, 116, 86, 62, 58, 54, 40, 27, 26, 25, 15, 8]",1033.13,70.0,0.32316337009734,0.4267090298672821,2285.0,0.0
"[6133, 5858, 4740, 3937, 3735, 3031, 2548, 2204, 2196, 2061, 1873, 1775, 1697, 1687, 1563, 1546, 1504, 1499, 1414, 1256, 1199, 951, 920, 806, 562, 544, 527, 474, 458, 442, 413, 277, 86, 26, 25, 15, 8]",645.98,37.0,0.3700311504624251,0.5125244212017758,1257.9999999999998,0.0
"[8016, 5736, 4740, 3735, 2548, 2325, 2061, 1999, 1907, 1873, 1697, 1563, 1546, 1504, 1420, 1414, 1256, 1219, 1206, 920, 906, 851, 726, 474, 355, 277, 252, 222, 86, 62, 58, 40, 27, 26, 25, 15, 14, 8, 2]",663.07,39.0,0.3694314667331018,0.5104914514582994,1348.0,0.0
"[7566, 7561, 6891, 6523, 6133, 5858, 4740, 3998, 3965, 3735, 3521, 3520, 3490, 3442, 3374, 3196, 3031, 3025, 2935, 2847, 2548, 2325, 2324, 2321, 2204, 2196, 2061, 1907, 1904, 1862, 1824, 1778, 1775, 1760, 1754, 1697, 1687, 1563, 1546, 1499, 1444, 1443, 1420, 1414, 1379, 1369, 1332, 1324, 1305, 1296, 1256, 1231, 1226, 1219, 1206, 1199, 1184, 1128, 920, 889, 881, 871, 851, 847, 806, 760, 544, 527, 474, 446, 429, 413, 410, 407, 402, 386, 382, 363, 360, 355, 339, 335, 290, 277, 276, 231, 222, 220, 173, 104, 86, 26, 25, 15, 13, 8]",1254.45,96.0,0.281271712555467,0.37649180404072435,2808.0,0.0
"[2061, 1546, 15]",81.01,3.0000000000000018,0.6205138336860541,0.7870491816524102,139.99999999999983,0.9999999999999998
"[4740, 1873, 1546, 1504, 1420, 1414, 1256, 920, 906, 491, 277, 86, 28, 15, 13, 8]",346.12,16.0,0.45969519214017573,0.6455497707141098,677.0000000000002,0.0
"[5858, 4740, 3735, 2548, 2325, 2196, 2124, 2061, 1907, 1873, 1772, 1697, 1553, 1546, 1504, 1256, 1231, 1220, 1219, 1094, 920, 806, 588, 413, 355, 354, 231, 104, 86, 76, 67, 62, 25, 15, 8]",629.91,35.0,0.38015551398133796,0.5287110100405569,1245.0,0.0
"[7566, 7561, 6891, 6523, 6133, 5858, 4740, 4552, 4287, 3998, 3965, 3735, 3521, 3520, 3490, 3442, 3374, 3031, 3025, 2935, 2847, 2548, 2325, 2324, 2321, 2208, 2204, 2061, 1907, 1904, 1862, 1824, 1778, 1775, 1760, 1754, 1697, 1546, 1499, 1444, 1443, 1420, 1414, 1379, 1369, 1332, 1305, 1296, 1256, 1231, 1226, 1219, 1206, 1199, 1094, 920, 889, 881, 871, 851, 847, 806, 760, 544, 527, 474, 446, 429, 413, 410, 407, 402, 386, 382, 363, 360, 355, 339, 335, 290, 277, 276, 231, 222, 220, 198, 173, 163, 86, 40, 27, 25, 15, 13, 8]",1245.86,95.0,0.2833215599279737,0.37793661784257315,2775.0,0.0
"[6157, 5174, 4740, 3965, 3735, 3442, 3389, 3031, 2935, 2325, 2220, 2204, 2061, 1999, 1996, 1907, 1904, 1873, 1862, 1785, 1772, 1760, 1697, 1687, 1563, 1546, 1440, 1420, 1414, 1379, 1377, 1369, 1324, 1305, 1256, 1248, 1220, 1219, 1206, 1128, 1094, 951, 920, 906, 871, 851, 806, 760, 590, 588, 582, 544, 474, 413, 363, 360, 355, 354, 335, 290, 277, 116, 86, 62, 58, 54, 40, 27, 26, 25, 15, 14, 8, 2]",1069.56,74.0,0.32061190238097836,0.42070090832862217,2371.0,0.0
"[7772, 5858, 4740, 4621, 3735, 3552, 3320, 3196, 2325, 2204, 2196, 2124, 2061, 1907, 1873, 1772, 1760, 1697, 1687, 1546, 1379, 1369, 1248, 1231, 1220, 1219, 1206, 1094, 920, 906, 806, 458, 382, 363, 355, 222, 171, 86, 67, 62, 15, 8]",675.5,42.0,0.35346729304227864,0.454117776294942,1327.0000000000002,0.0
"[5858, 4740, 3735, 2325, 2204, 2196, 2061, 1873, 1775, 1763, 1697, 1687, 1546, 1414, 1256, 1199, 920, 806, 562, 544, 527, 277, 86, 27, 26, 25, 15, 13, 8]",537.41,29.000000000000004,0.392154179634003,0.5205269857191356,1039.0,0.0
"[7566, 7561, 7039, 6891, 6523, 6133, 5858, 4740, 4287, 3998, 3965, 3735, 3521, 3520, 3442, 3374, 3196, 3031, 3025, 2935, 2847, 2548, 2325, 2324, 2321, 2208, 2204, 2165, 2061, 1907, 1904, 1862, 1824, 1778, 1775, 1760, 1754, 1697, 1546, 1499, 1444, 1443, 1420, 1414, 1379, 1369, 1332, 1306, 1305, 1296, 1256, 1231, 1226, 1219, 1206, 1199, 1184, 1094, 920, 889, 881, 871, 851, 847, 806, 760, 544, 527, 474, 446, 413, 410, 407, 402, 386, 382, 363, 360, 355, 339, 335, 290, 277, 276, 231, 222, 220, 198, 173, 163, 116, 86, 40, 27, 25, 15, 13, 8]",1243.59,98.0,0.2798414271096835,0.3737587610600779,2798.0,0.0
"[6891, 6345, 5858, 4740, 3735, 3552, 3502, 3196, 2935, 2548, 2325, 2208, 2204, 2196, 2165, 2061, 1999, 1951, 1942, 1907, 1904, 1778, 1775, 1760, 1697, 1687, 1563, 1546, 1504, 1443, 1420, 1379, 1369, 1332, 1306, 1256, 1248, 1220, 1219, 1206, 1184, 1128, 1094, 951, 914, 889, 881, 851, 806, 760, 590, 582, 544, 527, 474, 442, 431, 429, 413, 410, 407, 386, 382, 355, 354, 276, 252, 231, 222, 173, 163, 116, 104, 86, 62, 40, 31, 27, 26, 25, 15, 13, 8]",1151.37,83.0,0.3214206950167582,0.4131061440522594,2592.0,0.0
"[5278, 4740, 3735, 3552, 3502, 3031, 2935, 2548, 2325, 2208, 2204, 2061, 1999, 1951, 1907, 1873, 1775, 1772, 1760, 1697, 1687, 1563, 1546, 1504, 1499, 1443, 1420, 1414, 1379, 1369, 1256, 1248, 1199, 1128, 951, 920, 914, 889, 806, 590, 582, 562, 544, 527, 474, 431, 429, 413, 410, 407, 386, 382, 355, 354, 335, 277, 163, 104, 86, 27, 26, 25, 15, 13, 8]",986.67,65.0,0.33935502681942753,0.43719503422248884,2096.0,0.0
"[5858, 4740, 3735, 3374, 3031, 2325, 2324, 2321, 2204, 2196, 1907, 1873, 1862, 1824, 1772, 1760, 1754, 1697, 1563, 1553, 1546, 1420, 1414, 1379, 1369, 1332, 1324, 1306, 1305, 1296, 1256, 1231, 1226, 1219, 1206, 951, 920, 851, 847, 806, 474, 452, 413, 355, 354, 335, 290, 277, 231, 222, 220, 86, 67, 45, 26, 25, 15, 8]",891.93,58.00000000000001,0.3390179191854972,0.4250133229755674,1912.9999999999998,0.0
"[6796, 2325, 2061, 1873, 1546, 1420, 1414, 1296, 1256, 920, 906, 527, 277, 86, 15, 13, 8]",365.83,17.000000000000004,0.45520517578571096,0.632833035060126,711.0000000000001,0.0
"[6523, 5858, 5299, 4740, 3998, 3965, 3735, 3196, 3031, 2935, 2548, 2325, 2321, 2208, 2204, 2165, 2061, 1907, 1904, 1873, 1862, 1824, 1778, 1775, 1772, 1760, 1697, 1687, 1553, 1546, 1499, 1460, 1444, 1443, 1420, 1414, 1379, 1369, 1332, 1306, 1256, 1248, 1220, 1206, 1184, 1128, 1094, 951, 946, 920, 889, 881, 871, 851, 847, 760, 590, 588, 582, 562, 474, 458, 446, 442, 410, 407, 402, 386, 382, 363, 360, 355, 339, 335, 277, 276, 231, 222, 163, 138, 116, 86, 62, 58, 40, 31, 27, 26, 25, 15, 8]",1228.26,91.0,0.32019940126908164,0.43408411153766846,2827.0,0.0
"[5858, 3735, 3374, 3196, 3031, 2325, 2324, 2321, 2204, 2196, 1907, 1904, 1873, 1862, 1824, 1778, 1775, 1772, 1760, 1754, 1697, 1563, 1553, 1546, 1420, 1414, 1379, 1369, 1332, 1324, 1306, 1305, 1296, 1256, 1231, 1226, 1219, 1206, 1199, 1128, 951, 920, 906, 871, 851, 847, 806, 760, 474, 413, 363, 360, 355, 354, 335, 290, 277, 231, 222, 220, 116, 86, 67, 45, 26, 25, 15, 8]",1029.56,68.0,0.3279034736776829,0.44048138015724536,2213.0,0.0
"[7566, 7561, 7039, 6891, 6523, 6133, 5858, 4740, 4287, 3998, 3965, 3735, 3521, 3520, 3442, 3374, 3196, 3031, 3025, 2935, 2847, 2548, 2325, 2324, 2321, 2278, 2208, 2204, 2165, 2061, 1907, 1904, 1862, 1824, 1778, 1775, 1760, 1754, 1697, 1546, 1499, 1444, 1443, 1420, 1414, 1379, 1369, 1332, 1306, 1305, 1296, 1256, 1231, 1226, 1219, 1206, 1199, 1184, 1094, 920, 906, 889, 881, 871, 851, 847, 806, 760, 544, 527, 474, 446, 413, 410, 407, 402, 386, 382, 363, 360, 355, 339, 335, 290, 277, 276, 231, 222, 220, 198, 173, 163, 116, 86, 40, 25, 15, 13, 8]",1260.28,99.0,0.2788232837548217,0.3776355089898149,2810.0,0.0
"[2061, 1546, 920, 252, 86, 15]",167.56,6.000000000000004,0.5448369147496239,0.7462139640169236,305.0000000000001,0.0
"[4740, 3965, 3735, 3552, 3196, 3031, 2935, 2325, 2204, 2196, 2061, 1951, 1907, 1873, 1775, 1772, 1760, 1697, 1687, 1563, 1546, 1504, 1414, 1379, 1369, 1256, 1248, 1206, 1199, 1128, 920, 889, 806, 760, 590, 582, 562, 544, 527, 474, 382, 355, 354, 335, 277, 104, 86, 50, 40, 25, 15, 13, 8, 1]",870.34,54.0,0.3415716197028087,0.46400876054430795,1762.9999999999998,0.0
"[5546, 4740, 3735, 3442, 3374, 3196, 3031, 2935, 2325, 2324, 2321, 2204, 2196, 1996, 1907, 1904, 1873, 1862, 1824, 1772, 1760, 1697, 1687, 1563, 1553, 1546, 1420, 1414, 1379, 1377, 1369, 1332, 1324, 1306, 1305, 1296, 1256, 1248, 1226, 1220, 1219, 1206, 1199, 1128, 1094, 920, 871, 851, 806, 760, 590, 588, 582, 474, 413, 363, 360, 355, 354, 335, 290, 277, 276, 116, 86, 67, 62, 45, 26, 25, 15, 8]",1056.39,72.0,0.3175316585789141,0.4259742546023285,2332.0,0.0
"[5858, 4740, 3735, 3374, 3031, 2325, 2324, 2321, 2204, 2196, 1907, 1873, 1862, 1824, 1772, 1760, 1754, 1697, 1563, 1546, 1420, 1379, 1369, 1332, 1324, 1306, 1305, 1296, 1256, 1231, 1226, 1219, 1206, 951, 920, 851, 847, 806, 474, 452, 413, 355, 354, 335, 290, 277, 276, 231, 222, 220, 86, 67, 45, 26, 25, 15, 8]",880.91,57.00000000000001,0.3399511315335133,0.43698629285576995,1874.9999999999998,0.0
"[5827, 2325, 2061, 1873, 1546, 1296, 920, 824, 527, 277, 86, 15, 13, 2]",303.46,14.0,0.4586418169783322,0.6615809550705488,589.0,0.0
"[8416, 5424, 5174, 4740, 3735, 3442, 3389, 3031, 2325, 2220, 2204, 2061, 1999, 1996, 1907, 1873, 1772, 1760, 1697, 1687, 1563, 1546, 1504, 1499, 1420, 1414, 1379, 1369, 1332, 1323, 1306, 1305, 1296, 1248, 1220, 1219, 1206, 1128, 1094, 951, 920, 871, 851, 806, 590, 588, 582, 544, 527, 474, 413, 363, 360, 355, 354, 335, 290, 276, 116, 86, 62, 58, 54, 40, 27, 26, 25, 15, 13, 8]",1005.63,70.0,0.31318494848419065,0.41903893575873963,2219.0,0.0
"[4740, 3735, 2325, 2061, 1873, 1697, 1553, 1546, 1504, 1324, 1256, 1220, 1219, 1206, 920, 806, 413, 86, 67, 62, 25, 15, 8]",445.32,22.999999999999996,0.4107304863694544,0.564069293038574,878.0,0.0
"[7566, 6891, 6523, 6133, 5858, 4740, 4408, 3998, 3965, 3735, 3552, 3521, 3520, 3442, 3196, 3031, 3025, 2935, 2847, 2548, 2325, 2321, 2208, 2204, 2196, 2165, 2061, 1942, 1907, 1904, 1862, 1824, 1778, 1775, 1760, 1697, 1563, 1546, 1499, 1444, 1443, 1420, 1414, 1379, 1369, 1332, 1306, 1256, 1248, 1220, 1219, 1206, 1184, 1128, 1094, 920, 889, 881, 871, 851, 847, 806, 760, 590, 582, 544, 527, 474, 446, 410, 407, 402, 386, 382, 363, 360, 355, 354, 339, 335, 276, 252, 231, 222, 173, 171, 163, 116, 104, 86, 62, 40, 31, 27, 26, 25, 15, 13, 8]",1281.82,99.0,0.3008992415687606,0.410430672427218,2855.0,0.0
"[3735, 3561, 2325, 2196, 2061, 1907, 1873, 1594, 1546, 1504, 1332, 1324, 1256, 1219, 1206, 920, 474, 442, 413, 355, 354, 252, 86, 58, 54, 25, 15]",509.85,27.0,0.3982117543096416,0.5643515121633104,975.0000000000001,0.0
"[7561, 7550, 6523, 5858, 4740, 3998, 3965, 3735, 3490, 3374, 3196, 3031, 2935, 2548, 2325, 2324, 2321, 2208, 2204, 2165, 2061, 1907, 1904, 1862, 1824, 1778, 1775, 1760, 1754, 1697, 1546, 1499, 1461, 1460, 1444, 1443, 1420, 1414, 1379, 1369, 1332, 1306, 1305, 1296, 1256, 1231, 1226, 1219, 1206, 1199, 1184, 1094, 946, 920, 889, 881, 871, 851, 847, 806, 760, 544, 474, 458, 446, 442, 429, 413, 410, 407, 402, 386, 382, 363, 360, 355, 339, 335, 290, 277, 276, 231, 222, 220, 173, 116, 86, 40, 27, 25, 15, 13, 8]",1230.61,93.0,0.289640175894189,0.3730224002814444,2786.0,0.0
"[4740, 3196, 2548, 2325, 2061, 1907, 1873, 1772, 1546, 1420, 1414, 1184, 920, 382, 277, 86, 27, 25, 15, 13, 8]",416.04,20.999999999999996,0.42410023134896513,0.5909721029448097,817.0,0.0
"[6891, 6543, 4740, 3998, 3919, 3735, 3552, 3490, 3442, 3374, 3196, 2935, 2548, 2325, 2321, 2204, 2061, 1999, 1907, 1904, 1873, 1862, 1824, 1778, 1775, 1772, 1760, 1697, 1687, 1563, 1546, 1504, 1444, 1420, 1414, 1379, 1369, 1332, 1324, 1323, 1306, 1305, 1296, 1256, 1248, 1206, 1128, 951, 920, 914, 889, 881, 851, 806, 760, 582, 544, 527, 474, 431, 413, 410, 407, 382, 363, 360, 355, 354, 335, 290, 277, 276, 231, 116, 86, 67, 62, 40, 27, 26, 25, 15, 13, 8]",1170.13,84.0,0.3111578435882898,0.39034582420733477,2596.0,0.0
"[6523, 5858, 4740, 3965, 3735, 3374, 3198, 3196, 3031, 2935, 2325, 2324, 2321, 2204, 2196, 2061, 1907, 1904, 1862, 1824, 1778, 1775, 1760, 1754, 1697, 1563, 1546, 1420, 1414, 1379, 1369, 1332, 1324, 1306, 1305, 1296, 1256, 1231, 1226, 1219, 1206, 1199, 1128, 920, 889, 881, 871, 851, 847, 806, 760, 544, 527, 474, 413, 363, 360, 355, 339, 335, 290, 277, 276, 231, 222, 220, 173, 104, 86, 26, 25, 15, 13, 8]",1060.78,74.0,0.31811641648590494,0.4374126194543705,2306.0,0.0
"[6181, 5546, 4740, 3735, 3442, 3196, 3031, 2935, 2325, 2324, 2321, 2204, 2196, 1999, 1996, 1907, 1904, 1873, 1862, 1772, 1760, 1697, 1687, 1563, 1553, 1546, 1420, 1414, 1379, 1377, 1369, 1332, 1324, 1305, 1296, 1256, 1248, 1220, 1219, 1206, 1184, 1128, 1094, 951, 920, 871, 851, 806, 760, 590, 588, 582, 544, 474, 413, 363, 360, 355, 354, 335, 290, 277, 173, 116, 104, 86, 62, 58, 50, 26, 25, 15, 8]",1063.5,73.0,0.3225510104542262,0.41027214984495597,2310.0,0.0
"[4740, 3965, 3735, 3552, 3196, 3031, 2935, 2903, 2325, 2204, 2196, 1951, 1907, 1873, 1775, 1772, 1760, 1697, 1687, 1563, 1546, 1504, 1414, 1379, 1369, 1256, 1248, 1206, 1199, 1128, 920, 906, 889, 806, 760, 590, 582, 562, 544, 527, 474, 382, 355, 354, 335, 277, 104, 86, 50, 40, 25, 15, 13, 8, 2]",877.36,55.0,0.3495470747254984,0.4633054527421987,1778.0000000000002,0.0
"[5278, 4740, 3735, 2325, 2220, 2208, 2204, 2061, 1907, 1873, 1775, 1697, 1687, 1563, 1546, 1414, 1332, 1324, 1256, 1231, 1206, 1199, 920, 851, 806, 582, 562, 544, 453, 355, 277, 222, 163, 86, 54, 27, 26, 25, 15, 13, 8]",699.82,41.0,0.36447074738363283,0.47577605698482883,1440.0,0.0
"[5858, 4740, 3735, 3552, 2325, 2196, 2124, 2061, 1873, 1772, 1697, 1553, 1546, 1256, 1231, 1220, 1219, 1094, 920, 806, 588, 413, 355, 354, 231, 104, 86, 76, 67, 62, 25, 15, 8]",593.45,33.0,0.38302863350420435,0.5225718132719154,1177.0000000000002,0.0
"[5858, 4740, 2325, 2196, 2061, 1873, 1697, 1563, 1553, 1546, 1414, 920, 413, 277, 86, 15, 8]",353.79,17.000000000000004,0.4366874672723555,0.6007682338913569,678.0,0.0
"[6891, 6523, 6133, 5858, 4740, 3998, 3965, 3735, 3552, 3521, 3520, 3442, 3196, 3031, 3025, 2935, 2847, 2548, 2325, 2321, 2208, 2204, 2165, 2061, 1944, 1942, 1907, 1904, 1873, 1862, 1824, 1778, 1775, 1772, 1760, 1697, 1563, 1546, 1499, 1444, 1443, 1420, 1379, 1369, 1332, 1306, 1248, 1220, 1219, 1206, 1184, 1128, 1094, 951, 920, 889, 881, 871, 851, 847, 806, 760, 590, 582, 544, 527, 474, 446, 413, 410, 407, 402, 386, 382, 363, 360, 355, 354, 339, 335, 276, 252, 231, 222, 163, 116, 86, 67, 62, 40, 32, 31, 27, 26, 25, 15, 13, 8]",1283.85,98.0,0.314033508046068,0.41229447245165085,2896.0,0.0
"[6891, 6523, 6133, 5858, 4740, 4408, 3998, 3965, 3735, 3552, 3521, 3520, 3442, 3031, 3025, 2935, 2847, 2771, 2708, 2548, 2325, 2321, 2208, 2204, 2196, 2165, 2061, 1951, 1907, 1904, 1862, 1824, 1778, 1775, 1760, 1697, 1687, 1563, 1546, 1504, 1499, 1444, 1443, 1420, 1414, 1379, 1369, 1332, 1306, 1296, 1256, 1248, 1206, 1184, 920, 914, 906, 889, 881, 871, 851, 847, 760, 590, 582, 544, 527, 474, 446, 413, 410, 407, 402, 386, 382, 360, 355, 354, 339, 335, 277, 276, 252, 231, 222, 163, 152, 138, 116, 86, 62, 40, 31, 27, 26, 25, 15, 13, 8, 2]",1288.01,100.0,0.31470942048985795,0.4381241344117488,2916.0,0.0
"[5546, 4740, 3735, 3442, 3374, 3196, 2325, 2324, 2321, 2204, 2196, 1907, 1873, 1862, 1824, 1772, 1760, 1697, 1687, 1563, 1553, 1546, 1420, 1414, 1379, 1369, 1332, 1324, 1306, 1305, 1296, 1256, 1248, 1220, 1219, 1206, 1199, 1128, 920, 806, 590, 588, 474, 413, 363, 355, 354, 290, 277, 276, 116, 86, 67, 62, 45, 26, 15, 8, 1]",918.65,59.00000000000001,0.328204430268932,0.4481401208409903,1951.9999999999998,0.0
"[5546, 4740, 3735, 3442, 3374, 3031, 2325, 2324, 2321, 2204, 2196, 1996, 1907, 1904, 1873, 1862, 1824, 1772, 1760, 1697, 1687, 1563, 1553, 1546, 1420, 1414, 1379, 1377, 1369, 1332, 1324, 1306, 1305, 1296, 1256, 1248, 1226, 1220, 1219, 1206, 1199, 1128, 1094, 920, 871, 851, 806, 590, 588, 582, 474, 413, 363, 360, 355, 354, 335, 290, 277, 276, 86, 67, 62, 26, 25, 15, 8]",1001.4099999999999,66.99999999999999,0.3208722733289887,0.4310089554571558,2210.0,0.0
"[7566, 7561, 6891, 6523, 5858, 4740, 4287, 3965, 3735, 3442, 3374, 2935, 2847, 2325, 2324, 2321, 2208, 2204, 2061, 1907, 1904, 1862, 1824, 1778, 1775, 1760, 1754, 1697, 1691, 1546, 1420, 1414, 1379, 1369, 1332, 1305, 1296, 1256, 1231, 1226, 1219, 1206, 1199, 1094, 920, 889, 881, 871, 851, 847, 806, 760, 544, 527, 474, 386, 382, 363, 360, 355, 335, 290, 277, 276, 231, 222, 220, 198, 173, 163, 86, 40, 27, 25, 15, 13, 8]",1068.85,77.0,0.2947296996786104,0.39958896374547426,2348.0,0.0
"[4740, 4418, 3735, 2325, 2061, 1907, 1873, 1546, 1420, 1414, 1305, 1296, 1256, 1206, 920, 906, 474, 442, 413, 355, 354, 277, 276, 86, 15, 8]",495.74,26.0,0.39265719364425933,0.5635449834976679,975.9999999999999,0.0
"[5858, 4740, 3735, 2325, 2204, 2061, 1873, 1775, 1697, 1687, 1563, 1546, 1420, 1414, 1296, 1256, 920, 806, 562, 544, 527, 277, 276, 163, 86, 27, 26, 15, 13, 8]",558.27,30.000000000000004,0.38870607855450623,0.5474765421266075,1123.9999999999998,0.0
"[7772, 5858, 4740, 4562, 3735, 2325, 2204, 2196, 2124, 2061, 1907, 1873, 1760, 1697, 1687, 1546, 1414, 1231, 1220, 1219, 1206, 1094, 920, 806, 458, 355, 222, 171, 86, 67, 62, 15, 8]",571.87,33.0,0.375602690188354,0.47884954863160245,1118.0,0.0
"[6891, 6543, 6523, 5858, 4740, 4287, 3998, 3735, 3490, 3442, 3374, 2935, 2847, 2548, 2325, 2324, 2208, 2204, 2061, 1907, 1904, 1862, 1824, 1778, 1775, 1760, 1754, 1697, 1546, 1504, 1444, 1443, 1420, 1414, 1379, 1369, 1332, 1305, 1296, 1256, 1231, 1226, 1219, 1206, 1199, 1094, 920, 889, 881, 871, 851, 847, 806, 760, 544, 527, 474, 429, 413, 410, 407, 386, 382, 363, 360, 355, 339, 335, 290, 277, 276, 231, 222, 220, 198, 173, 163, 86, 40, 27, 25, 15, 13, 8]",1152.36,84.0,0.30669607380763586,0.3891250778988429,2580.0,0.0
"[4740, 3735, 2325, 2196, 2061, 1873, 1697, 1563, 1546, 1504, 1414, 1324, 1256, 1206, 1184, 920, 277, 163, 86, 40, 15, 13, 8]",451.98,22.999999999999996,0.4116064959158192,0.6016425652914063,901.9999999999998,0.0
"[5546, 4740, 3735, 3442, 3374, 3196, 3031, 2935, 2325, 2324, 2321, 2204, 1996, 1907, 1904, 1873, 1862, 1824, 1772, 1760, 1697, 1687, 1563, 1553, 1546, 1420, 1379, 1377, 1369, 1332, 1324, 1306, 1305, 1296, 1256, 1248, 1226, 1220, 1219, 1206, 1199, 1128, 1094, 951, 920, 871, 851, 806, 760, 590, 588, 582, 474, 413, 363, 360, 355, 354, 335, 290, 277, 276, 116, 86, 67, 62, 45, 26, 25, 15, 8]",1047.9,71.0,0.3211601160566746,0.42833236203844516,2306.0,0.0
"[7753, 5858, 4740, 3735, 3442, 2548, 2325, 2196, 2061, 1999, 1907, 1873, 1772, 1697, 1687, 1563, 1546, 1504, 1420, 1414, 1379, 1256, 1248, 1231, 1219, 1206, 920, 851, 806, 726, 544, 527, 474, 363, 355, 354, 277, 252, 222, 163, 86, 62, 25, 15, 13, 8, 1]",789.41,47.0,0.3469768996204502,0.4853289109794998,1600.0000000000002,0.0
"[6891, 6523, 5858, 4740, 4287, 3735, 3490, 3374, 3031, 2935, 2847, 2548, 2325, 2324, 2208, 2204, 2061, 1907, 1904, 1873, 1862, 1824, 1778, 1775, 1760, 1754, 1697, 1546, 1504, 1443, 1414, 1379, 1332, 1305, 1296, 1256, 1231, 1226, 1219, 1206, 1199, 1094, 920, 889, 881, 871, 851, 847, 806, 760, 576, 544, 527, 474, 413, 382, 363, 360, 355, 335, 290, 277, 276, 231, 222, 220, 198, 173, 163, 86, 40, 27, 25, 15, 13, 8]",1084.72,76.0,0.3034891777348735,0.3946384709027251,2377.0,0.0
"[7095, 5858, 4740, 3735, 3552, 2325, 2124, 2061, 1873, 1772, 1697, 1553, 1546, 1420, 1296, 1256, 1231, 1220, 1219, 1094, 920, 806, 588, 413, 355, 354, 231, 104, 86, 76, 62, 25, 15, 8]",604.44,33.99999999999999,0.3830367846436693,0.5118769418197304,1195.0,0.0
"[7871, 4740, 3735, 3552, 3374, 2935, 2548, 2325, 2061, 1907, 1904, 1873, 1772, 1697, 1553, 1546, 1504, 1414, 1379, 1369, 1332, 1306, 1256, 1248, 1220, 1219, 1206, 920, 889, 881, 851, 806, 413, 382, 355, 354, 290, 277, 276, 86, 67, 62, 25, 15, 8]",749.28,44.99999999999999,0.34873841413575146,0.4807696105992749,1523.0,0.0
"[5858, 4740, 4621, 3735, 2548, 2444, 2325, 2204, 2196, 2124, 2061, 1907, 1873, 1760, 1697, 1687, 1546, 1504, 1256, 1231, 1220, 1219, 1206, 1094, 920, 851, 806, 726, 474, 458, 355, 252, 222, 171, 86, 67, 62, 15, 8]",662.51,39.0,0.36164667300555775,0.48185423450067977,1316.0000000000002,0.0
"[4740, 3735, 3552, 3502, 3442, 3374, 3196, 2548, 2325, 2204, 2196, 2131, 1999, 1951, 1907, 1873, 1772, 1760, 1697, 1546, 1504, 1443, 1420, 1379, 1369, 1324, 1256, 1248, 1206, 1199, 1128, 951, 920, 869, 544, 474, 431, 429, 413, 386, 382, 363, 355, 354, 290, 277, 116, 86, 62, 25, 16, 15, 8]",828.29,53.0,0.341496596674407,0.4546494246751043,1688.0000000000002,0.0
"[4740, 2196, 2061, 1873, 1546, 1420, 1414, 920, 527, 277, 86, 15, 13, 8]",318.26,14.0,0.4705734187469286,0.6609013612298208,630.0000000000001,0.0
"[2325, 2061, 1873, 1563, 1546, 920, 413, 277, 86, 16, 15]",254.55,10.999999999999998,0.4804405226511541,0.677457077200195,478.99999999999983,0.0
"[3735, 2325, 2061, 1873, 1697, 1563, 1546, 1504, 1414, 1324, 1296, 1256, 1206, 1184, 920, 824, 277, 163, 86, 40, 15, 13, 8]",453.93,22.999999999999996,0.41726120120501164,0.6271293982512255,910.0000000000002,0.0
"[5858, 4740, 3735, 3552, 3196, 2325, 2196, 2061, 1873, 1772, 1697, 1563, 1546, 1256, 1231, 1219, 1128, 920, 806, 544, 527, 413, 355, 354, 231, 86, 76, 26, 25, 15, 13, 8]",580.41,32.00000000000001,0.38872231888590725,0.550538875677024,1112.9999999999998,0.0
"[6460, 5858, 3735, 3374, 3031, 2325, 2324, 2321, 2204, 2196, 1907, 1873, 1862, 1824, 1772, 1760, 1754, 1697, 1563, 1546, 1420, 1414, 1379, 1369, 1332, 1324, 1306, 1305, 1296, 1256, 1231, 1226, 1219, 1206, 920, 851, 847, 806, 474, 452, 413, 355, 354, 335, 290, 277, 276, 231, 222, 220, 86, 67, 45, 26, 25, 15, 8]",887.0,57.00000000000001,0.34133573707526765,0.43984348452571975,1854.0,0.0
"[7561, 7550, 6523, 5858, 4740, 3998, 3965, 3735, 3490, 3374, 3031, 2935, 2548, 2325, 2324, 2321, 2204, 2196, 2124, 2061, 1907, 1904, 1862, 1824, 1778, 1775, 1760, 1754, 1697, 1687, 1553, 1546, 1499, 1460, 1444, 1443, 1420, 1414, 1379, 1369, 1324, 1306, 1305, 1296, 1256, 1231, 1226, 1220, 1219, 1206, 1199, 1094, 946, 920, 889, 881, 871, 851, 847, 806, 760, 588, 474, 458, 446, 442, 429, 413, 410, 407, 402, 386, 382, 363, 360, 355, 339, 335, 290, 277, 276, 231, 222, 220, 173, 104, 86, 67, 62, 25, 15, 8]",1239.65,92.0,0.29311757869135024,0.37007927299190635,2807.0,0.0
"[7541, 6891, 6543, 5858, 4740, 4621, 3998, 3919, 3735, 3552, 3490, 3442, 3196, 2935, 2548, 2325, 2321, 2204, 2196, 2165, 2124, 2061, 1999, 1907, 1904, 1873, 1862, 1824, 1778, 1775, 1772, 1760, 1697, 1687, 1579, 1546, 1504, 1444, 1379, 1369, 1332, 1306, 1305, 1296, 1256, 1248, 1231, 1220, 1219, 1206, 1128, 1094, 920, 914, 889, 881, 851, 847, 806, 760, 726, 582, 474, 458, 407, 382, 363, 360, 355, 354, 335, 276, 231, 222, 171, 116, 104, 86, 67, 62, 15, 8]",1133.13,82.0,0.30698938463102043,0.38323038266781606,2415.0,0.0
"[5827, 2061, 1873, 1775, 1546, 920, 86, 15]",188.24,7.999999999999995,0.515450162143021,0.6972508567227625,353.0,0.0
"[5858, 4740, 3735, 2325, 2204, 2061, 1873, 1775, 1697, 1687, 1546, 1420, 1414, 1296, 1256, 1199, 1128, 920, 806, 588, 562, 544, 277, 86, 25, 15, 13, 8]",533.76,28.0,0.39823335684633254,0.5585921435928559,1051.0,0.0
"[7541, 6779, 5858, 4740, 4528, 3735, 3552, 3442, 3196, 3031, 2548, 2325, 2204, 2165, 2061, 1907, 1904, 1873, 1775, 1760, 1697, 1687, 1563, 1546, 1420, 1414, 1379, 1377, 1369, 1256, 1248, 1128, 920, 871, 806, 760, 562, 544, 527, 474, 382, 360, 355, 354, 277, 276, 163, 116, 104, 86, 27, 26, 15, 13, 8]",854.59,55.0,0.3325386246492401,0.45352490301561454,1728.0,0.0
"[7566, 7561, 7039, 6891, 6523, 6133, 5858, 4740, 4518, 4287, 3998, 3965, 3735, 3521, 3520, 3442, 3374, 3196, 3031, 3025, 2935, 2847, 2548, 2325, 2324, 2321, 2208, 2204, 2165, 2061, 1907, 1904, 1862, 1824, 1778, 1775, 1760, 1754, 1697, 1546, 1499, 1444, 1443, 1420, 1414, 1379, 1369, 1332, 1306, 1305, 1296, 1256, 1231, 1226, 1219, 1206, 1199, 1184, 1094, 920, 889, 881, 871, 851, 847, 806, 760, 544, 527, 474, 446, 413, 410, 407, 402, 386, 382, 363, 360, 355, 339, 335, 290, 277, 276, 231, 222, 220, 198, 173, 163, 116, 86, 40, 26, 25, 15, 13, 8]",1254.77,99.0,0.27620577989573025,0.3739108418752246,2819.0,0.0
"[5858, 4740, 2325, 2196, 2061, 1873, 1697, 1563, 1553, 1546, 1256, 1219, 920, 413, 86, 32, 26, 15, 8]",377.13,19.000000000000004,0.4279572791605344,0.5911070534654849,738.0000000000002,0.0
"[7541, 6779, 5858, 4740, 4528, 3735, 3552, 3442, 3196, 3031, 2548, 2325, 2204, 2165, 2061, 1907, 1904, 1873, 1775, 1760, 1697, 1687, 1563, 1546, 1499, 1420, 1414, 1379, 1377, 1369, 1256, 1248, 1128, 951, 946, 920, 871, 806, 760, 562, 544, 527, 475, 474, 458, 446, 442, 382, 360, 355, 354, 277, 276, 163, 116, 104, 86, 27, 26, 15, 13, 8]",928.13,62.0,0.3263605560081797,0.455474291734806,1929.9999999999998,0.0
"[4740, 3735, 3552, 3442, 3374, 3196, 3031, 2935, 2325, 2061, 1907, 1904, 1873, 1772, 1760, 1697, 1546, 1504, 1461, 1414, 1379, 1377, 1369, 1332, 1306, 1256, 1248, 1226, 1219, 1206, 1128, 1094, 920, 889, 881, 871, 851, 806, 760, 590, 544, 474, 413, 382, 363, 360, 355, 354, 335, 290, 277, 276, 116, 86, 40, 27, 25, 15, 13, 8]",929.97,60.00000000000001,0.33260586861215524,0.46025144432410503,1967.0000000000002,0.0
"[4740, 2325, 2061, 1873, 1553, 1546, 1414, 920, 614, 527, 277, 86, 15, 13, 8]",331.83,15.000000000000002,0.4589609441307516,0.6451799985098438,639.0,0.0
"[5546, 4740, 3735, 3442, 3374, 3031, 2325, 2324, 2204, 2196, 2124, 2061, 1996, 1907, 1904, 1873, 1862, 1824, 1772, 1760, 1697, 1687, 1563, 1553, 1546, 1379, 1377, 1369, 1332, 1324, 1306, 1305, 1256, 1248, 1231, 1226, 1220, 1219, 1206, 1199, 1128, 1094, 920, 871, 851, 806, 590, 588, 582, 474, 413, 363, 360, 355, 354, 335, 290, 277, 276, 86, 76, 67, 26, 25, 15, 8]",981.16,66.0,0.3172542974381045,0.428404575025888,2177.0,0.0
"[6979, 5278, 4740, 3748, 3735, 3552, 3442, 3196, 2548, 2325, 2220, 2208, 2204, 2165, 2061, 1907, 1873, 1775, 1772, 1760, 1697, 1687, 1546, 1414, 1379, 1369, 1332, 1324, 1256, 1248, 1231, 1206, 1199, 1128, 920, 851, 806, 582, 562, 544, 474, 453, 382, 363, 355, 354, 277, 163, 116, 86, 54, 27, 26, 25, 15, 13, 8]",873.15,57.00000000000001,0.33180911162684834,0.4263042878077028,1801.0,0.0
"[6891, 6543, 5299, 4740, 3998, 3919, 3735, 3552, 3490, 3442, 3196, 2935, 2548, 2325, 2321, 2208, 2204, 2061, 1999, 1907, 1904, 1873, 1862, 1824, 1778, 1775, 1772, 1760, 1697, 1687, 1553, 1546, 1504, 1444, 1414, 1379, 1369, 1332, 1324, 1306, 1305, 1296, 1256, 1248, 1184, 1128, 1094, 920, 914, 906, 889, 881, 851, 847, 806, 760, 738, 582, 562, 544, 474, 410, 407, 382, 363, 360, 355, 354, 335, 277, 276, 231, 163, 138, 116, 86, 62, 58, 40, 31, 27, 26, 25, 15, 8]",1166.09,85.0,0.30790446114108305,0.38575186814362705,2588.0,0.0
"[6891, 6543, 4740, 4287, 3998, 3919, 3735, 3552, 3490, 3442, 3374, 3196, 2935, 2548, 2325, 2321, 2208, 2204, 2061, 1999, 1907, 1904, 1873, 1862, 1824, 1778, 1775, 1772, 1760, 1697, 1546, 1504, 1444, 1443, 1414, 1379, 1369, 1332, 1324, 1306, 1305, 1296, 1256, 1248, 1219, 1206, 1199, 1128, 1094, 920, 914, 889, 881, 851, 847, 806, 760, 582, 527, 523, 474, 413, 410, 407, 382, 363, 360, 355, 354, 335, 290, 277, 276, 231, 198, 173, 163, 116, 86, 40, 27, 25, 15, 13, 8]",1178.83,85.0,0.3081742593153406,0.38219038058833776,2600.0,0.0
"[7561, 7550, 6523, 6062, 5858, 4740, 3965, 3735, 3490, 3374, 3196, 3031, 2935, 2325, 2324, 2321, 2208, 2204, 2165, 2061, 1907, 1904, 1862, 1824, 1778, 1775, 1760, 1754, 1697, 1546, 1461, 1460, 1420, 1414, 1379, 1369, 1332, 1306, 1305, 1296, 1256, 1231, 1226, 1219, 1206, 1199, 1184, 1094, 946, 920, 889, 881, 871, 851, 847, 806, 760, 544, 474, 458, 442, 429, 413, 410, 407, 402, 386, 382, 363, 360, 355, 339, 335, 290, 277, 276, 231, 222, 220, 173, 116, 86, 40, 27, 25, 15, 13, 8]",1175.53,88.0,0.2976230295374771,0.38782783411904054,2660.0,0.0
"[6891, 5858, 5047, 4740, 4528, 3735, 3442, 3196, 2935, 2548, 2325, 2324, 2321, 2208, 2204, 2196, 2061, 1907, 1904, 1873, 1824, 1778, 1775, 1760, 1754, 1697, 1563, 1553, 1546, 1527, 1420, 1379, 1369, 1305, 1296, 1256, 1231, 1226, 1219, 1206, 1199, 920, 871, 851, 760, 474, 413, 382, 360, 355, 335, 290, 276, 231, 222, 220, 198, 173, 163, 86, 32, 26, 15, 8]",940.73,64.0,0.3130696851428908,0.39538093729464663,1970.0,0.0
"[5546, 4740, 3735, 3442, 3374, 3196, 2325, 2324, 2321, 2204, 2196, 2061, 1907, 1873, 1862, 1772, 1760, 1697, 1687, 1563, 1553, 1546, 1379, 1369, 1332, 1324, 1306, 1305, 1256, 1248, 1220, 1219, 1206, 1199, 1128, 1094, 920, 806, 590, 588, 474, 413, 363, 355, 354, 290, 277, 276, 116, 86, 67, 62, 45, 26, 25, 15, 8, 1]",885.89,58.00000000000001,0.33178732127685073,0.4511463840286305,1901.9999999999998,0.0
"[6891, 6767, 6543, 4740, 3998, 3919, 3735, 3552, 3490, 3374, 3196, 2935, 2548, 2325, 2321, 2204, 2196, 2124, 2061, 1999, 1907, 1904, 1873, 1862, 1824, 1778, 1775, 1772, 1760, 1697, 1687, 1553, 1546, 1504, 1444, 1443, 1414, 1379, 1369, 1332, 1324, 1306, 1305, 1296, 1256, 1248, 1231, 1226, 1220, 1219, 1206, 1199, 1094, 920, 914, 889, 881, 851, 847, 806, 760, 588, 582, 474, 413, 410, 407, 382, 363, 360, 355, 354, 335, 290, 277, 276, 231, 173, 116, 104, 86, 67, 62, 25, 15, 8]",1187.95,86.0,0.3057020778920829,0.3855081072850164,2617.0,0.0
"[5084, 4740, 3965, 3735, 3552, 3490, 3374, 3196, 3031, 2935, 2548, 2325, 2204, 2196, 2061, 1951, 1907, 1904, 1873, 1862, 1824, 1775, 1772, 1760, 1697, 1687, 1563, 1546, 1504, 1443, 1414, 1379, 1369, 1332, 1256, 1248, 1206, 1199, 1128, 920, 889, 881, 851, 847, 806, 760, 590, 582, 544, 527, 474, 413, 382, 363, 360, 355, 354, 335, 290, 277, 104, 86, 50, 40, 25, 15, 13, 8, 1]",1048.97,69.0,0.32569838143371066,0.44290585058731824,2211.0,0.0
"[7566, 6891, 6523, 6133, 5858, 4740, 3998, 3965, 3735, 3552, 3521, 3520, 3442, 3196, 3031, 3025, 2935, 2847, 2548, 2325, 2321, 2208, 2204, 2196, 2165, 2061, 1942, 1907, 1904, 1862, 1824, 1778, 1775, 1760, 1697, 1687, 1563, 1546, 1499, 1444, 1443, 1420, 1379, 1369, 1332, 1306, 1256, 1248, 1220, 1219, 1206, 1184, 1128, 1094, 920, 889, 881, 871, 851, 847, 806, 760, 590, 582, 544, 527, 474, 446, 413, 410, 407, 402, 386, 382, 360, 355, 354, 339, 335, 276, 252, 231, 222, 177, 173, 163, 116, 104, 86, 62, 40, 31, 27, 26, 25, 15, 13, 2]",1270.13,98.0,0.3006424194486511,0.41141324950058633,2850.0,0.0
"[6891, 5858, 5047, 4914, 4740, 4621, 4528, 4287, 3735, 3442, 3196, 2935, 2548, 2325, 2324, 2321, 2208, 2204, 2196, 2061, 1907, 1904, 1824, 1778, 1775, 1760, 1754, 1697, 1546, 1420, 1379, 1369, 1305, 1296, 1256, 1231, 1226, 1219, 1206, 1199, 1094, 920, 871, 851, 760, 544, 474, 382, 360, 355, 335, 290, 276, 231, 222, 220, 198, 173, 163, 86, 40, 27, 25, 15, 8]",921.8,65.0,0.3100337245523186,0.378269956943867,1928.0000000000002,0.0
"[2061, 15]",47.93,2.000000000000001,0.6784664431073676,0.8094412182672406,86.99999999999987,0.9999999999999998
"[6523, 6515, 5858, 5546, 5299, 4740, 3998, 3965, 3735, 3196, 3031, 2935, 2548, 2325, 2324, 2321, 2204, 2196, 1907, 1904, 1873, 1862, 1824, 1778, 1775, 1772, 1760, 1697, 1687, 1563, 1553, 1546, 1444, 1443, 1420, 1414, 1379, 1369, 1324, 1306, 1305, 1296, 1256, 1248, 1220, 1206, 1128, 1094, 920, 889, 881, 871, 851, 847, 806, 760, 590, 588, 582, 474, 413, 410, 407, 402, 386, 382, 376, 363, 360, 355, 339, 335, 290, 277, 276, 231, 222, 163, 116, 86, 62, 26, 25, 15, 8]",1154.1,85.0,0.3013631907132961,0.38232818101932675,2588.0,0.0
"[7993, 4740, 3735, 3552, 3502, 3442, 3196, 2548, 2325, 2204, 2196, 2131, 2061, 1999, 1951, 1907, 1873, 1772, 1760, 1697, 1546, 1504, 1443, 1420, 1379, 1369, 1324, 1256, 1248, 1206, 1199, 1128, 951, 920, 544, 474, 431, 429, 413, 386, 382, 363, 355, 354, 290, 277, 116, 86, 62, 25, 16, 15, 8]",839.39,53.0,0.3426096427484637,0.45355883681681364,1666.0000000000002,0.0
"[7561, 7550, 6523, 5858, 4740, 3998, 3965, 3735, 3490, 3374, 3031, 2935, 2548, 2325, 2324, 2321, 2208, 2204, 2196, 2124, 2061, 1907, 1904, 1862, 1824, 1778, 1775, 1760, 1754, 1697, 1687, 1546, 1499, 1460, 1444, 1443, 1420, 1414, 1379, 1369, 1324, 1306, 1305, 1296, 1256, 1231, 1226, 1220, 1219, 1206, 1199, 1094, 946, 920, 889, 881, 871, 851, 847, 806, 760, 588, 474, 458, 442, 429, 413, 410, 407, 402, 386, 382, 363, 360, 355, 339, 335, 290, 277, 276, 231, 222, 220, 173, 104, 86, 67, 25, 15, 13, 8]",1224.26,91.0,0.29074006534015684,0.36858301845659214,2773.0,0.0
"[7541, 5873, 4740, 3735, 3552, 3442, 3196, 2548, 2325, 2124, 2061, 1999, 1907, 1873, 1772, 1760, 1697, 1687, 1546, 1504, 1420, 1414, 1379, 1369, 1324, 1296, 1256, 1248, 1231, 1184, 1128, 920, 726, 590, 588, 474, 382, 363, 355, 354, 277, 163, 116, 104, 86, 40, 25, 15, 13, 8]",823.1,50.0,0.3403053993571664,0.4819473787672154,1676.0,0.0
"[5546, 4740, 3735, 3442, 3374, 3196, 2325, 2324, 2321, 2204, 2196, 2061, 1907, 1873, 1862, 1824, 1772, 1760, 1697, 1687, 1563, 1553, 1546, 1420, 1379, 1369, 1332, 1324, 1306, 1305, 1256, 1248, 1220, 1219, 1206, 1199, 1128, 920, 806, 590, 588, 474, 413, 387, 363, 355, 354, 290, 277, 276, 116, 86, 67, 62, 45, 26, 15, 13, 8, 1]",910.12,60.00000000000001,0.3234408850381838,0.4497162460099293,1970.0,0.0
"[5947, 5858, 4740, 2325, 2061, 1873, 1697, 1563, 1553, 1546, 1256, 1219, 920, 413, 86, 27, 26, 25, 15, 8]",377.66,19.999999999999993,0.4259794626983222,0.5662556863617773,727.0000000000002,0.0
"[5546, 4740, 3735, 3442, 3374, 3031, 2325, 2324, 2321, 2204, 2196, 2124, 2061, 1996, 1907, 1904, 1873, 1862, 1824, 1772, 1760, 1697, 1687, 1563, 1553, 1546, 1379, 1377, 1369, 1332, 1324, 1306, 1305, 1256, 1248, 1226, 1220, 1219, 1206, 1199, 1128, 1094, 920, 871, 851, 806, 590, 588, 582, 521, 474, 413, 363, 360, 355, 354, 335, 290, 277, 276, 86, 76, 67, 62, 26, 25, 15, 8]",998.62,68.0,0.3160230853954933,0.42515528379213063,2205.0,0.0
"[4740, 3937, 3599, 3552, 3031, 2935, 2548, 1907, 1904, 1873, 1772, 1697, 1687, 1563, 1546, 1504, 1499, 1420, 1379, 1369, 1324, 1256, 1248, 1199, 951, 920, 906, 889, 881, 806, 562, 544, 474, 458, 442, 413, 382, 355, 354, 277, 86, 15, 13, 8, 2]",755.13,44.99999999999999,0.36507224755557965,0.49445125723240047,1556.0,0.0
"[6523, 5858, 4740, 3965, 3735, 3374, 3196, 3031, 2935, 2325, 2324, 2321, 2208, 2204, 2165, 2061, 1907, 1904, 1862, 1824, 1778, 1775, 1760, 1754, 1697, 1546, 1461, 1420, 1414, 1379, 1369, 1332, 1324, 1306, 1305, 1296, 1256, 1231, 1226, 1219, 1206, 1199, 1094, 920, 889, 881, 871, 851, 847, 806, 760, 553, 474, 413, 363, 360, 355, 339, 335, 290, 277, 276, 231, 222, 220, 173, 116, 86, 40, 27, 25, 15, 13, 8]",1055.07,74.0,0.31449985236626055,0.41823149319017605,2336.0,0.0
"[7817, 4740, 4621, 3735, 2325, 2324, 2321, 2208, 2204, 2196, 2061, 1907, 1873, 1824, 1775, 1697, 1687, 1563, 1546, 1420, 1332, 1305, 1296, 1256, 1231, 1206, 1199, 920, 851, 544, 355, 277, 276, 222, 163, 86, 54, 27, 26, 25, 15, 8]",693.75,42.0,0.3578712401647365,0.4987916122935425,1445.9999999999998,0.0
"[6909, 4740, 3442, 2935, 2325, 2208, 2204, 2061, 1951, 1907, 1904, 1873, 1772, 1697, 1546, 1420, 1414, 1377, 1256, 1199, 1184, 1128, 920, 889, 881, 806, 760, 491, 382, 363, 355, 354, 277, 252, 163, 86, 27, 26, 25, 15, 13, 8]",721.21,42.0,0.3674806299326082,0.49841463477543835,1471.0000000000002,0.0
"[8434, 7541, 5873, 3735, 3552, 3442, 3196, 2548, 2124, 2061, 1999, 1907, 1873, 1772, 1760, 1697, 1687, 1546, 1504, 1420, 1414, 1379, 1369, 1324, 1296, 1256, 1248, 1231, 1184, 1128, 920, 726, 590, 588, 474, 382, 363, 355, 354, 277, 163, 104, 86, 40, 25, 15, 13, 8, 2]",796.96,49.0,0.35662992129344206,0.4962015488981649,1648.0,0.0
"[4740, 4287, 3735, 3442, 3374, 3196, 3031, 2935, 2384, 2325, 2324, 2321, 2204, 2061, 1996, 1907, 1904, 1873, 1862, 1824, 1772, 1760, 1697, 1687, 1546, 1420, 1414, 1379, 1369, 1332, 1305, 1296, 1256, 1248, 1231, 1226, 1219, 1206, 1199, 1184, 1128, 1094, 920, 871, 851, 806, 760, 590, 544, 527, 474, 413, 363, 360, 355, 354, 335, 277, 276, 220, 173, 163, 116, 104, 86, 40, 27, 25, 15, 13, 8]",1044.65,71.0,0.3150516471280741,0.4199606390398851,2319.0,0.0
"[5858, 4740, 3735, 3512, 3442, 2548, 2325, 2196, 2061, 1999, 1907, 1873, 1697, 1687, 1563, 1546, 1504, 1420, 1414, 1379, 1256, 1248, 1231, 1219, 1206, 920, 851, 806, 726, 544, 527, 474, 363, 355, 354, 277, 252, 222, 163, 86, 62, 25, 15, 13, 8, 1]",769.78,45.99999999999999,0.34717553703301296,0.4913991734283847,1579.9999999999998,0.0
"[6979, 4740, 3748, 3735, 3552, 3442, 3374, 3196, 3031, 2935, 2548, 2325, 2324, 2321, 2204, 2196, 2165, 2144, 1907, 1904, 1862, 1775, 1772, 1760, 1697, 1687, 1563, 1553, 1546, 1420, 1414, 1379, 1377, 1369, 1332, 1324, 1306, 1305, 1296, 1256, 1248, 1231, 1206, 1199, 1128, 920, 871, 851, 806, 760, 582, 474, 453, 413, 382, 363, 360, 355, 354, 335, 290, 277, 276, 116, 86, 54, 26, 25, 15, 8]",996.56,70.0,0.3114259913035786,0.4198850473142608,2140.0,0.0
"[7085, 6891, 6543, 4740, 3919, 3735, 3552, 3374, 3196, 2935, 2325, 2321, 2204, 2196, 2124, 2061, 1907, 1904, 1873, 1862, 1824, 1778, 1775, 1772, 1760, 1697, 1687, 1553, 1546, 1504, 1443, 1414, 1379, 1369, 1332, 1324, 1306, 1305, 1296, 1256, 1248, 1231, 1226, 1219, 1206, 1199, 1094, 920, 914, 889, 881, 851, 847, 806, 760, 588, 582, 413, 407, 382, 363, 360, 355, 354, 335, 290, 277, 276, 231, 173, 116, 104, 86, 67, 62, 25, 15, 8]",1107.56,78.0,0.31051905708304295,0.3975673430278437,2424.0,0.0
"[4740, 4287, 3735, 3442, 3196, 3156, 2771, 2325, 2324, 2321, 2208, 2165, 2061, 1907, 1873, 1772, 1760, 1754, 1697, 1546, 1420, 1379, 1369, 1332, 1306, 1296, 1256, 1248, 1231, 1226, 1219, 1206, 1199, 1184, 1128, 1094, 920, 851, 806, 544, 527, 474, 363, 355, 354, 277, 198, 173, 163, 116, 86, 40, 27, 25, 15, 13, 8]",880.6,57.00000000000001,0.33300385948514766,0.4294211438484038,1812.0,0.0
"[6523, 6249, 5858, 4740, 3965, 3735, 3374, 3196, 3031, 2935, 2325, 2324, 2321, 2208, 2204, 2196, 2165, 2061, 1907, 1904, 1862, 1824, 1760, 1754, 1697, 1546, 1420, 1414, 1379, 1369, 1332, 1324, 1306, 1305, 1296, 1256, 1231, 1226, 1219, 1206, 1199, 1128, 1094, 920, 889, 881, 871, 851, 847, 806, 544, 527, 474, 413, 363, 360, 355, 339, 335, 290, 277, 276, 231, 222, 220, 173, 116, 86, 40, 27, 25, 15, 13, 8]",1052.12,74.0,0.3140943387665165,0.4163848760276089,2302.0,0.0
"[2061, 1873, 920, 442, 86, 15, 2]",192.52,7.000000000000005,0.5360147987647913,0.7271598105222878,350.9999999999999,0.9999999999999998
"[7541, 5858, 4740, 3735, 3656, 3552, 3442, 3196, 2548, 2325, 2124, 2061, 1999, 1907, 1873, 1772, 1760, 1697, 1563, 1546, 1504, 1420, 1379, 1369, 1324, 1256, 1248, 1231, 1184, 1128, 1053, 920, 726, 590, 588, 474, 382, 363, 355, 354, 277, 116, 104, 86, 54, 40, 25, 15, 13, 8]",816.09,50.0,0.3373207211022111,0.45726148713172265,1634.9999999999998,0.0
"[7066, 4740, 3735, 3374, 2325, 2196, 2061, 1873, 1697, 1563, 1546, 1443, 1420, 1414, 1379, 1369, 1332, 1324, 1306, 1256, 1220, 1219, 1206, 1184, 920, 851, 355, 354, 277, 276, 163, 86, 40, 15, 13, 8]",631.24,36.0,0.35702144607693653,0.4991362201953825,1278.0,0.0
"[7561, 7550, 6523, 6062, 5858, 4740, 3965, 3735, 3490, 3374, 3031, 2935, 2325, 2324, 2321, 2208, 2204, 2196, 2061, 1999, 1907, 1904, 1824, 1778, 1775, 1760, 1754, 1697, 1546, 1461, 1460, 1420, 1414, 1379, 1369, 1332, 1324, 1306, 1305, 1296, 1256, 1231, 1226, 1219, 1206, 1199, 1184, 946, 920, 906, 889, 881, 871, 851, 847, 806, 760, 474, 458, 442, 429, 413, 410, 407, 402, 386, 382, 363, 360, 355, 339, 335, 290, 277, 276, 231, 222, 220, 173, 163, 86, 62, 58, 40, 15, 13, 8]",1165.65,87.0,0.3009667021516871,0.40772928868218683,2703.0,0.0
"[7561, 7550, 6523, 5858, 4740, 3998, 3965, 3735, 3490, 3465, 3374, 3031, 2935, 2548, 2325, 2324, 2321, 2208, 2204, 2196, 2061, 1907, 1904, 1862, 1824, 1778, 1775, 1760, 1754, 1697, 1687, 1546, 1499, 1460, 1444, 1443, 1420, 1414, 1379, 1369, 1324, 1306, 1305, 1296, 1256, 1231, 1226, 1220, 1219, 1206, 1199, 1094, 946, 920, 889, 881, 871, 851, 847, 806, 760, 588, 474, 458, 442, 429, 413, 410, 407, 402, 386, 382, 363, 360, 355, 339, 290, 277, 276, 231, 222, 220, 173, 104, 86, 67, 25, 15, 13, 2]",1200.73,90.0,0.2951644521944795,0.3710619552029446,2712.0,0.0
"[4925, 4740, 4621, 4433, 3998, 3965, 3735, 3031, 2935, 2548, 2325, 2324, 2321, 2208, 2204, 2196, 2061, 1907, 1904, 1873, 1824, 1775, 1697, 1687, 1563, 1546, 1444, 1443, 1420, 1414, 1332, 1305, 1296, 1256, 1231, 1206, 1199, 920, 906, 889, 881, 851, 588, 544, 474, 413, 410, 402, 382, 363, 355, 277, 276, 222, 163, 86, 54, 27, 26, 25, 15, 13, 8]",945.52,63.0,0.3176764253934049,0.430557450755377,2043.0,0.0
"[5827, 4740, 4287, 3735, 3442, 3374, 3371, 3196, 3031, 2935, 2384, 2325, 2324, 2321, 2208, 2204, 2061, 1996, 1907, 1904, 1873, 1862, 1824, 1772, 1760, 1754, 1697, 1546, 1420, 1414, 1379, 1369, 1332, 1305, 1296, 1256, 1248, 1231, 1226, 1219, 1206, 1199, 1128, 1094, 920, 871, 851, 806, 760, 590, 544, 527, 474, 413, 363, 360, 355, 354, 335, 290, 277, 276, 220, 198, 173, 163, 116, 86, 40, 27, 25, 15, 13]",1059.39,73.0,0.3147733237407879,0.42130786724060054,2284.0,0.0
"[2325, 2196, 2061, 1873, 1546, 1420, 1296, 920, 527, 277, 86, 15, 13]",297.82,13.0,0.464542118571341,0.6462577419721207,580.0000000000001,0.0
"[4740, 3735, 2821, 2325, 2196, 2061, 1873, 1697, 1563, 1546, 1504, 1414, 1324, 1256, 1184, 920, 738, 277, 163, 86, 40, 15, 13, 8]",457.55,24.0,0.40594657502847564,0.5878479631363236,894.0000000000001,0.0
"[7561, 7550, 6523, 5858, 5076, 4740, 3998, 3965, 3735, 3490, 3374, 3031, 2935, 2548, 2325, 2324, 2321, 2208, 2204, 2196, 2124, 2061, 1904, 1862, 1824, 1778, 1775, 1760, 1754, 1697, 1687, 1546, 1499, 1460, 1444, 1443, 1420, 1414, 1379, 1369, 1324, 1306, 1305, 1296, 1256, 1231, 1226, 1220, 1219, 1206, 1199, 946, 920, 889, 881, 871, 851, 847, 806, 760, 588, 562, 544, 474, 458, 442, 429, 413, 410, 407, 402, 386, 382, 363, 360, 355, 339, 335, 290, 277, 276, 231, 222, 220, 173, 104, 86, 25, 15, 13, 8]",1211.98,91.0,0.2870472804223718,0.3627244577769031,2684.0,0.0
"[4740, 3735, 2325, 2196, 2061, 1697, 1546, 1420, 1414, 1324, 1206, 1184, 920, 906, 277, 163, 86, 40, 15, 13, 8]",416.98,20.999999999999996,0.43431323336707806,0.6110732043108982,848.0,0.0
"[5858, 4740, 2325, 1873, 1697, 1563, 1553, 1546, 1256, 1219, 920, 413, 86, 27, 26, 25, 15, 8, 2]",393.3,19.000000000000004,0.432559475839952,0.5742026741495071,747.0000000000001,0.0
"[6655, 5858, 4740, 3735, 2325, 2204, 2061, 1873, 1775, 1697, 1687, 1553, 1546, 1414, 1296, 1256, 1199, 1128, 920, 806, 588, 562, 544, 277, 86, 25, 15, 13, 8]",544.05,29.000000000000004,0.39574338927537445,0.5576336728378858,1033.0000000000002,0.0
"[6812, 6523, 6133, 4740, 3998, 3965, 3919, 3735, 3552, 3521, 3520, 3442, 3374, 3196, 3031, 3025, 2935, 2847, 2548, 2325, 2321, 2204, 2196, 2124, 2061, 1907, 1904, 1873, 1862, 1824, 1778, 1775, 1772, 1760, 1697, 1687, 1553, 1546, 1499, 1444, 1443, 1420, 1379, 1369, 1332, 1324, 1306, 1305, 1296, 1256, 1248, 1231, 1226, 1220, 1219, 1206, 1199, 1184, 1094, 920, 889, 881, 871, 851, 847, 806, 760, 588, 582, 474, 446, 413, 410, 407, 402, 386, 382, 363, 360, 355, 354, 339, 335, 290, 277, 276, 231, 173, 116, 104, 86, 67, 62, 40, 25, 15, 8]",1280.07,97.0,0.3035291236348776,0.38693250431334525,2910.0,0.0
"[7066, 3735, 3374, 2325, 2196, 2061, 1873, 1697, 1563, 1546, 1443, 1414, 1379, 1369, 1332, 1324, 1306, 1256, 1220, 1219, 1206, 1184, 920, 851, 527, 355, 354, 276, 163, 86, 40, 15, 13, 8, 2]",610.65,35.0,0.37186836487781005,0.5152184057959339,1243.0,0.0
"[8434, 7541, 5873, 4740, 3735, 3552, 3442, 3196, 2548, 2324, 2321, 2124, 2061, 1999, 1907, 1873, 1772, 1760, 1697, 1546, 1504, 1414, 1379, 1369, 1324, 1296, 1256, 1248, 1231, 1128, 920, 726, 590, 588, 527, 474, 382, 363, 355, 354, 277, 163, 104, 86, 40, 25, 15, 13]",778.08,48.0,0.34179412801527853,0.47425283378476135,1522.0000000000002,0.0
"[7993, 4740, 4621, 4033, 3735, 3552, 3502, 3442, 3196, 2548, 2325, 2204, 2196, 2061, 1999, 1907, 1873, 1772, 1760, 1697, 1687, 1546, 1504, 1443, 1420, 1379, 1369, 1256, 1248, 1220, 1219, 1206, 1199, 1128, 951, 920, 806, 474, 431, 429, 386, 382, 363, 355, 354, 277, 171, 116, 86, 67, 62, 15, 8]",816.79,53.0,0.32685428821700635,0.432351634375179,1668.9999999999998,0.0
"[7095, 5858, 4740, 3735, 3552, 2325, 2124, 2061, 1873, 1772, 1697, 1546, 1420, 1414, 1256, 1231, 1220, 1219, 1094, 985, 920, 806, 588, 355, 354, 277, 231, 104, 86, 76, 25, 15, 13, 8]",602.77,33.99999999999999,0.3788305624601209,0.5111330069617411,1195.0,0.0
"[5858, 4923, 4740, 3735, 3490, 3196, 2935, 2548, 2325, 2208, 2204, 2165, 2061, 1907, 1904, 1697, 1546, 1461, 1379, 1369, 1256, 1226, 1219, 1206, 1199, 1184, 1094, 946, 920, 889, 881, 851, 806, 544, 429, 413, 382, 355, 173, 116, 86, 40, 27, 25, 15, 13, 8]",756.44,47.0,0.3414087679296507,0.4242835582686699,1529.9999999999998,0.0
"[6543, 5858, 4740, 3998, 3735, 3490, 3374, 3196, 2548, 2325, 2324, 2321, 2208, 2204, 2165, 2061, 1907, 1904, 1862, 1824, 1778, 1775, 1760, 1754, 1697, 1579, 1546, 1461, 1460, 1444, 1379, 1369, 1332, 1306, 1305, 1296, 1256, 1231, 1226, 1219, 1206, 1199, 1184, 1094, 946, 920, 914, 889, 881, 871, 851, 847, 806, 760, 544, 474, 458, 442, 429, 407, 382, 363, 360, 355, 339, 335, 290, 277, 276, 231, 222, 220, 173, 116, 86, 40, 27, 25, 15, 13, 8]",1123.56,81.0,0.30174108621936013,0.38813180507747114,2468.0,0.0
"[6110, 4740, 3735, 2935, 2548, 2325, 2324, 2321, 2196, 2061, 2045, 1907, 1873, 1697, 1553, 1546, 1504, 1420, 1306, 1256, 1206, 920, 889, 851, 726, 474, 413, 382, 355, 277, 276, 252, 222, 86, 62, 13, 8, 1]",635.97,38.0,0.35806686782047903,0.4976702270210208,1248.0,0.0
"[7561, 6523, 5858, 5827, 4740, 4287, 3965, 3735, 3374, 3196, 3031, 2935, 2548, 2325, 2324, 2321, 2208, 2204, 2165, 2061, 1907, 1904, 1862, 1824, 1778, 1775, 1760, 1754, 1697, 1546, 1499, 1420, 1414, 1379, 1369, 1329, 1306, 1305, 1296, 1256, 1231, 1219, 1206, 1199, 1184, 1094, 920, 889, 881, 871, 851, 847, 806, 760, 544, 527, 474, 458, 442, 410, 407, 402, 386, 382, 363, 360, 355, 339, 335, 290, 277, 276, 231, 222, 220, 173, 163, 116, 86, 40, 15, 13, 2]",1140.17,83.0,0.2962078480624696,0.3850414756783316,2532.0,0.0
"[6812, 6523, 6133, 4740, 3998, 3965, 3919, 3735, 3552, 3521, 3520, 3442, 3374, 3196, 3031, 3025, 2935, 2847, 2548, 2325, 2324, 2321, 2204, 2196, 2061, 1907, 1904, 1873, 1862, 1824, 1778, 1775, 1772, 1760, 1697, 1687, 1546, 1499, 1444, 1443, 1420, 1414, 1379, 1369, 1332, 1324, 1306, 1305, 1296, 1256, 1248, 1231, 1226, 1220, 1219, 1206, 1199, 1184, 1094, 920, 889, 881, 871, 851, 847, 806, 760, 588, 582, 527, 474, 446, 413, 410, 407, 402, 386, 382, 363, 360, 355, 354, 339, 335, 290, 277, 276, 231, 173, 116, 104, 86, 40, 25, 15, 13]",1256.71,96.0,0.29650645772509043,0.3766641707718319,2838.0,0.0
"[4740, 3599, 2061, 1873, 1775, 1546, 1504, 1414, 1256, 920, 906, 491, 277, 86, 15, 13, 8]",360.95,17.000000000000004,0.45229036830456115,0.6501514269150398,678.9999999999999,0.0
"[7566, 7561, 7039, 6891, 6133, 5858, 5827, 5109, 4740, 4518, 4287, 3998, 3965, 3878, 3735, 3521, 3520, 3442, 3374, 3196, 3031, 3025, 2935, 2847, 2548, 2325, 2324, 2321, 2208, 2204, 2165, 2061, 1907, 1904, 1873, 1862, 1824, 1778, 1775, 1760, 1754, 1697, 1546, 1499, 1444, 1443, 1420, 1414, 1379, 1369, 1332, 1306, 1305, 1296, 1256, 1231, 1226, 1219, 1206, 1199, 1184, 1094, 920, 889, 881, 871, 851, 847, 806, 760, 544, 474, 446, 413, 410, 407, 402, 386, 382, 363, 360, 355, 339, 335, 290, 277, 276, 231, 222, 220, 198, 173, 163, 116, 86, 40, 25, 15, 13, 8]",1268.77,100.0,0.27918214690702003,0.3668105009267839,2808.0,0.0
"[4740, 1873, 1546, 1420, 1414, 1256, 920, 86, 15, 8]",251.58,9.999999999999996,0.5137181851165132,0.6935547731173295,483.99999999999994,0.0
"[7566, 7561, 6891, 6523, 5858, 5332, 4740, 4287, 3998, 3965, 3735, 3521, 3520, 3490, 3442, 3374, 2935, 2847, 2325, 2324, 2321, 2208, 2204, 2061, 1907, 1904, 1862, 1824, 1778, 1775, 1760, 1754, 1697, 1546, 1444, 1443, 1420, 1414, 1379, 1369, 1332, 1305, 1296, 1256, 1231, 1226, 1219, 1206, 1199, 1094, 920, 889, 881, 871, 851, 847, 806, 760, 544, 527, 446, 429, 413, 410, 407, 402, 386, 382, 363, 360, 355, 339, 335, 290, 277, 276, 231, 222, 220, 198, 173, 163, 86, 40, 27, 25, 15, 13, 8]",1174.67,89.0,0.2931825561688203,0.3891957898026669,2631.0,0.0
"[2325, 2061, 1873, 1546, 920, 138, 86, 15, 8]",219.78,8.999999999999996,0.5067363636289177,0.7100959448369625,419.0000000000001,0.0
"[4740, 3735, 2343, 2325, 2196, 2124, 2061, 1873, 1697, 1553, 1546, 1504, 1256, 1220, 1094, 920, 806, 588, 413, 382, 86, 76, 67, 62, 25, 15, 8]",504.34,27.0,0.3925584268336474,0.5504782777193263,1009.0,0.0
"[8350, 6891, 6523, 5858, 4740, 4287, 3735, 3490, 3442, 3374, 3031, 2935, 2847, 2548, 2325, 2324, 2208, 2204, 2196, 2061, 1907, 1904, 1873, 1862, 1824, 1778, 1775, 1760, 1754, 1697, 1546, 1504, 1443, 1420, 1414, 1379, 1332, 1305, 1296, 1256, 1231, 1226, 1219, 1206, 1199, 1128, 920, 889, 881, 871, 851, 847, 806, 760, 576, 527, 474, 413, 382, 363, 360, 355, 335, 290, 277, 276, 252, 231, 222, 220, 198, 173, 163, 86, 15, 13, 8]",1089.92,77.0,0.31108704008402865,0.41684388466101396,2410.0,0.0
"[4740, 4287, 3735, 3442, 3374, 3196, 3031, 2935, 2384, 2325, 2324, 2321, 2208, 2204, 1996, 1907, 1904, 1873, 1862, 1824, 1772, 1760, 1754, 1697, 1546, 1420, 1414, 1379, 1369, 1332, 1305, 1296, 1256, 1248, 1231, 1226, 1219, 1206, 1199, 1128, 1094, 920, 906, 871, 851, 806, 760, 590, 544, 491, 474, 413, 363, 360, 355, 335, 334, 290, 277, 276, 220, 198, 173, 163, 116, 86, 40, 27, 15, 13, 8, 2]",1053.68,72.0,0.31537804389470947,0.4165375692223916,2330.0,0.0
"[5858, 4740, 3442, 3196, 2548, 2325, 2061, 1935, 1546, 920, 527, 382, 277, 116, 86, 26, 25, 15, 13, 8, 2]",411.12,20.999999999999996,0.4119101183894831,0.5899705021359453,786.0000000000001,0.0
"[6110, 4740, 3735, 3023, 2935, 2548, 2325, 2324, 2321, 2196, 2061, 2045, 1907, 1873, 1697, 1553, 1546, 1504, 1420, 1306, 1206, 920, 889, 851, 726, 474, 413, 382, 355, 277, 276, 252, 222, 86, 62, 15, 13, 8]",633.63,38.0,0.3571289372676303,0.4976702270210208,1229.0,0.0
"[5858, 4740, 4418, 3735, 2325, 2061, 1907, 1873, 1775, 1697, 1583, 1546, 1420, 1414, 1305, 1296, 1256, 1206, 920, 906, 474, 442, 413, 355, 354, 277, 276, 163, 86, 15, 8]",565.1,31.000000000000004,0.38283640400302543,0.5397215649297554,1123.0,0.0
"[4740, 3735, 2325, 2196, 2061, 1873, 1697, 1546, 1420, 1414, 1256, 1184, 920, 625, 277, 163, 86, 15, 13, 8]",414.58,19.999999999999993,0.4303666127532617,0.6258494548363451,822.0000000000001,0.0
"[6891, 6767, 6543, 4740, 3998, 3919, 3735, 3552, 3490, 3374, 3196, 2935, 2548, 2325, 2321, 2204, 2196, 2124, 2061, 1999, 1907, 1904, 1873, 1862, 1824, 1778, 1775, 1772, 1760, 1697, 1687, 1553, 1546, 1504, 1444, 1443, 1414, 1379, 1369, 1332, 1324, 1306, 1305, 1296, 1256, 1248, 1231, 1226, 1220, 1219, 1206, 1199, 920, 914, 889, 881, 851, 847, 806, 760, 588, 474, 413, 410, 407, 387, 363, 360, 355, 354, 335, 290, 277, 276, 231, 173, 116, 104, 86, 67, 62, 26, 25, 24, 15, 8]",1190.66,86.0,0.3103441469502378,0.3995104112597301,2606.0,0.0
"[7566, 7561, 7039, 6891, 6133, 5858, 5827, 5109, 4740, 4518, 4287, 3998, 3965, 3878, 3735, 3521, 3520, 3442, 3374, 3196, 3031, 3025, 2935, 2847, 2548, 2325, 2324, 2321, 2208, 2204, 2061, 1907, 1904, 1873, 1862, 1824, 1778, 1775, 1760, 1754, 1697, 1563, 1553, 1546, 1499, 1444, 1443, 1414, 1379, 1369, 1332, 1306, 1305, 1296, 1256, 1231, 1226, 1219, 1206, 1199, 1184, 920, 889, 881, 871, 851, 847, 806, 760, 474, 446, 413, 410, 407, 402, 386, 382, 363, 360, 355, 339, 335, 290, 277, 276, 231, 222, 220, 198, 173, 163, 116, 86, 40, 27, 26, 25, 15, 13, 8]",1262.38,100.0,0.2772562521756009,0.36570504089868394,2807.0,0.0
"[4740, 3735, 2325, 2196, 2061, 1873, 1563, 1546, 1420, 1414, 1324, 1256, 1206, 1184, 920, 277, 163, 86, 40, 15, 13, 8]",439.2,21.999999999999996,0.4182745611222455,0.6139771299223071,889.9999999999999,0.0
"[6891, 4740, 4646, 3735, 3552, 3502, 3374, 3196, 3031, 2935, 2325, 2204, 2196, 2124, 2061, 1999, 1969, 1907, 1904, 1873, 1778, 1775, 1772, 1760, 1697, 1687, 1553, 1546, 1443, 1420, 1414, 1379, 1377, 1369, 1332, 1324, 1306, 1296, 1256, 1248, 1231, 1219, 1206, 1199, 1094, 951, 920, 914, 889, 881, 851, 806, 760, 588, 582, 474, 442, 431, 429, 410, 407, 386, 382, 363, 355, 354, 335, 290, 277, 276, 231, 222, 173, 116, 104, 86, 62, 25, 15, 8]",1143.01,80.0,0.32808213124680796,0.42240360047156567,2529.0,0.0
"[5858, 4740, 3735, 3454, 3196, 2325, 2061, 1907, 1873, 1697, 1563, 1546, 1420, 1324, 1256, 1053, 920, 382, 277, 86, 54, 40, 15, 13, 8]",485.21,25.0,0.3991064551790051,0.5628813247499964,945.9999999999999,0.0
"[8350, 6523, 5664, 5546, 4740, 3735, 3442, 3374, 3196, 2935, 2548, 2325, 2324, 2321, 2204, 2196, 2061, 1907, 1904, 1873, 1862, 1824, 1778, 1772, 1760, 1697, 1687, 1563, 1553, 1546, 1420, 1379, 1369, 1332, 1324, 1306, 1305, 1256, 1248, 1220, 1219, 1206, 1199, 1128, 920, 889, 881, 806, 760, 590, 588, 474, 413, 387, 382, 363, 355, 354, 290, 277, 276, 252, 116, 86, 67, 62, 45, 26, 15, 13, 8, 1]",1030.19,72.0,0.31014122381604836,0.41273259454164846,2263.0,0.0
"[5858, 4740, 3735, 2325, 2208, 2061, 1873, 1775, 1697, 1563, 1546, 1504, 1414, 1382, 1324, 1256, 1206, 920, 806, 562, 544, 527, 277, 163, 86, 40, 25, 15, 13, 8]",555.91,30.000000000000004,0.38546482110728364,0.5383151446414118,1090.0,0.0
"[7561, 7550, 6523, 6062, 5858, 3965, 3735, 3490, 3374, 3196, 3031, 2935, 2325, 2324, 2321, 2208, 2204, 2061, 1907, 1904, 1862, 1824, 1778, 1775, 1760, 1754, 1697, 1546, 1461, 1460, 1420, 1414, 1379, 1369, 1332, 1306, 1305, 1296, 1256, 1231, 1226, 1219, 1206, 1199, 1184, 1094, 946, 920, 889, 881, 871, 851, 847, 806, 760, 588, 582, 527, 474, 458, 442, 429, 413, 410, 407, 402, 386, 382, 363, 360, 355, 339, 335, 290, 277, 276, 231, 222, 220, 173, 116, 104, 86, 40, 25, 15, 13]",1174.33,87.0,0.3046322695990147,0.41338063832650507,2671.0,0.0
"[6523, 6133, 5858, 4740, 3998, 3965, 3919, 3735, 3552, 3521, 3520, 3442, 3374, 3196, 3067, 3031, 3025, 2935, 2847, 2548, 2325, 2324, 2321, 2208, 2204, 2196, 2124, 2061, 1907, 1904, 1862, 1824, 1778, 1775, 1772, 1760, 1754, 1697, 1687, 1546, 1499, 1444, 1443, 1420, 1414, 1379, 1369, 1332, 1324, 1306, 1305, 1296, 1256, 1231, 1226, 1219, 1206, 1199, 1184, 920, 889, 871, 851, 847, 806, 760, 588, 562, 544, 474, 446, 413, 410, 407, 402, 386, 382, 375, 363, 360, 355, 339, 335, 290, 277, 276, 231, 222, 220, 173, 116, 104, 86, 25, 15, 13, 8]",1260.89,97.0,0.2928767772555798,0.3696546210411713,2792.0,0.0
"[2061, 1873, 1697, 1546, 920, 86, 15]",185.4,7.000000000000005,0.5306761784059811,0.7125453256351497,349.00000000000017,0.0
"[4740, 3735, 3374, 2548, 2196, 2061, 1873, 1697, 1563, 1546, 1443, 1420, 1414, 1379, 1369, 1332, 1324, 1306, 1256, 1220, 1219, 1206, 1184, 1102, 920, 851, 355, 354, 277, 276, 252, 163, 86, 40, 15, 13, 8]",644.9,37.0,0.36529948090599496,0.49240672115722595,1326.0,0.0
"[4740, 3735, 2343, 2196, 2124, 2061, 1873, 1697, 1546, 1504, 1420, 1414, 1256, 1220, 1094, 920, 806, 588, 413, 86, 76, 67, 62, 25, 15, 8]",501.68,26.0,0.40527084623358434,0.5465385562340652,1011.0000000000001,0.0
"[7566, 7561, 6891, 6523, 6133, 5858, 4740, 4552, 4287, 3998, 3965, 3735, 3521, 3520, 3490, 3442, 3374, 3031, 3025, 2935, 2847, 2548, 2325, 2324, 2321, 2208, 2204, 2061, 1907, 1904, 1873, 1862, 1824, 1778, 1775, 1760, 1754, 1697, 1687, 1546, 1499, 1444, 1443, 1420, 1414, 1379, 1369, 1332, 1305, 1296, 1256, 1231, 1226, 1219, 1206, 1199, 920, 889, 881, 871, 851, 847, 806, 760, 588, 562, 544, 474, 446, 429, 413, 410, 407, 402, 386, 382, 363, 360, 339, 335, 290, 277, 276, 231, 222, 220, 198, 173, 163, 86, 25, 15, 13, 8]",1227.9,94.0,0.28559920040391584,0.3929144743938908,2762.0,0.0
"[8350, 5546, 4740, 3735, 3374, 3013, 2325, 2324, 2321, 2204, 2196, 2061, 1907, 1873, 1862, 1824, 1760, 1697, 1687, 1563, 1553, 1546, 1420, 1379, 1369, 1332, 1324, 1306, 1305, 1256, 1248, 1220, 1219, 1206, 1199, 1128, 920, 889, 806, 590, 588, 474, 413, 355, 354, 290, 277, 276, 86, 67, 62, 45, 26, 15, 13, 8, 1]",871.59,57.00000000000001,0.3283619473155419,0.43933448881303727,1894.0000000000002,0.0
"[6523, 6133, 5858, 5036, 4740, 3919, 3735, 3552, 3521, 3520, 3442, 3374, 3196, 3067, 3025, 2935, 2847, 2325, 2324, 2321, 2208, 2204, 2196, 2124, 2061, 1907, 1904, 1862, 1824, 1778, 1775, 1772, 1760, 1754, 1697, 1687, 1546, 1443, 1420, 1414, 1379, 1369, 1332, 1324, 1306, 1305, 1296, 1256, 1231, 1226, 1219, 1206, 1199, 1184, 920, 889, 871, 851, 847, 806, 760, 588, 562, 544, 446, 413, 407, 382, 375, 363, 360, 355, 335, 290, 277, 276, 231, 222, 220, 173, 116, 104, 86, 25, 15, 13, 8]",1155.95,87.0,0.29861974224772503,0.38537629114480576,2534.0,0.0
"[6523, 5858, 4740, 3998, 3965, 3735, 3656, 3196, 2935, 2548, 2325, 2321, 2208, 2204, 2165, 2124, 2061, 1999, 1907, 1904, 1873, 1862, 1824, 1778, 1775, 1772, 1760, 1697, 1546, 1460, 1444, 1443, 1420, 1414, 1379, 1369, 1332, 1324, 1306, 1256, 1248, 1220, 1206, 1184, 1128, 1094, 1053, 920, 889, 881, 871, 851, 847, 760, 590, 588, 582, 527, 474, 458, 446, 442, 410, 407, 402, 386, 382, 363, 360, 355, 339, 335, 277, 276, 252, 231, 222, 163, 116, 86, 62, 54, 40, 38, 31, 25, 15, 13, 2]",1210.43,89.0,0.3168255760860177,0.4117524425376746,2820.0,0.0
"[6891, 6523, 6133, 5858, 4740, 3998, 3965, 3735, 3552, 3521, 3520, 3442, 3196, 3031, 3025, 2935, 2847, 2548, 2325, 2321, 2208, 2204, 2165, 2061, 1942, 1907, 1904, 1873, 1862, 1824, 1778, 1775, 1772, 1760, 1697, 1563, 1546, 1499, 1444, 1443, 1420, 1414, 1379, 1369, 1332, 1306, 1296, 1256, 1248, 1220, 1219, 1206, 1184, 1128, 1094, 951, 920, 889, 881, 871, 851, 847, 806, 760, 590, 582, 544, 474, 446, 410, 407, 402, 386, 382, 363, 360, 355, 354, 339, 335, 276, 252, 231, 222, 163, 116, 86, 67, 62, 40, 31, 27, 26, 25, 15, 8]",1263.96,96.0,0.3149985224396816,0.40912381570427325,2836.0,0.0
"[7566, 7561, 7039, 6891, 6523, 6133, 5858, 4740, 4518, 4287, 4236, 3998, 3965, 3735, 3521, 3520, 3442, 3374, 3196, 3031, 3025, 2935, 2847, 2548, 2325, 2324, 2321, 2208, 2204, 2165, 2061, 1907, 1904, 1862, 1824, 1778, 1775, 1760, 1754, 1697, 1563, 1553, 1546, 1499, 1444, 1443, 1420, 1414, 1379, 1369, 1332, 1306, 1305, 1296, 1256, 1231, 1226, 1219, 1206, 1199, 1184, 1094, 920, 889, 881, 871, 851, 847, 806, 760, 474, 446, 413, 410, 407, 402, 386, 382, 363, 360, 355, 339, 335, 290, 277, 276, 231, 222, 220, 198, 173, 163, 116, 86, 40, 26, 25, 15, 13, 8]",1246.88,100.0,0.27416266988388893,0.3568992282268729,2824.0,0.0
"[6523, 5858, 4740, 3735, 3442, 3374, 3196, 3031, 2935, 2847, 2548, 2325, 2324, 2321, 2208, 2204, 2196, 2124, 2061, 1907, 1904, 1862, 1824, 1778, 1775, 1772, 1760, 1754, 1697, 1687, 1546, 1504, 1443, 1379, 1332, 1306, 1305, 1296, 1256, 1231, 1226, 1219, 1206, 1199, 1184, 920, 889, 871, 851, 847, 806, 760, 588, 562, 544, 474, 413, 382, 363, 355, 335, 290, 277, 276, 231, 222, 220, 173, 116, 104, 86, 25, 15, 13, 8]",1082.38,75.0,0.2999397958509693,0.3991457856651389,2293.0,0.0
"[5858, 4740, 4552, 4287, 3735, 3031, 2548, 2325, 2208, 2204, 2061, 1959, 1907, 1904, 1873, 1778, 1775, 1760, 1754, 1697, 1546, 1499, 1420, 1379, 1369, 1256, 1248, 1231, 1226, 1219, 1199, 1094, 951, 946, 920, 889, 871, 851, 806, 760, 544, 527, 474, 458, 442, 382, 363, 360, 355, 277, 276, 222, 220, 198, 163, 86, 40, 27, 25, 15, 13, 8]",951.02,62.0,0.32845315267971764,0.41557829713831484,2036.0000000000002,0.0
"[5858, 5047, 4740, 4287, 3735, 3552, 3442, 3031, 2325, 2220, 2124, 2061, 1996, 1907, 1904, 1873, 1862, 1772, 1763, 1760, 1697, 1546, 1499, 1420, 1414, 1379, 1377, 1369, 1256, 1248, 1231, 1226, 1220, 1219, 1206, 1199, 1128, 1094, 985, 951, 920, 871, 851, 806, 590, 588, 582, 562, 474, 458, 442, 363, 360, 355, 354, 277, 231, 76, 67, 40, 25, 15, 13, 8]",957.22,64.0,0.34133510104448916,0.4593569535126272,2082.0,0.0
"[4740, 3196, 2325, 2061, 1907, 1873, 1697, 1563, 1546, 1420, 1414, 1256, 1053, 920, 906, 575, 382, 277, 86, 54, 40, 15, 13, 8, 2]",487.0400000000001,25.0,0.41611770427603423,0.5776513847704654,983.0000000000001,0.0
"[5546, 4740, 3735, 3442, 3374, 3196, 2343, 2325, 2324, 2321, 2204, 2196, 2061, 1907, 1873, 1862, 1824, 1772, 1760, 1697, 1687, 1563, 1553, 1546, 1379, 1372, 1332, 1324, 1306, 1305, 1256, 1248, 1220, 1219, 1206, 1199, 1128, 920, 806, 590, 588, 474, 413, 387, 382, 363, 355, 354, 290, 277, 276, 116, 86, 67, 62, 45, 26, 25, 15, 8]",893.55,60.00000000000001,0.3190195874955333,0.4351752638966103,1874.9999999999998,0.0
"[7806, 7566, 7561, 6891, 6523, 5858, 4740, 4552, 4287, 4048, 3998, 3965, 3735, 3521, 3520, 3490, 3442, 3374, 3031, 3025, 2935, 2548, 2433, 2325, 2324, 2321, 2208, 2204, 2061, 1907, 1904, 1862, 1824, 1778, 1760, 1754, 1697, 1598, 1546, 1499, 1444, 1443, 1420, 1414, 1379, 1369, 1332, 1305, 1296, 1256, 1231, 1226, 1219, 1206, 1199, 1094, 920, 889, 881, 871, 851, 847, 806, 760, 544, 527, 474, 446, 429, 413, 410, 407, 402, 386, 382, 363, 360, 355, 339, 335, 290, 277, 276, 231, 222, 220, 198, 173, 163, 86, 40, 27, 25, 15, 13]",1219.43,95.0,0.28095278188944817,0.3770847737736853,2712.0,0.0
"[4740, 3735, 3374, 2935, 2325, 2196, 2061, 1907, 1873, 1697, 1563, 1546, 1443, 1420, 1414, 1379, 1369, 1332, 1306, 1256, 1220, 1219, 1206, 1184, 920, 881, 851, 806, 413, 382, 355, 354, 290, 277, 276, 163, 86, 67, 40, 15, 13, 8]",719.73,42.0,0.3579612053907869,0.4881085033907705,1517.0,0.0
"[4740, 3735, 3552, 3442, 3196, 2548, 2124, 2061, 1999, 1873, 1760, 1697, 1687, 1546, 1504, 1420, 1414, 1379, 1369, 1324, 1296, 1256, 1248, 1231, 1184, 1128, 920, 726, 590, 588, 474, 382, 363, 355, 354, 163, 104, 86, 40, 25, 15, 13, 8]",738.0599999999998,43.00000000000001,0.3523425804862357,0.4859364682823384,1482.0,0.0
"[4740, 3599, 3374, 2548, 1873, 1775, 1697, 1563, 1546, 1504, 1443, 1420, 1414, 1379, 1369, 1332, 1324, 1256, 1220, 1219, 1206, 1184, 1038, 920, 906, 851, 491, 355, 354, 277, 252, 163, 86, 40, 15, 13, 8, 2]",683.47,38.0,0.37319015652658405,0.4742159142636526,1373.0,0.0
"[5858, 4740, 3735, 3442, 3196, 2325, 2124, 2076, 2061, 1907, 1873, 1775, 1772, 1697, 1553, 1546, 1414, 1379, 1256, 1220, 1219, 1128, 1094, 920, 582, 413, 387, 363, 355, 277, 276, 116, 104, 86, 67, 62, 26, 25, 15, 8]",688.55,40.0,0.3658487758096354,0.5106174237936585,1374.9999999999998,0.0
"[5858, 4740, 3735, 3490, 3374, 3196, 2548, 2325, 2324, 2321, 2208, 2204, 2165, 2061, 1824, 1778, 1775, 1760, 1754, 1697, 1546, 1461, 1460, 1332, 1306, 1305, 1296, 1256, 1231, 1226, 1219, 1206, 1199, 1184, 1094, 920, 806, 760, 544, 442, 429, 382, 290, 277, 276, 231, 222, 220, 173, 116, 86, 40, 27, 25, 15, 13, 8]",869.22,57.00000000000001,0.32450274676713153,0.4317972679485551,1832.0,0.0
"[7566, 7561, 6891, 6523, 5858, 5332, 4740, 4287, 3998, 3965, 3735, 3521, 3520, 3490, 3442, 2935, 2847, 2325, 2324, 2321, 2208, 2204, 2196, 2061, 1907, 1904, 1862, 1824, 1778, 1775, 1760, 1754, 1697, 1546, 1444, 1443, 1420, 1414, 1379, 1369, 1332, 1305, 1296, 1256, 1231, 1226, 1219, 1206, 1199, 1094, 920, 889, 881, 871, 851, 847, 806, 760, 587, 544, 446, 429, 413, 410, 407, 402, 386, 382, 363, 360, 355, 339, 335, 290, 277, 276, 231, 222, 220, 198, 173, 163, 86, 40, 27, 25, 15, 13, 8]",1158.34,89.0,0.28859641163127914,0.3876124562555262,2604.0,0.0
"[8596, 7561, 6523, 5858, 5827, 4740, 4287, 3735, 3374, 3196, 3031, 2548, 2325, 2324, 2321, 2208, 2204, 2165, 2061, 1907, 1904, 1862, 1824, 1778, 1775, 1760, 1754, 1697, 1546, 1420, 1414, 1379, 1369, 1329, 1306, 1305, 1296, 1256, 1231, 1219, 1206, 1199, 1094, 920, 889, 881, 871, 851, 847, 806, 760, 544, 527, 474, 458, 442, 410, 407, 402, 386, 382, 363, 360, 355, 339, 335, 290, 277, 276, 231, 222, 220, 173, 163, 116, 86, 40, 15, 13, 2]",1094.13,80.0,0.2991051406874854,0.38748395296202265,2435.0,0.0
"[6523, 6249, 5858, 4740, 3965, 3735, 3374, 3196, 3031, 2935, 2325, 2324, 2321, 2204, 2196, 2124, 2061, 1907, 1904, 1862, 1824, 1760, 1754, 1697, 1546, 1420, 1414, 1379, 1369, 1332, 1324, 1306, 1305, 1296, 1256, 1231, 1226, 1219, 1206, 1199, 1128, 1094, 920, 889, 881, 871, 851, 847, 806, 588, 582, 474, 413, 363, 360, 355, 339, 335, 290, 277, 276, 231, 222, 220, 173, 116, 104, 86, 67, 62, 25, 15, 8]",1045.73,73.0,0.3145918113735109,0.41229149756486316,2319.0,0.0
"[7697, 7566, 7561, 6891, 6523, 6133, 5858, 4740, 4287, 3998, 3965, 3735, 3521, 3520, 3490, 3442, 3374, 3196, 3031, 3025, 2935, 2847, 2548, 2325, 2324, 2321, 2208, 2204, 2165, 2061, 1907, 1904, 1862, 1824, 1778, 1775, 1760, 1754, 1697, 1546, 1499, 1444, 1443, 1420, 1414, 1379, 1369, 1332, 1306, 1305, 1296, 1256, 1231, 1226, 1219, 1206, 1199, 1184, 1094, 920, 889, 881, 871, 851, 847, 806, 760, 544, 527, 474, 446, 413, 410, 407, 402, 386, 382, 363, 360, 355, 339, 335, 290, 277, 276, 231, 222, 220, 198, 173, 163, 86, 40, 27, 25, 15, 13, 8]",1247.47,98.0,0.2809552653386711,0.37493259082041397,2815.0,0.0
"[5858, 4740, 4287, 3735, 3442, 3031, 2325, 2204, 2124, 2061, 1996, 1907, 1904, 1873, 1862, 1772, 1763, 1760, 1697, 1687, 1563, 1546, 1499, 1420, 1414, 1379, 1377, 1369, 1256, 1248, 1231, 1226, 1220, 1219, 1128, 1094, 920, 871, 851, 806, 590, 588, 582, 562, 544, 527, 474, 458, 442, 363, 360, 355, 354, 335, 277, 276, 163, 76, 67, 27, 26, 15, 13, 8]",966.54,64.0,0.3420400912019045,0.45623640765432605,2116.0,0.0
"[7566, 7561, 7523, 6891, 6369, 6133, 5858, 4740, 4552, 4287, 3998, 3965, 3735, 3647, 3521, 3520, 3490, 3442, 3374, 3031, 3025, 2935, 2847, 2758, 2548, 2325, 2324, 2321, 2208, 2204, 2061, 1907, 1904, 1862, 1824, 1778, 1760, 1754, 1697, 1546, 1499, 1444, 1443, 1420, 1414, 1379, 1369, 1332, 1305, 1296, 1256, 1231, 1226, 1219, 1206, 1199, 1094, 920, 889, 881, 871, 851, 847, 806, 760, 544, 527, 474, 446, 429, 413, 410, 407, 402, 386, 382, 363, 360, 355, 339, 335, 290, 277, 276, 231, 222, 220, 198, 173, 163, 86, 40, 27, 25, 15, 13]",1215.71,96.0,0.2799459667937485,0.36742674185543733,2712.0,0.0
"[4740, 3735, 2343, 2325, 2124, 2061, 1873, 1697, 1546, 1504, 1420, 1414, 1256, 1220, 920, 806, 588, 413, 86, 76, 67, 62, 25, 15, 13, 8]",495.78,26.0,0.40379665599241255,0.5614651086658209,1010.0000000000002,0.0
"[4740, 4701, 2325, 2061, 1873, 1563, 1546, 1420, 1414, 1324, 1256, 1206, 1184, 920, 527, 277, 163, 86, 40, 15, 13, 8]",442.38,21.999999999999996,0.4263020713533219,0.6054181106091011,892.0,0.0
"[3735, 3552, 2124, 2061, 1999, 1873, 1772, 1760, 1697, 1687, 1546, 1504, 1420, 1414, 1379, 1369, 1324, 1296, 1256, 1248, 1231, 1184, 1128, 920, 726, 590, 588, 474, 363, 355, 354, 277, 163, 86, 40, 25, 15, 13, 8, 2]",691.27,40.0,0.3740095557057612,0.5354228668682358,1453.0,0.0
"[7264, 5858, 4740, 3735, 2325, 2124, 2076, 2061, 1873, 1775, 1697, 1553, 1546, 1414, 1256, 1220, 1094, 920, 806, 582, 413, 382, 277, 276, 104, 86, 67, 62, 26, 25, 15, 8]",568.69,32.00000000000001,0.3862555710649819,0.5500631273861495,1148.0,0.0
"[5858, 3735, 3552, 3196, 2548, 2165, 2124, 2061, 1999, 1873, 1778, 1775, 1760, 1754, 1687, 1546, 1504, 1420, 1414, 1379, 1369, 1332, 1324, 1296, 1256, 1248, 1231, 1226, 1219, 1184, 1128, 1094, 923, 920, 760, 726, 590, 588, 474, 442, 382, 355, 354, 277, 231, 222, 220, 163, 116, 104, 86, 40, 25, 15, 13, 8, 2]",895.37,57.00000000000001,0.348187005915633,0.49890246544332284,1924.9999999999998,0.0
"[4740, 4418, 3735, 3552, 3442, 3196, 2548, 2324, 2321, 2124, 2061, 1999, 1873, 1760, 1697, 1546, 1504, 1414, 1379, 1369, 1324, 1296, 1256, 1248, 1231, 1128, 920, 726, 590, 588, 527, 474, 382, 363, 355, 354, 277, 163, 104, 86, 40, 15, 13]",715.88,43.00000000000001,0.34425479092124434,0.4761346720523423,1409.0,0.0
"[4740, 3735, 3442, 3374, 3031, 2935, 2325, 2324, 2321, 2196, 2061, 2045, 1907, 1904, 1873, 1760, 1697, 1553, 1546, 1443, 1420, 1379, 1377, 1369, 1332, 1306, 1256, 1248, 1220, 1219, 1206, 1128, 920, 889, 881, 871, 851, 806, 474, 413, 382, 363, 360, 355, 354, 290, 277, 276, 86, 67, 62, 13, 8, 1]",835.51,54.0,0.33188410649798017,0.44258222205144904,1768.0,0.0
"[7871, 4740, 3552, 3442, 3374, 3196, 2325, 2204, 2061, 1907, 1904, 1873, 1862, 1824, 1772, 1760, 1697, 1687, 1563, 1546, 1504, 1420, 1414, 1379, 1369, 1332, 1324, 1306, 1305, 1256, 1248, 1220, 1219, 1206, 1199, 1128, 920, 906, 806, 590, 588, 474, 413, 363, 355, 354, 290, 277, 116, 86, 67, 62, 45, 26, 15, 13, 8, 2]",916.12,58.00000000000001,0.34447043984795733,0.46802661440923354,1984.0,0.0
"[7566, 7561, 6523, 5858, 5332, 4740, 4552, 4287, 3998, 3965, 3735, 3521, 3520, 3490, 3442, 2935, 2325, 2321, 2208, 2204, 2061, 1959, 1907, 1904, 1873, 1862, 1824, 1778, 1775, 1760, 1754, 1697, 1546, 1444, 1443, 1420, 1379, 1369, 1332, 1305, 1296, 1256, 1248, 1231, 1226, 1219, 1199, 1094, 951, 946, 920, 889, 881, 871, 851, 847, 806, 760, 587, 544, 527, 458, 446, 442, 429, 413, 410, 407, 402, 386, 363, 360, 355, 335, 290, 277, 276, 222, 220, 198, 163, 86, 40, 27, 25, 15, 13, 8]",1177.56,88.0,0.30176482264297777,0.4171286099592326,2663.0,0.0
