spread-min,spread-max,spread-1q,spread-3q,spread-median,spread-mean,seed-min,seed-max,seed-1q,seed-3q,seed-median,seed-mean,communities-min,communities-max,communities-1q,communities-3q,communities-median,communities-mean,fairness-min,fairness-max,fairness-1q,fairness-3q,fairness-median,fairness-mean,budget-min,budget-max,budget-1q,budget-3q,budget-median,budget-mean,time-min,time-max,time-1q,time-3q,time-median,time-mean
0.09867534673082366,0.18752901217095952,0.15287574299462214,0.1746872346447778,0.16710019813189925,0.16158262100198129,0.04,0.97,0.44,0.82,0.63,0.5804,0.887711966467087,0.9598548860844929,0.9324890117855424,0.9532159164242406,0.943557926446618,0.9371692388668271,0.37260138168855594,0.8884678780251735,0.7415691783979563,0.8056658970760883,0.7655876749448591,0.7450772561269723,-0.10935370489921814,0.9682232264543433,0.3036726203285274,0.7907251990531525,0.5087153001936733,0.4807833010544437,0.0,0.19999999999999996,0.0,0.0,0.0,0.04799999999999999
0.08538494197565809,0.18752901217095952,0.1488409283894707,0.17574759411265214,0.16797480894424,0.15876217512195936,0.04,0.98,0.4425,0.8674999999999999,0.65,0.6061764705882353,0.8866831285456996,0.9598548860844929,0.9294623016930672,0.9531910901227097,0.9455860856948328,0.935883024327171,0.3592436523975677,0.9055572689063929,0.7436228303306608,0.8127283363559842,0.7671552200831948,0.7373414940420792,-0.10935370489921814,0.9706262104583603,0.3081199340076035,0.8087744781579513,0.5058460655620114,0.5162892357287223,0.0,0.19999999999999996,0.0,0.0,0.0,0.035294117647058816
0.08538494197565809,0.18780639682988962,0.1592718652703085,0.17793659779224458,0.17129068780073592,0.16384324936314748,0.04,0.98,0.365,0.7775000000000001,0.585,0.5622,0.8866831285456996,0.9598548860844929,0.941163147055009,0.9539650799662455,0.9484790826750069,0.9417291717692424,0.3592436523975677,0.9055572689063929,0.7610454212967566,0.8202202407240011,0.7800119824696938,0.7598593469553194,-0.12768094110895922,0.9706262104583603,0.22036618606986585,0.7225181120436124,0.4698192382182053,0.4655369055304498,0.0,0.19999999999999996,0.0,0.0,0.0,0.039999999999999994
0.08538494197565809,0.18851542598358334,0.1558194169261251,0.17830314180583076,0.16865128785734504,0.16322596061154251,0.04,0.98,0.41,0.82,0.64,0.5905797101449276,0.8665600671438904,0.9598548860844929,0.938985263025179,0.9542380814049931,0.9483796771959677,0.9414502618515037,0.3466485673677754,0.9055572689063929,0.7467711062911772,0.8235663772869706,0.7827877633137056,0.7483434194230985,-0.12768094110895922,0.9706262104583603,0.2557922674126677,0.7458216770676422,0.5282260956889749,0.4974057336872057,0.0,0.19999999999999996,0.0,0.0,0.0,0.03478260869565217
0.08538494197565809,0.18864421171808662,0.15354231531276535,0.1791098216812907,0.16884022077554486,0.16221624681573732,0.04,0.98,0.3475,0.83,0.645,0.596875,0.8665600671438904,0.9625441163920178,0.9390931097593179,0.9547684466485584,0.948321361125582,0.940400105194122,0.3466485673677754,0.872010582625399,0.7362765893110075,0.7978971493861458,0.7733521215069991,0.7269089185663484,-0.11408794204146044,0.9706262104583603,0.22138835090739548,0.7864392798221074,0.5330320636970087,0.5073053403629582,0.0,0.19999999999999996,0.0,0.0,0.0,0.029999999999999992
0.03419332012454005,0.18864421171808662,0.1591639541466176,0.17852037928106423,0.17131333144636285,0.16332411862754348,0.04,0.99,0.41,0.7875000000000001,0.595,0.5805555555555555,0.7277470264688723,0.9625441163920178,0.9419440703956079,0.955340287412378,0.950963641715787,0.9410714657059596,0.3466485673677754,0.872010582625399,0.7391561213800368,0.8096812179213051,0.7771985153746808,0.7406905734020038,-0.11408794204146044,0.9931497023169069,0.270093608779858,0.7348378882433111,0.49277311527150136,0.49255832117893666,0.0,0.19999999999999996,0.0,0.0,0.0,0.03777777777777777
0.07846023209736767,0.1906524200396264,0.16214230116048683,0.18038281913388055,0.17441621851118028,0.1650866237380885,0.03,1.0,0.325,0.7725,0.5,0.5447916666666667,0.811885140260409,0.9625441163920178,0.9434303632717181,0.95688249638598,0.9528817519394044,0.9431262777577656,0.1674453888423022,0.8559038157250368,0.7228168767476606,0.7927952522791791,0.7659543558665299,0.7272800176475499,-0.11745929273366329,0.977835162470411,0.22138835090739548,0.7163761566602109,0.43095904167563304,0.45726035913253477,0.0,0.19999999999999996,0.0,0.0,0.0,0.037499999999999985
0.07196716671384093,0.1906524200396264,0.15962991791678457,0.18183378148881973,0.17219643362581377,0.16368189562833346,0.03,1.0,0.3125,0.8075000000000001,0.56,0.5650980392156864,0.811885140260409,0.9625441163920178,0.9411441221015006,0.9566777876715998,0.9525563249971236,0.9416871429193525,0.1674453888423022,0.9083840482292389,0.718245681057193,0.7929906896431187,0.765314067981283,0.722919218688617,-0.11745929273366329,0.9836453625995266,0.21909296320206584,0.744584319632738,0.4672907251990532,0.4800553030910378,0.0,0.19999999999999996,0.0,0.0,0.0,0.039215686274509796
0.07196716671384093,0.1906524200396264,0.16217272855929804,0.18105823662609682,0.17134022077554487,0.16376798754599492,0.03,1.0,0.375,0.7925,0.57,0.5792,0.811885140260409,0.9625441163920178,0.9427712990857134,0.9563133913650781,0.9523520562065199,0.9419025926591857,0.1674453888423022,0.8823223681234498,0.7047828334700289,0.7941127860555692,0.7594128357481871,0.7156238168844787,-0.11745929273366329,0.9836453625995266,0.2507352413743634,0.7377429883078689,0.485008249049566,0.4985682519188006,0.0,0.19999999999999996,0.0,0.0,0.0,0.029999999999999992
0.07196716671384093,0.1906524200396264,0.16306396829889613,0.18219360317011038,0.1746688366827059,0.16575268678863356,0.03,1.0,0.315,0.79,0.52,0.5529292929292929,0.811885140260409,0.962818156094292,0.946429527616804,0.9578741210579899,0.9539620093862615,0.9439732725357318,0.1674453888423022,0.8461716767782205,0.6978128890798879,0.7933438095942715,0.7586682112774537,0.7189019178712025,-0.11745929273366329,0.9836453625995266,0.20210171436769242,0.7210027975037658,0.4639552399397461,0.4653724679547792,0.0,0.19999999999999996,0.0,0.0,0.0,0.03636363636363635
0.07196716671384093,0.1906524200396264,0.1662818426266629,0.18383703651287858,0.17632677611095388,0.1678089957028536,0.03,1.0,0.3,0.7575000000000001,0.475,0.5255454545454545,0.811885140260409,0.962818156094292,0.9476352431066155,0.9581785208610241,0.9547025374236799,0.945735597453396,0.1674453888423022,0.8417061344218179,0.7188277436107919,0.795471294391384,0.7594128357481871,0.7267770490981612,-0.11745929273366329,0.9836453625995266,0.174897783516247,0.7007208952012051,0.37011333476795066,0.432486257018213,0.0,0.19999999999999996,0.0,0.0,0.0,0.04545454545454545
0.07196716671384093,0.1906524200396264,0.16543270591565243,0.18457224738182848,0.17779224455137277,0.1693692890215702,0.03,1.0,0.29,0.7575000000000001,0.475,0.5141509433962265,0.811885140260409,0.962818156094292,0.9485393867247076,0.958595008832561,0.9551523931358467,0.9472870170565549,0.1674453888423022,0.8461716767782205,0.7190181482981493,0.792995652384641,0.7594624955040177,0.7304629391669467,-0.11408794204146044,0.9836453625995266,0.16419195179685817,0.6767089878774837,0.36466178896779283,0.4179026706890088,0.0,0.19999999999999996,0.0,0.14999999999999997,0.0,0.05094339622641509
0.08370506651570904,0.1906524200396264,0.16499009340503823,0.1841137135578828,0.17928955561845455,0.17022296156645503,0.03,1.0,0.29,0.765,0.46499999999999997,0.50875,0.81653076464635,0.962818156094292,0.9482576785293579,0.9590179424107861,0.956108662698248,0.9486613606270484,0.1674453888423022,0.890826940892184,0.7228207943743639,0.7948192907279427,0.7594128357481871,0.7360427061733053,-0.11408794204146044,0.977835162470411,0.17208234703392866,0.6992683451689261,0.34161824833225735,0.414353986699048,0.0,0.19999999999999996,0.0,0.0,0.0,0.0482142857142857
0.08370506651570904,0.1906524200396264,0.16398846589300878,0.18393999433908859,0.17885508066798755,0.17027362143941538,0.03,1.0,0.2975,0.7825,0.485,0.5245454545454545,0.81653076464635,0.9633692603431816,0.9482576785293579,0.9587101927342263,0.9553774102735932,0.9490355457984774,0.1674453888423022,0.890826940892184,0.7203129623584447,0.7953214437971248,0.7594128357481871,0.7343311836383216,-0.11408794204146044,0.977835162470411,0.17994584319632737,0.7136952155512517,0.3838139301341367,0.43399374637270055,0.0,0.19999999999999996,0.0,0.0,0.0,0.04696969696969697
0.08370506651570904,0.1906524200396264,0.16395626945938296,0.1837715822247382,0.178216812906878,0.16990670382546974,0.03,1.0,0.32,0.79,0.51,0.5362237762237763,0.81653076464635,0.9633692603431816,0.947859122252837,0.9583712857030664,0.9552929292153497,0.9486276364128708,0.1674453888423022,0.890826940892184,0.7225447008973369,0.7975079399256637,0.7593946308323434,0.7356289067505148,-0.11408794204146044,0.977835162470411,0.1875941467613514,0.7333225737034645,0.4159314252923033,0.4463382897856752,0.0,0.19999999999999996,0.0,0.0,0.0,0.04195804195804195
0.08370506651570904,0.19120152844607982,0.1623266345881687,0.18327483724879706,0.1768808378148882,0.16920980508896416,0.03,1.0,0.34,0.79,0.55,0.5584137931034483,0.81653076464635,0.9635911801548865,0.9470383295485818,0.9582018029262267,0.9550315885615966,0.9481737717305884,0.1674453888423022,0.890826940892184,0.7140945515756731,0.7977234473048032,0.7584038467428343,0.7322379973415277,-0.11408794204146044,0.977835162470411,0.22354924323936587,0.7515242808980704,0.44986012481170645,0.47154288145361356,0.0,0.19999999999999996,0.0,0.0,0.0,0.03448275862068965
0.08370506651570904,0.19120152844607982,0.16366614774978772,0.18307104443815456,0.17632465326917635,0.1694517773143789,0.03,1.0,0.335,0.79,0.57,0.5603401360544218,0.81653076464635,0.9635911801548865,0.947859122252837,0.9583575380525274,0.9550867320255233,0.9486054869251554,0.1674453888423022,0.9102656400401216,0.7114923756320775,0.8009524452489185,0.7593946308323434,0.7323749722995643,-0.11408794204146044,0.977835162470411,0.22288573273079404,0.7484577863854817,0.46219783372785306,0.47320169011582836,0.0,0.19999999999999996,0.0,0.0,0.0,0.03265306122448979
0.08370506651570904,0.19120152844607982,0.1654542881403906,0.18341423719218794,0.17597792244551375,0.1703278974068671,0.03,1.0,0.335,0.77,0.58,0.5551748251748252,0.81653076464635,0.9635911801548865,0.949904670968277,0.9584676199075761,0.9551677858193801,0.9495092021930231,0.1674453888423022,0.9102656400401216,0.7133390869070819,0.8001541799081187,0.7565209341441617,0.7354875133128859,-0.11408794204146044,0.977835162470411,0.22288573273079404,0.7116598522344165,0.48533103794562804,0.46665016355139016,0.0,0.19999999999999996,0.0,0.0,0.0,0.03636363636363636
0.08370506651570904,0.19120152844607982,0.16676089725445797,0.18365871780356638,0.17494905179733936,0.17030245880456316,0.03,1.0,0.34,0.77,0.605,0.5617391304347826,0.81653076464635,0.9650409104859853,0.9500247187295363,0.9582161230852974,0.9550654610270434,0.9494694738966089,0.1674453888423022,0.9102656400401216,0.7109467523288707,0.8005292171441658,0.7579995672248421,0.7373894271984623,-0.11408794204146044,0.977835162470411,0.2297718958467829,0.705526863209239,0.49949788393945915,0.47394116405680664,0.0,0.19999999999999996,0.0,0.0,0.0,0.03478260869565217
0.08370506651570904,0.19120152844607982,0.1633629351825644,0.18290935465609964,0.1725976507217662,0.16868488969085135,0.03,1.0,0.3975,0.795,0.64,0.5899305555555555,0.81653076464635,0.9650409104859853,0.9474821198411444,0.9579630021537197,0.9545600374344838,0.9484833061647246,0.1674453888423022,0.9102656400401216,0.7090370078861612,0.7978351453750318,0.7577714486338507,0.7316494458139888,-0.11408794204146044,0.977835162470411,0.28395559859407504,0.733089448389642,0.529015135212682,0.5061847946504714,0.0,0.19999999999999996,0.0,0.0,0.0,0.030555555555555544
0.08370506651570904,0.19120152844607982,0.1627356354373054,0.18320867534673083,0.17176408151712425,0.1686621512260657,0.04,1.0,0.3825,0.825,0.66,0.5944366197183099,0.81653076464635,0.9650409104859853,0.9478572878059396,0.9576577258510559,0.9539183751166896,0.9483329708711986,0.1674453888423022,0.890826940892184,0.7081097913542416,0.7957030708460328,0.7544792739986483,0.7277039576728156,-0.11408794204146044,0.977835162470411,0.26843483250842837,0.7443422279606915,0.5389139946919159,0.5126509000203069,0.0,0.19999999999999996,0.0,0.0,0.0,0.03380281690140844
0.08370506651570904,0.19124257005377865,0.16359043305972262,0.183216812906878,0.17375035380696294,0.16907010233027078,0.04,1.0,0.39,0.79,0.65,0.5878832116788321,0.81653076464635,0.9650409104859853,0.9488980857209715,0.9583456077541661,0.9540145125583503,0.9485521366605713,0.1674453888423022,0.890826940892184,0.6979337004233451,0.7945821424684905,0.7513756629964381,0.724711356164255,-0.11408794204146044,0.977835162470411,0.27440642708557494,0.7121799010114052,0.5450469837170935,0.5066785624715628,0.0,0.19999999999999996,0.0,0.0,0.0,0.036496350364963494
0.08370506651570904,0.19124257005377865,0.1632670534956128,0.18374893857911123,0.1744381545428814,0.16930968651258976,0.04,1.0,0.385,0.805,0.64,0.5831972789115647,0.81653076464635,0.9650409104859853,0.9490520004908507,0.958941100442834,0.9546056510250773,0.9488729540609556,0.1674453888423022,0.890826940892184,0.6990779176755822,0.7947266846875918,0.754679748169087,0.7255491627919926,-0.11408794204146044,0.977835162470411,0.2692776701814791,0.7196219783372785,0.5229897424861918,0.5022607421851174,0.0,0.19999999999999996,0.0,0.0,0.0,0.03945578231292516
0.08370506651570904,0.19124257005377865,0.16590609963204075,0.18429309368808378,0.17690348146051516,0.1703493964925613,0.04,1.0,0.34,0.78,0.62,0.5661643835616438,0.81653076464635,0.9650409104859853,0.9506212207641616,0.9594601182751193,0.9552421218196705,0.9493794349489741,0.1674453888423022,0.890826940892184,0.7010843253356489,0.7953245721485448,0.7587803472998456,0.7270354172668642,-0.11408794204146044,0.977835162470411,0.2459472060827774,0.71205437199627,0.5078007316548311,0.4850546775894105,0.0,0.19999999999999996,0.0,0.0,0.0,0.041095890410958895
0.08370506651570904,0.19124257005377865,0.1674716954429663,0.1851797339371639,0.17780498160203792,0.1714227853609601,0.04,1.0,0.3,0.765,0.62,0.5495918367346938,0.81653076464635,0.9650409104859853,0.9509600172985245,0.9597658167418588,0.955845812214584,0.9504125708704373,0.1674453888423022,0.890826940892184,0.7053454917075355,0.7963213516855446,0.76282107738792,0.7334565277119177,-0.11408794204146044,0.977835162470411,0.23108098414747869,0.709651387992253,0.4821390144179041,0.46895858981997507,0.0,0.19999999999999996,0.0,0.0,0.0,0.04489795918367346
0.08370506651570904,0.19224172091706768,0.1678516841211435,0.1851797339371639,0.17868666855363713,0.1717821280153257,0.04,1.0,0.3,0.775,0.6,0.5476158940397352,0.81653076464635,0.9650409104859853,0.9509600172985245,0.9601198394965412,0.9563229342395205,0.9506856250803942,0.1674453888423022,0.8983093319726259,0.7110695598739158,0.7993343639810033,0.766230909130598,0.7382234661886767,-0.11408794204146044,0.977835162470411,0.23108098414747869,0.709669320708701,0.469550247471487,0.4675966502160714,0.0,0.19999999999999996,0.0,0.0,0.0,0.04503311258278145
0.08370506651570904,0.1932111519954713,0.16824794791961506,0.1855002830455703,0.18045994905179735,0.17301431348327875,0.03,1.0,0.28,0.765,0.53,0.5296688741721854,0.81653076464635,0.9650409104859853,0.9517998804031951,0.9604046659237551,0.9566695211347916,0.9513024741430147,0.1674453888423022,0.8983093319726259,0.7133390869070819,0.7978412097446621,0.7673512273292491,0.7389617877654145,-0.11408794204146044,0.977835162470411,0.21904813141094615,0.6963632451043684,0.4410372283193458,0.4489119472744884,0.0,0.19999999999999996,0.0,0.0,0.0,0.049006622516556284
0.08370506651570904,0.1932111519954713,0.16858901783187094,0.18573591848287577,0.18065525049532974,0.1733362419120179,0.03,1.0,0.28,0.77,0.53,0.5252229299363057,0.81653076464635,0.9650409104859853,0.9515643095701747,0.9606074744491397,0.9569971687197687,0.9515871826453663,0.1674453888423022,0.8983093319726259,0.7249452506754327,0.7997160022195464,0.7705906109264453,0.7438886851976954,-0.11408794204146044,0.977835162470411,0.2109246108600531,0.697224015493867,0.4380245319561007,0.44312610423271503,0.0,0.19999999999999996,0.0,0.19999999999999996,0.0,0.05095541401273885
0.08370506651570904,0.1932111519954713,0.16829323521086897,0.18586753467308237,0.1798584772148316,0.17303941717225169,0.03,1.0,0.29,0.78,0.54,0.535527950310559,0.81653076464635,0.9657370380357228,0.9514301004053655,0.9604939026607169,0.9568046082071555,0.9514138923728145,0.1674453888423022,0.8983093319726259,0.7243784519898936,0.7997160022195464,0.7690048209526059,0.741929015713552,-0.06330248906104297,0.977835162470411,0.21799010114052075,0.7116777849508644,0.4511512803959544,0.45450904232165634,0.0,0.19999999999999996,0.0,0.0,0.0,0.04720496894409937
0.08370506651570904,0.1932111519954713,0.16858901783187094,0.18592980469855647,0.18045994905179735,0.1731227903146952,0.03,1.0,0.29,0.78,0.54,0.535030303030303,0.81653076464635,0.9657370380357228,0.9514301004053655,0.9604939026607169,0.9566695211347916,0.951317160041241,0.1674453888423022,0.8983093319726259,0.7243784519898936,0.8057598268364798,0.7703260883160445,0.7430089442266062,-0.029409654974535515,0.977835162470411,0.21799010114052075,0.7116777849508644,0.4467039667168783,0.45340189065172914,0.0,0.19999999999999996,0.0,0.0,0.0,0.047272727272727265
0.08370506651570904,0.1936173223889046,0.16909849985847722,0.18609184828757427,0.1806878007359185,0.1736360320380629,0.02,1.0,0.28,0.7725,0.53,0.5252976190476191,0.81653076464635,0.9657370380357228,0.9511236288061806,0.9606029051311477,0.957276274554707,0.9515207617642749,0.1674453888423022,0.9127097315911079,0.7270537252682041,0.8054497644396381,0.7719854561131148,0.74569441734262,-0.029409654974535515,0.977835162470411,0.19776199698730368,0.7084498959902445,0.44096549745355423,0.44453795075163705,0.0,0.19999999999999996,0.0,0.0,0.0,0.0488095238095238
0.08370506651570904,0.1936173223889046,0.16858901783187094,0.18649872629493347,0.18103877724313616,0.17373302749141453,0.02,1.0,0.25,0.78,0.53,0.5230057803468209,0.81653076464635,0.9666191687067345,0.9506383118529222,0.9604939026607169,0.957218444643558,0.9515176230025616,0.1674453888423022,0.9127097315911079,0.7273615182567952,0.8004806144624469,0.773002567770715,0.7446828159448274,-0.029409654974535515,0.977835162470411,0.19421131913062195,0.7116777849508644,0.4390646295100782,0.44226577488200686,0.0,0.19999999999999996,0.0,0.0,0.0,0.04971098265895953
0.08370506651570904,0.1936173223889046,0.16925700537786584,0.18657514859892443,0.18156241154825928,0.17416628522906474,0.02,1.0,0.265,0.78,0.51,0.5171428571428571,0.81653076464635,0.9666191687067345,0.9507978591129078,0.9605506885549283,0.957334104465856,0.9518019690115159,0.1674453888423022,0.9127097315911079,0.7303436801148296,0.8000983083409967,0.7733803012997841,0.744269759789738,-0.029409654974535515,0.977835162470411,0.1922028548884585,0.7087726848863065,0.4361953948784162,0.4345187371268714,0.0,0.19999999999999996,0.0,0.0,0.0,0.049142857142857134
0.08370506651570904,0.1936173223889046,0.16926266628927256,0.18648598924426835,0.18170747240305687,0.1742373730226122,0.02,1.0,0.28,0.78,0.515,0.519,0.81653076464635,0.9666191687067345,0.9519067555961919,0.960613055006522,0.9573574423762166,0.9520238833768556,0.1674453888423022,0.9127097315911079,0.7325273293618699,0.805781091376252,0.7726273956525742,0.7462306797415661,-0.04694785166056947,0.977835162470411,0.19776199698730368,0.70343770174306,0.43284197690266124,0.43600710135571336,0.0,0.19999999999999996,0.0,0.0,0.0,0.048888888888888885
0.08370506651570904,0.1936173223889046,0.17079748089442398,0.18641805830738747,0.1817633739031984,0.17450883902090847,0.02,1.0,0.28,0.7725,0.5,0.5163043478260869,0.81653076464635,0.9666191687067345,0.9516780884879409,0.9609617759776734,0.9576348091021047,0.9522154166160826,0.1674453888423022,0.9127097315911079,0.7351234837217738,0.807561361833932,0.7753968231437608,0.7504599406164425,-0.04694785166056947,0.977835162470411,0.20152786744136,0.6856215479520837,0.41856753461014273,0.43523170629017316,0.0,0.19999999999999996,0.0,0.0,0.0,0.04891304347826086
0.08370506651570904,0.1936173223889046,0.17022325219360318,0.18671136427964904,0.18160133031418058,0.17453303634058995,0.02,1.0,0.28,0.7825,0.515,0.5186413043478261,0.81653076464635,0.9666191687067345,0.9514743341433783,0.9609617759776734,0.957655350321799,0.9524332989942484,0.1674453888423022,0.9127097315911079,0.7333185249830417,0.8059456110857213,0.7749024932073163,0.7463926574281786,-0.04694785166056947,0.977835162470411,0.19776199698730368,0.7082167706764221,0.4195179685818808,0.4366415686604728,0.0,0.19999999999999996,0.0,0.04999999999999999,0.0,0.04999999999999999
0.08370506651570904,0.1936173223889046,0.17022325219360318,0.18645626945938296,0.18160133031418058,0.17492219932304934,0.02,1.0,0.28,0.7825,0.515,0.5182291666666666,0.81653076464635,0.9666191687067345,0.9511878354377619,0.9608563961113592,0.9576348091021047,0.9527784973510776,0.1674453888423022,0.9127097315911079,0.7343832405005412,0.8063001530441316,0.7748697216548004,0.749796179563338,-0.04694785166056947,0.977835162470411,0.19776199698730368,0.7082167706764221,0.4195179685818808,0.436536676888315,0.0,0.19999999999999996,0.0,0.0,0.0,0.048958333333333326
0.08370506651570904,0.1939145202377583,0.16929663175771298,0.18686456269459384,0.1818383809793377,0.17465322540640385,0.02,1.0,0.28,0.79,0.53,0.5252577319587629,0.81653076464635,0.9667982817087034,0.9510026334356613,0.9606242161212866,0.9573184269902626,0.9524963662599922,0.1674453888423022,0.9127097315911079,0.733618410023462,0.8061470632660264,0.7748697216548004,0.7494712068494158,-0.04694785166056947,0.977835162470411,0.19980632666236284,0.7135965856107883,0.44096549745355423,0.4453597524767485,0.0,0.19999999999999996,0.0,0.0,0.0,0.04432989690721648
0.08370506651570904,0.1939145202377583,0.16785663741862442,0.18630837814888196,0.18189923577696007,0.1744762249130487,0.02,1.0,0.28,0.8,0.52,0.5249738219895288,0.81653076464635,0.9687038178908262,0.9508857511787704,0.9609700685981044,0.9576722067413641,0.9525056342808126,0.1674453888423022,0.9319851188064068,0.7294664520448412,0.8016845036113065,0.771775825408846,0.7477504809345805,-0.04694785166056947,0.977835162470411,0.1965784377017431,0.7185998134997489,0.4220285488845851,0.4449337916597658,0.0,0.19999999999999996,0.0,0.0,0.0,0.04293193717277487
0.08370506651570904,0.1939145202377583,0.1678163034248514,0.18593829606566656,0.18179592414378715,0.1741224539002631,0.02,1.0,0.3,0.8,0.53,0.5388888888888889,0.81653076464635,0.9687038178908262,0.9508140959846473,0.9608530447572585,0.9576311243019755,0.9523615010080733,0.1674453888423022,0.9319851188064068,0.7280715356960664,0.8004954853257067,0.7719380237098433,0.7477409787065388,-0.04694785166056947,0.977835162470411,0.22010616168137154,0.7184922172010616,0.4408937665877627,0.45803231987867243,0.0,0.19999999999999996,0.0,0.0,0.0,0.03915343915343914
0.08370506651570904,0.1939145202377583,0.16724879705632606,0.18576882253042742,0.18146688366827057,0.1738576236555335,0.02,1.0,0.3075,0.8225,0.53,0.5441666666666667,0.81653076464635,0.9687038178908262,0.9506012591446351,0.9608882084695565,0.9575627868942109,0.9523019110505663,0.1674453888423022,0.9319851188064068,0.7244559995718729,0.8017082165711193,0.7718569245593447,0.7456543454159806,-0.04694785166056947,0.977835162470411,0.21976544006886167,0.7298256939961265,0.44369127035363315,0.46310194151543405,0.0,0.19999999999999996,0.0,0.0,0.0,0.039583333333333325
0.08370506651570904,0.1939145202377583,0.1678163034248514,0.18573591848287577,0.18168978205491082,0.17419234311444953,0.02,1.0,0.31,0.81,0.53,0.540964467005076,0.81653076464635,0.9687038178908262,0.9508140959846473,0.9608664501736611,0.9576040991954626,0.9526988268718598,0.1674453888423022,0.9319851188064068,0.7326158245335929,0.8057598268364798,0.7730933960777437,0.75145727778281,-0.04694785166056947,0.977835162470411,0.21799010114052075,0.7221146259235349,0.4410372283193458,0.4584716519254276,0.0,0.19999999999999996,0.0,0.0,0.0,0.04060913705583755
0.08370506651570904,0.1939145202377583,0.16810748655533542,0.1855890885932635,0.18160133031418058,0.1744288544741418,0.02,1.0,0.3075,0.8025,0.53,0.5412244897959183,0.81653076464635,0.9687038178908262,0.9509215787758319,0.9615082679938014,0.9574917317929499,0.9529022107543269,0.1674453888423022,0.9319851188064068,0.7296786128708197,0.8057347514878135,0.7711832181676457,0.7501553919107838,-0.04694785166056947,0.977835162470411,0.2175059177964278,0.7193350548741123,0.44387059751811203,0.45733733562286544,0.0,0.19999999999999996,0.0,0.0,0.0,0.03775510204081632
0.08370506651570904,0.1939145202377583,0.1682755448627229,0.1858346306255307,0.18174285309934898,0.17455782706773365,0.01,1.0,0.3,0.8075000000000001,0.53,0.5370202020202021,0.81653076464635,0.9687038178908262,0.9508499235817088,0.9615147765710624,0.9576234993344331,0.9529995845362582,0.1674453888423022,0.9319851188064068,0.733618410023462,0.8056313973555329,0.7730479819242293,0.7501694228579827,-0.04694785166056947,0.977835162470411,0.20371565884800227,0.7186536116490926,0.44387059751811203,0.4540542067979124,0.0,0.19999999999999996,0.0,0.0,0.0,0.04141414141414141
0.08370506651570904,0.1939145202377583,0.16849419756580808,0.18593829606566656,0.18187517690348148,0.17486662340441692,0.01,1.0,0.29,0.8,0.53,0.5318048780487805,0.81653076464635,0.9687038178908262,0.9510159023369299,0.961518030859693,0.957638493902234,0.9532399300283337,0.1674453888423022,0.9319851188064068,0.7353071341504883,0.8057598268364798,0.7730933960777437,0.7535291207271082,-0.04694785166056947,0.977835162470411,0.20055950075317408,0.7184922172010616,0.4377376084929345,0.4486804144994323,0.0,0.19999999999999996,0.0,0.0,0.0,0.0448780487804878
0.08370506651570904,0.1939145202377583,0.16820266062836117,0.18593829606566656,0.18185253325785453,0.17480635540858663,0.01,1.0,0.3,0.81,0.53,0.5354634146341464,0.81653076464635,0.9687038178908262,0.9508140959846473,0.9610781508141342,0.9576311243019755,0.9530874215305786,0.1674453888423022,0.9319851188064068,0.7384037500226285,0.8070887861046101,0.7744599718936359,0.7536635751175657,-0.04694785166056947,0.977835162470411,0.20769672189943333,0.7221146259235349,0.4408937665877627,0.4539325135020233,0.0,0.19999999999999996,0.0,0.0,0.0,0.043902439024390234
0.08370506651570904,0.1939145202377583,0.16842131333144636,0.1860515142938013,0.181433625813756,0.1747996758850724,0.01,1.0,0.28,0.81,0.535,0.5369607843137254,0.81653076464635,0.9687038178908262,0.9509521818475906,0.9611903095429073,0.9576196736646021,0.9531472987935118,0.1674453888423022,0.9319851188064068,0.7378746412398993,0.8091145911550968,0.7736275614201606,0.7515151687290224,-0.04694785166056947,0.977835162470411,0.199456638691629,0.7195592138297109,0.4470984864787318,0.45659368402694267,0.0,0.19999999999999996,0.0,0.0,0.0,0.04313725490196078
0.08370506651570904,0.1939145202377583,0.16771723747523354,0.18577271440701953,0.18144636286442115,0.17440383359066783,0.01,1.0,0.28500000000000003,0.815,0.54,0.5400947867298579,0.81653076464635,0.9687038178908262,0.9508023582746405,0.9612549512991495,0.9576158743668908,0.9528475901665829,0.1674453888423022,0.9319851188064068,0.7349398332930592,0.8092124948875584,0.7730933960777437,0.7495134600228865,-0.04694785166056947,0.977835162470411,0.20147406929201633,0.7284269421131913,0.44684742844846137,0.46034421976705486,0.0,0.19999999999999996,0.0,0.0,0.0,0.04265402843601895
0.08370506651570904,0.1939145202377583,0.16877582790829324,0.18649872629493347,0.18185253325785453,0.1748090571924803,0.01,1.0,0.28,0.8,0.53,0.5304225352112676,0.81653076464635,0.9687038178908262,0.951332447027491,0.961518030859693,0.957638493902234,0.9532291236598878,0.1674453888423022,0.9319851188064068,0.7353071341504883,0.8094083023524818,0.7733428775852862,0.7509866463896456,-0.04694785166056947,0.977835162470411,0.19421131913062195,0.7184922172010616,0.4408937665877627,0.45160608102624306,0.0,0.19999999999999996,0.0,0.0,0.0,0.04319248826291079
0.08370506651570904,0.1939145202377583,0.16863501273705067,0.1855568921596377,0.18144636286442115,0.1746106044163158,0.01,1.0,0.3,0.805,0.54,0.5419905213270142,0.81653076464635,0.9697227689374678,0.9514643707027548,0.9609700685981044,0.9576234729623135,0.9530258171606759,0.1674453888423022,0.9319851188064068,0.7349398332930592,0.813803940121258,0.7739122452550351,0.752585989962815,-0.04694785166056947,0.977835162470411,0.2084140305573488,0.7185998134997489,0.44684742844846137,0.4627893584031009,0.0,0.19999999999999996,0.0,0.0,0.0,0.03791469194312795
0.08370506651570904,0.1939145202377583,0.16870542032267194,0.1855805972261534,0.18173648457401642,0.17466037201800813,0.01,1.0,0.3,0.8025,0.535,0.5419811320754717,0.81653076464635,0.9697227689374678,0.9515143401364647,0.9610095280827584,0.9576272986321446,0.9531229107115872,0.1674453888423022,0.9319851188064068,0.7343832405005412,0.8134410708825421,0.7736275614201606,0.7517027679935661,-0.04694785166056947,0.977835162470411,0.21082598091958968,0.7185460153504053,0.44677569758266983,0.4621699195937597,0.0,0.19999999999999996,0.0,0.0,0.0,0.037735849056603765
0.08370506651570904,0.1939145202377583,0.16906488819699972,0.18542952165298612,0.18141522785168412,0.17480631879396133,0.01,1.0,0.32,0.8,0.535,0.5466355140186916,0.81653076464635,0.9697227689374678,0.952220397061361,0.9609783612185355,0.9576196736646021,0.9533334828301946,0.1674453888423022,0.9319851188064068,0.7385119507775286,0.8189528228130362,0.7771845581430494,0.7557948465184228,-0.04694785166056947,0.977835162470411,0.2241320565239223,0.7002456782153361,0.45298041747363893,0.46645861363677493,0.0,0.19999999999999996,0.0,0.0,0.0,0.03457943925233644
0.08780922728559298,0.1939145202377583,0.17046560996320406,0.18557175205208037,0.1816911972827625,0.17522116617336475,0.01,1.0,0.31,0.8,0.53,0.5389592760180996,0.8665192047750866,0.9703216185934814,0.9525266445534112,0.961384234811634,0.957638493902234,0.9538987619766744,0.1674453888423022,0.9524043493992208,0.7419319153068353,0.8192581220510359,0.7778876916085187,0.7579490734840335,-0.04694785166056947,0.9737465031202927,0.2185639480668532,0.6984075747794276,0.44684742844846137,0.4595973464123695,0.0,0.19999999999999996,0.0,0.0,0.0,0.036199095022624424
0.08780922728559298,0.1939145202377583,0.16999292386074155,0.18591423719218794,0.18140956694027738,0.17546604014259515,0.01,1.0,0.305,0.8,0.54,0.5386784140969163,0.8665192047750866,0.9703216185934814,0.9525327035092634,0.9615095436938157,0.9576311243019755,0.9543325196659229,0.1674453888423022,0.9524043493992208,0.7422639510546181,0.8184185923865448,0.7778876916085187,0.7596490624341731,-0.04694785166056947,0.9737465031202927,0.2156767807187433,0.6989096908399685,0.4511512803959544,0.46083826522535026,0.0,0.19999999999999996,0.0,0.0,0.0,0.03788546255506607
0.08780922728559298,0.1939145202377583,0.1705335409000849,0.18621709595244834,0.18179592414378715,0.17576841405801094,0.01,1.0,0.3,0.79,0.53,0.5307725321888411,0.8665192047750866,0.9703216185934814,0.952638858875527,0.9618832707941793,0.9577731009686831,0.95458110410067,0.1674453888423022,0.9524043493992208,0.7425959868024008,0.818036925099037,0.7778876916085187,0.7601454823284487,-0.04694785166056947,0.9737465031202927,0.20913133921526428,0.6908041030055232,0.4467039667168783,0.45370142042507156,0.0,0.19999999999999996,0.0,0.0,0.0,0.03948497854077253
0.08780922728559298,0.1939145202377583,0.17048259269742427,0.1864283187093122,0.18182422870082082,0.1757159804199064,0.01,1.0,0.3,0.7975000000000001,0.53,0.5307983193277311,0.8665192047750866,0.9703216185934814,0.9525637865677186,0.961948679014303,0.95779044847856,0.9544890116181082,0.1674453888423022,0.9319851188064068,0.7426110135756613,0.8167324029082448,0.7779694382978753,0.7569092704137869,-0.04694785166056947,0.9737465031202927,0.20805537622839107,0.6965067068359515,0.44078617028907535,0.4537051101912683,0.0,0.19999999999999996,0.0,0.0,0.0,0.0403361344537815
0.08780922728559298,0.1939145202377583,0.17103382394565525,0.1863579111236909,0.18179592414378715,0.1758921323990066,0.01,1.0,0.295,0.78,0.53,0.5274476987447698,0.8665192047750866,0.9703216185934814,0.9528678986501502,0.9620898839547876,0.9579723134864357,0.9546891125247281,0.1674453888423022,0.9319851188064068,0.7433985000710424,0.8170741656403129,0.778051184987232,0.7582860635324946,-0.04694785166056947,0.9737465031202927,0.20504267986514596,0.6840076034717739,0.440678573990388,0.45006391250154937,0.0,0.19999999999999996,0.0,0.0,0.0,0.041004184100418395
0.08780922728559298,0.1939145202377583,0.17076139258420603,0.1866119445230682,0.1816911972827625,0.17583147839477054,0.01,1.0,0.29,0.785,0.53,0.5272427983539095,0.8665192047750866,0.9703216185934814,0.9528678986501502,0.9621143293022112,0.9579221425770252,0.9546490228597799,0.1674453888423022,0.9277663312426159,0.739019184984246,0.816586720658435,0.7732816706617328,0.7554548526558866,-0.04694785166056947,0.9737465031202927,0.20109748224661073,0.6877914066422781,0.4378810702245176,0.44962397381321567,0.0,0.19999999999999996,0.0,0.0,0.0,0.041975308641975295
0.08780922728559298,0.1939145202377583,0.17076139258420603,0.18659213133314462,0.1816911972827625,0.17583059897334827,0.01,1.0,0.295,0.785,0.53,0.529917695473251,0.8665192047750866,0.9703216185934814,0.9528678986501502,0.962014830090723,0.9579221425770252,0.9546118216093803,0.1674453888423022,0.9277663312426159,0.7373455324571703,0.8170741656403129,0.778051184987232,0.7556393838790828,-0.04694785166056947,0.9737465031202927,0.20466609281974035,0.6877914066422781,0.4378810702245176,0.451704906893041,0.0,0.19999999999999996,0.0,0.0,0.0,0.042798353909465014
0.08780922728559298,0.1939145202377583,0.17055335409000852,0.18662185111803,0.18148598924426834,0.17575490367642138,0.01,1.0,0.29,0.79,0.54,0.5295435684647303,0.8665192047750866,0.9703216185934814,0.9526672698367903,0.9620769155690504,0.9580891063093626,0.9546481985337508,0.1674453888423022,0.9235555070964205,0.7353071341504883,0.8188002596740526,0.778051184987232,0.7556812032110025,-0.04694785166056947,0.9737465031202927,0.20055950075317408,0.6984075747794276,0.4378810702245176,0.4516344964150938,0.0,0.19999999999999996,0.0,0.0,0.0,0.043983402489626545
0.08780922728559298,0.1939145202377583,0.17068921596377015,0.1866119445230682,0.18142088876309087,0.17626284128425174,0.01,1.0,0.29,0.79,0.54,0.5287136929460581,0.8665192047750866,0.9703216185934814,0.9530685274635102,0.9619527446123954,0.9580891063093626,0.9551289394564785,0.1674453888423022,0.9235555070964205,0.7384037500226285,0.8172702461225709,0.7732816706617328,0.755898625948308,-0.04694785166056947,0.9737465031202927,0.20055950075317408,0.6908041030055232,0.4378810702245176,0.4499715904102083,0.0,0.19999999999999996,0.0,0.0,0.0,0.04481327800829874
0.08780922728559298,0.1939145202377583,0.17065525049532976,0.1866469714123974,0.18191551089725444,0.1764718427658656,0.01,1.0,0.2875,0.79,0.515,0.5232786885245901,0.8665192047750866,0.9703216185934814,0.9529682130568302,0.962108590821368,0.9581407650767985,0.9552779130532539,0.1674453888423022,0.9235555070964205,0.7320570353083997,0.8163346988487179,0.7720140244716398,0.7542546913730449,-0.04694785166056947,0.9737465031202927,0.19918764794491067,0.6927049709489993,0.4281974033426584,0.4462255159624695,0.0,0.19999999999999996,0.0,0.0,0.0,0.04508196721311474
0.08780922728559298,0.1939145202377583,0.1705873195584489,0.1866972120011322,0.1821355788281913,0.1765327032692914,0.01,1.0,0.28250000000000003,0.79,0.51,0.5206910569105692,0.8665192047750866,0.9703216185934814,0.9531388809475779,0.9622045381521896,0.9582159112573163,0.9553727200545215,0.1674453888423022,0.9235555070964205,0.7338498684592207,0.8160680296107455,0.7726273956525742,0.7548845140169061,-0.04694785166056947,0.9737465031202927,0.19716125098629939,0.6965067068359515,0.42068359515099346,0.4443162911293413,0.0,0.19999999999999996,0.0,0.0,0.0,0.04634146341463414
0.08780922728559298,0.1939145202377583,0.17068921596377015,0.1868001698273422,0.18222190772714406,0.1767165203518715,0.01,1.0,0.26,0.79,0.5,0.5151778656126481,0.8665192047750866,0.9703216185934814,0.9530685274635102,0.9624687035927394,0.9584010956337023,0.9555615856810618,0.1674453888423022,0.9235555070964205,0.7281358015472044,0.8164527269184259,0.7709846341635126,0.754395704522443,-0.04694785166056947,0.9737465031202927,0.19428304999641344,0.6908041030055232,0.4101570905960835,0.44028504655276485,0.0,0.19999999999999996,0.0,0.0,0.0,0.046640316205533584
0.08780922728559298,0.1939145202377583,0.17139329181998303,0.18702129917916785,0.18261746391168976,0.1770643532408718,0.01,1.0,0.25,0.78,0.49,0.5076799999999999,0.8665192047750866,0.9703216185934814,0.9539623742998639,0.962510778673077,0.9585400218940565,0.9557701503542498,0.1674453888423022,0.9235555070964205,0.7294428794676029,0.8167324029082448,0.7704616848990216,0.7531139315844139,-0.018004447313679117,0.9737465031202927,0.19422925184706982,0.671391937450685,0.4050821318413313,0.4335733448102719,0.0,0.19999999999999996,0.0,0.0,0.0,0.04799999999999999
0.08780922728559298,0.19399094254174923,0.1714081517124257,0.1870860458533824,0.1826280781205774,0.1772136090953445,0.01,1.0,0.24,0.78,0.49,0.5054474708171206,0.8665192047750866,0.9703216185934814,0.954104167250914,0.9625248036998562,0.9584641674039326,0.9558439077207165,0.1674453888423022,0.9235555070964205,0.7333641132287982,0.8162953561588152,0.7705774506323932,0.7541977793266911,-0.018004447313679117,0.9737465031202927,0.19421131913062195,0.6694283049996413,0.40499246825909185,0.43209194278165597,0.0,0.19999999999999996,0.0,0.0,0.0,0.04747081712062256
0.08780922728559298,0.19399094254174923,0.17134977356354375,0.18731000566091138,0.1825863288989527,0.17747000380342487,0.01,1.0,0.24,0.78,0.495,0.507890625,0.8665192047750866,0.9703216185934814,0.9538301495799356,0.9622353667206386,0.9584029005418617,0.9560452456207791,0.1674453888423022,0.9235555070964205,0.7277279755176715,0.8149320934974383,0.7711766380206196,0.7539088803757683,-0.018004447313679117,0.9737465031202927,0.1953859120579585,0.6836220500681444,0.4078258374578581,0.4345140626120795,0.0,0.19999999999999996,0.0,0.0,0.0,0.04765624999999999
0.08780922728559298,0.19399094254174923,0.17136357203509767,0.18708392301160487,0.18255307104443816,0.1773098794003874,0.01,1.0,0.28500000000000003,0.785,0.5,0.5137254901960784,0.8665192047750866,0.9703216185934814,0.9534649038743552,0.962223776640838,0.958318910236143,0.9559305550689077,0.1674453888423022,0.9235555070964205,0.7329824067685431,0.8169666062808119,0.773002567770715,0.7550621372121913,-0.018004447313679117,0.9737465031202927,0.19654257226884725,0.6970984864787318,0.4124524783014131,0.440273646220557,0.0,0.19999999999999996,0.0,0.0,0.0,0.04784313725490194
0.08780922728559298,0.19399094254174923,0.17153552221907725,0.18745577412963488,0.18258420605717518,0.17758226854285444,0.01,1.0,0.2475,0.78,0.495,0.5059126984126984,0.8665192047750866,0.9703216185934814,0.9541217923845621,0.9622687995344356,0.9584333925019952,0.956121212992017,0.1674453888423022,0.9235555070964205,0.7355978101019623,0.8169223457194332,0.7730961337888405,0.7573113428295183,-0.027723979628434092,0.9737465031202927,0.19426511727996557,0.6849132056523922,0.4078258374578581,0.4330073563987918,0.0,0.19999999999999996,0.0,0.0,0.0,0.04841269841269841
0.08780922728559298,0.19399094254174923,0.17139753750353806,0.18723995188225304,0.18253962637984716,0.17710114710251296,0.01,1.0,0.28250000000000003,0.78,0.505,0.5123643410852713,0.8665192047750866,0.9703216185934814,0.9538960170793531,0.9622445359320082,0.9584333925019952,0.9557224237790676,0.1674453888423022,0.9235555070964205,0.735404026134313,0.8167324029082448,0.7730479819242293,0.754830428199076,-0.027723979628434092,0.9737465031202927,0.1963453123879205,0.691960763216412,0.41412022093106665,0.44016130547951526,0.0,0.19999999999999996,0.0,0.0,0.0,0.04728682170542634
0.08780922728559298,0.19417492216246815,0.17165015567506367,0.18745577412963488,0.18258420605717518,0.17741981983720592,0.01,1.0,0.2475,0.78,0.5,0.5045833333333333,0.8665192047750866,0.9703216185934814,0.9541217923845621,0.9624801216189165,0.9585400218940565,0.9559627179883959,0.1674453888423022,0.9235555070964205,0.7378746412398993,0.8164410384086251,0.7744384806527589,0.7553440633263032,-0.027723979628434092,0.9737465031202927,0.19426511727996557,0.6828957750520048,0.40918872390789757,0.4337202724468703,0.0,0.19999999999999996,0.0,0.0,0.0,0.049242424242424226
0.08780922728559298,0.19417492216246815,0.17275049532974807,0.18784956127936597,0.18293518256439284,0.17759610708520981,0.01,1.0,0.24,0.76,0.49,0.49691119691119684,0.8665192047750866,0.9703216185934814,0.9545405935875014,0.9627122635411974,0.9586116903425642,0.9560723870672282,0.1674453888423022,0.9235555070964205,0.7421893847227462,0.8169666062808119,0.7783956581807048,0.7577463051786958,-0.027723979628434092,0.9737465031202927,0.18386414174019083,0.6561401621117566,0.40499246825909185,0.4273043679112111,0.0,0.19999999999999996,0.0,0.19999999999999996,0.0,0.05096525096525095
0.08780922728559298,0.19417492216246815,0.17370506651570902,0.1874950467025191,0.18297480894424004,0.1780968955692986,0.01,1.0,0.24,0.735,0.48,0.493011583011583,0.8665192047750866,0.9703216185934814,0.955037284972031,0.9627122635411974,0.9589922879773667,0.9563713022752325,0.1674453888423022,0.9235555070964205,0.7426260403489218,0.8171626867630699,0.7783956581807048,0.7599702036487702,-0.027723979628434092,0.9737465031202927,0.1893694856896923,0.6497740477727566,0.4047414102288215,0.4235754707026495,0.0,0.19999999999999996,0.0,0.0,0.0,0.04864864864864863
0.08780922728559298,0.19417492216246815,0.17444381545428814,0.1874497594112652,0.182894140956694,0.17821177280174078,0.01,1.0,0.25,0.73,0.48,0.4927509293680298,0.8665192047750866,0.9703216185934814,0.9551303327495748,0.9627507565491966,0.9589995067778065,0.9565616698492265,0.1674453888423022,0.9235555070964205,0.7445399671318724,0.817055127403569,0.7784690368941516,0.76109060890162,-0.027723979628434092,0.9737465031202927,0.19693709203070076,0.6368266264973819,0.4047414102288215,0.4241199436072733,0.0,0.19999999999999996,0.0,0.0,0.0,0.04758364312267657
0.08780922728559298,0.19417492216246815,0.17369728276252477,0.1874345457118596,0.18268044155108973,0.1781089870067621,0.01,1.0,0.2525,0.74,0.485,0.4968613138686131,0.8665192047750866,0.9703216185934814,0.9550314153091632,0.9627310749428346,0.9586783667603951,0.9565232889225375,0.1674453888423022,0.9235555070964205,0.7443552148206263,0.8174920939994014,0.7800536746628408,0.7624908263778779,-0.027723979628434092,0.9737465031202927,0.19771716519618387,0.6533964564952299,0.404974535542644,0.42847725843583784,0.0,0.19999999999999996,0.0,0.0,0.0,0.046715328467153275
0.08780922728559298,0.19417492216246815,0.17371285026889327,0.18757960656665723,0.18295499575431645,0.17828033973917562,0.01,1.0,0.24,0.74,0.48,0.4914179104477612,0.8665192047750866,0.9703216185934814,0.9551100056366227,0.9627740552092033,0.9591979874811035,0.9566097494945817,0.1674453888423022,0.9235555070964205,0.7444783830281236,0.8171089070833195,0.7785877202923146,0.7617799486021557,-0.027723979628434092,0.9737465031202927,0.19179040241015713,0.6481242378595509,0.3970662075891256,0.42202158991999333,0.0,0.19999999999999996,0.0,0.0,0.0,0.04776119402985073
0.08780922728559298,0.19417492216246815,0.17525084913671102,0.18815737333710728,0.18305123124823097,0.17857264237825873,0.01,1.0,0.23,0.74,0.455,0.48231343283582084,0.8665192047750866,0.9703216185934814,0.9551100056366227,0.963095690602066,0.9594301765177011,0.9567230064202031,0.1674453888423022,0.9235555070964205,0.7462234024751673,0.8149320934974383,0.7784253606393751,0.7610602381721324,-0.027723979628434092,0.9737465031202927,0.1801789685101499,0.6429506491643353,0.3733232910121225,0.4141793721300962,0.0,0.19999999999999996,0.0,0.0,0.0,0.04925373134328356
0.08780922728559298,0.19417492216246815,0.17524129634871216,0.1876429380130201,0.1829776393999434,0.17842580548726772,0.01,1.0,0.24,0.74,0.47,0.48872659176029964,0.8665192047750866,0.9703216185934814,0.955037284972031,0.9634280874312848,0.9596367990950255,0.9567836490019406,0.1674453888423022,0.9235555070964205,0.7456622573607357,0.8169666062808119,0.7783956581807048,0.7620454254663322,-0.027723979628434092,0.9737465031202927,0.1942471845635177,0.651298328670827,0.3748296391937451,0.4204703503018472,0.0,0.19999999999999996,0.0,0.0,0.0,0.04644194756554307
0.08780922728559298,0.19417492216246815,0.17509375884517409,0.18750566091140675,0.18297622417209172,0.17843341615037062,0.01,1.0,0.2425,0.7475,0.475,0.490925925925926,0.8665192047750866,0.9703216185934814,0.9551504504301892,0.9633809675126629,0.9596220534990809,0.9567603555496076,0.1674453888423022,0.9235555070964205,0.7443552148206263,0.8170108668421905,0.7783352904138906,0.7615594515453765,-0.027723979628434092,0.9737465031202927,0.1957266336704684,0.6548759056021806,0.380101857829424,0.42310995810386104,0.0,0.19999999999999996,0.0,0.0,0.0,0.04592592592592591
0.08780922728559298,0.19417492216246815,0.1752604019247099,0.18751627512029437,0.18297480894424004,0.17855780390308268,0.01,1.0,0.24,0.74,0.47,0.4873605947955391,0.8665192047750866,0.9703216185934814,0.9553199115237664,0.963471029143858,0.959890749223297,0.9569589646763784,0.1674453888423022,0.9235555070964205,0.7471767357723926,0.8188002596740526,0.7795134457060107,0.7632670250230652,-0.027723979628434092,0.9737465031202927,0.19421131913062195,0.6495229897424861,0.3748296391937451,0.4198774228833195,0.0,0.19999999999999996,0.0,0.0,0.0,0.04460966542750928
0.08780922728559298,0.19417492216246815,0.1752221907727144,0.18776960090574582,0.1829776393999434,0.17855994872645758,0.01,1.0,0.24,0.75,0.47,0.4859003831417625,0.8665192047750866,0.9703216185934814,0.9550490242977664,0.9635964697121163,0.9597447864564151,0.9568156033826846,0.1674453888423022,0.9235555070964205,0.7445399671318724,0.817055127403569,0.7784550630980454,0.7619537811342864,-0.027723979628434092,0.9737465031202927,0.18452765224876266,0.6561580948282046,0.37267771321999854,0.41952717541714524,0.0,0.19999999999999996,0.0,0.0,0.0,0.043678160919540215
0.08780922728559298,0.19417492216246815,0.17576068497028022,0.18788954146617606,0.18298259269742428,0.17873199905795517,0.01,1.0,0.24,0.7475,0.46,0.4817175572519084,0.8665192047750866,0.9703216185934814,0.9551504504301892,0.9636214545001465,0.9598282456896511,0.956960019166368,0.1674453888423022,0.9235555070964205,0.7451991592920024,0.817055127403569,0.7784253606393751,0.7622193527489775,-0.027723979628434092,0.9737465031202927,0.18551395165339649,0.6548759056021806,0.36796140879420414,0.4165923348725354,0.0,0.19999999999999996,0.0,0.0,0.0,0.04427480916030534
0.08780922728559298,0.19417492216246815,0.17549674497594114,0.18797905462779507,0.183078120577413,0.17873511992845295,0.01,1.0,0.24,0.75,0.47,0.48361216730038026,0.8665192047750866,0.9703216185934814,0.9552653574978994,0.9635895310166773,0.9597596313670114,0.9569371301462196,0.1674453888423022,0.9235555070964205,0.7480948092079935,0.8156778788841836,0.7787064036904775,0.7623982515930138,-0.027723979628434092,0.9737465031202927,0.1865002510580303,0.6559249695143821,0.37267771321999854,0.4193196859224494,0.0,0.19999999999999996,0.0,0.0,0.0,0.0456273764258555
0.08780922728559298,0.19417492216246815,0.17518964053212568,0.18792952165298615,0.18297480894424004,0.17864170169133078,0.01,1.0,0.24,0.75,0.47,0.48754716981132074,0.8665192047750866,0.9703216185934814,0.9553698325077714,0.9635964697121163,0.9598225753103539,0.957027461877605,0.1674453888423022,0.9235555070964205,0.7513809086631087,0.8196495315394461,0.7804204273155849,0.7650743926889533,-0.027723979628434092,0.9737465031202927,0.20055950075317408,0.6565884800229539,0.37267771321999854,0.42339468352477355,0.0,0.19999999999999996,0.0,0.0,0.0,0.044528301886792444
0.08780922728559298,0.19417492216246815,0.17477922445513727,0.18783080951033115,0.1829691480328333,0.17853853270008824,0.01,1.0,0.24,0.7525,0.47,0.49084558823529406,0.8665192047750866,0.9703216185934814,0.9553049197417556,0.9635860616689579,0.9597911033386826,0.9569513468737169,0.1674453888423022,0.9235555070964205,0.7506972701700758,0.8197037706143124,0.7801852205835981,0.764449697669109,-0.027723979628434092,0.9737465031202927,0.20076572699232484,0.6691951796858188,0.3733232910121225,0.42698417596003324,0.0,0.19999999999999996,0.0,0.0,0.0,0.04411764705882352
0.08780922728559298,0.19417492216246815,0.17497028021511463,0.18778375318426266,0.182894140956694,0.17853957749015772,0.01,1.0,0.24,0.75,0.48,0.4913454545454546,0.8665192047750866,0.9703216185934814,0.9553530621697174,0.9635988232152818,0.959890749223297,0.9570406592056576,0.1674453888423022,0.9235555070964205,0.7504123313955096,0.8182726343932656,0.7802453035369384,0.7643633570337744,-0.027723979628434092,0.9737465031202927,0.20122301126174597,0.6657341654113764,0.38960619754680437,0.4273831928060463,0.0,0.19999999999999996,0.0,0.0,0.0,0.044363636363636355
0.08780922728559298,0.19417492216246815,0.1752604019247099,0.18792952165298615,0.1829139541466176,0.17872936551810112,0.01,1.0,0.24,0.75,0.47,0.48664259927797837,0.8665192047750866,0.9703216185934814,0.9556957602522191,0.963628213760713,0.9599188488654066,0.9571784175307959,0.1674453888423022,0.9235555070964205,0.7512768806701,0.8177450091124786,0.7802453035369384,0.7645647656082029,-0.027723979628434092,0.9737465031202927,0.20163546374004737,0.6556918442005595,0.3739688688042465,0.423070588610019,0.0,0.19999999999999996,0.0,0.0,0.0,0.044043321299638984
0.08780922728559298,0.19417492216246815,0.17596200113218227,0.1877908293235211,0.1829040475516558,0.17871310119581738,0.01,1.0,0.2425,0.74,0.47,0.4878368794326241,0.8665192047750866,0.9703216185934814,0.9557291332372821,0.9636214545001465,0.9599202589044724,0.9571925596646951,0.1674453888423022,0.9235555070964205,0.75164512150844,0.8185364470336591,0.7820683820222825,0.7654236674073589,-0.027723979628434092,0.9737465031202927,0.21185711211534322,0.6548759056021806,0.38749013700595364,0.4241776768458361,0.0,0.19999999999999996,0.0,0.0,0.0,0.042553191489361694
0.08780922728559298,0.19417492216246815,0.17589583923011604,0.18778375318426266,0.182894140956694,0.17871620095643762,0.01,1.0,0.245,0.745,0.47,0.489163763066202,0.8665192047750866,0.9703216185934814,0.9555906225610269,0.9636146952395801,0.9599188488654066,0.9571879699744588,0.1674453888423022,0.9235555070964205,0.7511295448073712,0.8175076276175248,0.7806063719053932,0.7644902820250989,-0.027723979628434092,0.9737465031202927,0.2123233627429883,0.6555125170360806,0.38960619754680437,0.42558022647458793,0.0,0.19999999999999996,0.0,0.0,0.0,0.04250871080139373
0.08780922728559298,0.19417492216246815,0.17596200113218227,0.18812199264081517,0.1829691480328333,0.17886736874981699,0.01,1.0,0.24,0.74,0.455,0.48527586206896556,0.8665192047750866,0.9703216185934814,0.9556779325922354,0.9636689843482995,0.9599386186165504,0.9572402572504755,0.1674453888423022,0.9065295157237955,0.7514324335953515,0.8144550691899004,0.7806488069015882,0.7646294899566544,-0.027723979628434092,0.9737465031202927,0.20101678502259526,0.6548759056021806,0.37172727924826054,0.42258631820306763,0.0,0.19999999999999996,0.0,0.0,0.0,0.04413793103448275
0.08780922728559298,0.19417492216246815,0.17525084913671102,0.18805972261534104,0.1829493348429097,0.17879892576556178,0.01,1.0,0.24,0.75,0.46499999999999997,0.48841216216216216,0.8665192047750866,0.9703216185934814,0.9554792603345271,0.9636307327139217,0.9599202589044724,0.9572150870508106,0.1674453888423022,0.9065295157237955,0.7513549016648565,0.8151220363086268,0.7806488069015882,0.7644139388207734,-0.027723979628434092,0.9737465031202927,0.20142923750089667,0.6562656911268919,0.38749013700595364,0.42578605881543263,0.0,0.19999999999999996,0.0,0.0,0.0,0.04391891891891891
0.08780922728559298,0.19417492216246815,0.17523174356071328,0.18800382111519953,0.18291466176054344,0.1787622217747527,0.01,1.0,0.24,0.75,0.47,0.49023489932885916,0.8665192047750866,0.9703216185934814,0.955394924135163,0.9636214545001465,0.9599115782061807,0.9571926410343835,0.1674453888423022,0.9065295157237955,0.7514324335953515,0.8172164664428204,0.780702275980744,0.7649931735287018,-0.027723979628434092,0.9737465031202927,0.20366186069865866,0.6564808837242666,0.39279822107452833,0.4273576948684509,0.0,0.19999999999999996,0.0,0.0,0.0,0.044295302013422806
0.08780922728559298,0.194511746391169,0.17518114916501556,0.1872866544013586,0.18254316444947638,0.17836764614650905,0.01,1.0,0.2875,0.75,0.48,0.5047945205479453,0.8665192047750866,0.9703216185934814,0.9553614473387444,0.9637952898109996,0.9599386186165504,0.9572021177959705,0.1674453888423022,0.9065295157237955,0.751535483459837,0.8205604754410016,0.7849039677624294,0.7655656069438257,-0.027723979628434092,0.9737465031202927,0.22321748798507995,0.6581844917868158,0.405135929990675,0.4409849040919019,0.0,0.19999999999999996,0.0,0.0,0.0,0.03767123287671232
0.08780922728559298,0.194511746391169,0.17518114916501556,0.1872866544013586,0.18244622134163602,0.17836803388016706,0.01,1.0,0.2875,0.75,0.485,0.5051027397260275,0.8665192047750866,0.9703216185934814,0.9553049197417556,0.9638702261846879,0.9599386186165504,0.9571973094054403,0.1674453888423022,0.9065295157237955,0.751535483459837,0.8199088410482012,0.7852305404702491,0.7644674002696394,-0.027723979628434092,0.9737465031202927,0.22664263682662653,0.6581844917868158,0.405135929990675,0.4422598465352518,0.0,0.19999999999999996,0.0,0.0,0.0,0.03767123287671232
0.08780922728559298,0.194511746391169,0.17509906594961788,0.18723995188225304,0.18244622134163602,0.17836823747330804,0.01,1.0,0.29,0.75,0.49,0.5067687074829932,0.8665192047750866,0.9703216185934814,0.955268528296976,0.9638389894477838,0.9599202589044724,0.9571722740196077,0.1674453888423022,0.9065295157237955,0.7518880562826705,0.820295041543791,0.7859378986326013,0.7654562797430141,-0.018004447313679117,0.9737465031202927,0.2281489850082491,0.6613765153145399,0.4066960763216412,0.44450312224452215,0.0,0.19999999999999996,0.0,0.0,0.0,0.03741496598639455
0.08780922728559298,0.194511746391169,0.17518114916501556,0.18710196716671385,0.18227427115765638,0.17842065760920844,0.01,1.0,0.29,0.75,0.485,0.5062000000000001,0.8665192047750866,0.9703216185934814,0.9552884865580759,0.9638702261846879,0.9599202589044724,0.9572353758418323,0.1674453888423022,0.9065295157237955,0.752093842558121,0.8196660838546861,0.786416464287395,0.7660533657459124,-0.018004447313679117,0.9737465031202927,0.22931461157736177,0.6581844917868158,0.405135929990675,0.44439793893312296,0.0,0.19999999999999996,0.0,0.0,0.0,0.03666666666666665
0.08780922728559298,0.194511746391169,0.1759220209453722,0.1871769742428531,0.1825785451457685,0.17879580869098874,0.01,1.0,0.29,0.7424999999999999,0.48,0.5022039473684211,0.8665192047750866,0.9703216185934814,0.9554451073899463,0.9638702261846879,0.9599386186165504,0.9576367238356707,0.1674453888423022,0.9065295157237955,0.75292542417427,0.8205604754410016,0.7867993624557832,0.7681786627088474,-0.018004447313679117,0.9737465031202927,0.22492109604762928,0.6554228534538411,0.4050283336919877,0.4402196380233993,0.0,0.19999999999999996,0.0,0.0,0.0,0.0375
0.08780922728559298,0.194511746391169,0.17594820266062836,0.187271440701953,0.18235918482875743,0.1788071483023144,0.01,1.0,0.29,0.75,0.49,0.5050798722044728,0.8665192047750866,0.9703216185934814,0.9553362918316634,0.9636792159398834,0.9598695980256456,0.9575365253645384,0.1674453888423022,0.9017209102797794,0.752093842558121,0.8197157408004062,0.7859745819901132,0.7670020737600423,-0.018004447313679117,0.9737465031202927,0.22756617172369276,0.6556918442005595,0.40517179542357074,0.44304328625450984,0.0,0.19999999999999996,0.0,0.0,0.0,0.03706070287539935
0.08780922728559298,0.194511746391169,0.17596200113218227,0.18723995188225304,0.18227427115765638,0.17881689655856248,0.01,1.0,0.2925,0.7475,0.49,0.5056369426751592,0.8665192047750866,0.9703216185934814,0.9553079222243852,0.9636689843482995,0.9598869527863001,0.9575346592547043,0.1674453888423022,0.9017209102797794,0.7522182652880999,0.8207051427398331,0.7861776888967084,0.7673909328116922,-0.018004447313679117,0.9737465031202927,0.2281489850082491,0.6556021806183201,0.4090273294598666,0.4436476378843141,0.0,0.19999999999999996,0.0,0.0,0.0,0.036305732484076425
0.08780922728559298,0.194511746391169,0.17598959807529013,0.18728382394565524,0.1825785451457685,0.1788933858699352,0.01,1.0,0.29,0.7424999999999999,0.485,0.5031645569620253,0.8665192047750866,0.9703216185934814,0.9552884865580759,0.9637952898109996,0.9598869527863001,0.9576041795888472,0.1674453888423022,0.9017209102797794,0.7524671107480576,0.8196660838546861,0.786416464287395,0.766644719531246,-0.018004447313679117,0.9737465031202927,0.22699232479736034,0.6554228534538411,0.405135929990675,0.441462619593059,0.0,0.19999999999999996,0.0,0.0,0.0,0.036075949367088606
0.08780922728559298,0.194511746391169,0.17604797622417206,0.18730859043305972,0.18277809227285594,0.1789003190048189,0.01,1.0,0.29,0.74,0.48,0.5013207547169812,0.8665192047750866,0.9703216185934814,0.9553446770006904,0.9637498839794265,0.9598869527863001,0.9575235259599555,0.1674453888423022,0.9017209102797794,0.752093842558121,0.8184955894557058,0.7861776888967084,0.7654554081200374,-0.018004447313679117,0.9737465031202927,0.2281489850082491,0.6528226095688975,0.4050283336919877,0.4401314569621573,0.0,0.19999999999999996,0.0,0.0,0.0,0.03647798742138364
