spread-min,spread-max,spread-1q,spread-3q,spread-median,spread-mean,seed-min,seed-max,seed-1q,seed-3q,seed-median,seed-mean,communities-min,communities-max,communities-1q,communities-3q,communities-median,communities-mean,fairness-min,fairness-max,fairness-1q,fairness-3q,fairness-median,fairness-mean,budget-min,budget-max,budget-1q,budget-3q,budget-median,budget-mean,time-min,time-max,time-1q,time-3q,time-median,time-mean
0.010005660911406736,0.11721483158788565,0.05421065666572318,0.10166289272572884,0.0871469006510048,0.07792378998018681,0.04,0.97,0.27749999999999997,0.705,0.435,0.48150000000000004,0.7727938380636061,0.959058982568552,0.9243116127299168,0.9463284308035682,0.9364365438813274,0.9251679399825283,0.543582302112533,0.9406251379096165,0.7930062435107048,0.8773099190923584,0.8321617565705085,0.8107590818788732,-0.1383688401119001,0.9383114554192669,0.11475145255003227,0.6302632522774549,0.30071372211462594,0.34491428161537907,0.19999999999999996,0.19999999999999996,0.19999999999999996,0.19999999999999996,0.19999999999999996,0.2
0.010005660911406736,0.11721483158788565,0.05363430512312482,0.09707896971412397,0.07939852816303425,0.07494856657636165,0.04,0.97,0.345,0.71,0.49,0.5182857142857143,0.7727938380636061,0.959058982568552,0.9183396546939715,0.9412691028327584,0.9344121540291783,0.9244897651606997,0.543582302112533,0.9406251379096165,0.7971565180957105,0.8750118502918274,0.8333007724933644,0.8164952236777044,-0.1383688401119001,0.9383114554192669,0.16064127394017647,0.6117028907538914,0.3489706620758912,0.384324756371238,0.19999999999999996,0.19999999999999996,0.19999999999999996,0.19999999999999996,0.19999999999999996,0.19999999999999998
0.010005660911406736,0.11721483158788565,0.06542456835550524,0.09979054627795075,0.08746249646193037,0.08040163440672922,0.04,0.97,0.305,0.645,0.44,0.47205128205128216,0.7727938380636061,0.9516823260624769,0.9230860206773766,0.9466561042576311,0.9379040378099087,0.9298466275079025,0.543582302112533,0.9406251379096165,0.8096457167934257,0.878482057059911,0.8336031945977891,0.825677786098665,-0.1383688401119001,0.9383114554192669,0.14086148769815648,0.5121225163187719,0.27741912344882,0.3278164940527755,0.19999999999999996,0.19999999999999996,0.19999999999999996,0.19999999999999996,0.19999999999999996,0.19999999999999998
0.010005660911406736,0.11721483158788565,0.052680441551089724,0.10059581092555901,0.08228559298046985,0.07578998018681007,0.04,0.97,0.3,0.74,0.5,0.5113333333333333,0.7727938380636061,0.9516823260624769,0.9213448313115913,0.9462386077514838,0.937758442954656,0.9274852622632586,0.5418830923254647,0.9406251379096165,0.8118652183560575,0.8796114382531123,0.8506315709402297,0.8193884324044717,-0.1383688401119001,0.9383114554192669,0.13657556846711139,0.6300839251129762,0.3432321928125672,0.37101276012401474,0.19999999999999996,0.19999999999999996,0.19999999999999996,0.19999999999999996,0.19999999999999996,0.19999999999999987
0.007536088310217945,0.11721483158788565,0.04583073874893858,0.09825608547976224,0.07777455420322672,0.07242307646947825,0.04,0.98,0.3275,0.8025,0.545,0.5427083333333333,0.6982211257672422,0.9516823260624769,0.9178659077517455,0.9441635060126069,0.935616961512977,0.9194836823070673,0.35876838730512617,0.9687722060398157,0.7931737426934518,0.8674189862038728,0.8293842758915817,0.798287148677652,-0.1383688401119001,0.9458790617602755,0.14963058604117352,0.6880245319561007,0.39247543217846637,0.4031879886665232,0.19999999999999996,0.4,0.19999999999999996,0.19999999999999996,0.19999999999999996,0.2041666666666666
0.007536088310217945,0.11721483158788565,0.04583073874893858,0.09742853099348996,0.07352179450891594,0.07084617017570599,0.04,0.98,0.3375,0.8025,0.585,0.5617307692307694,0.6982211257672422,0.9514684559120397,0.9146077021310757,0.9422444026354437,0.9345661635991859,0.915819342489965,0.35876838730512617,0.9687722060398157,0.8068515653787383,0.8865629386970626,0.8345625635414609,0.8076452324339608,-0.1383688401119001,0.9458790617602755,0.15081414532673412,0.6880962628218923,0.4525320995624417,0.4217650758967738,0.19999999999999996,0.4,0.19999999999999996,0.19999999999999996,0.19999999999999996,0.20384615384615373
0.007536088310217945,0.11721483158788565,0.04628891876592131,0.09742853099348996,0.07468369657514859,0.07219062108285147,0.04,0.98,0.3375,0.785,0.565,0.55375,0.6974780681985361,0.9514684559120397,0.9146077021310757,0.9413362002601253,0.9306372009297685,0.9152920951035143,0.35876838730512617,0.9406251379096165,0.8042737195572754,0.8719164307781134,0.8333859166312267,0.8085402606397479,-0.1383688401119001,0.9458790617602755,0.15081414532673412,0.6781167061186428,0.4195538340147765,0.4068318526033181,0.19999999999999996,0.4,0.19999999999999996,0.19999999999999996,0.19999999999999996,0.20357142857142854
0.0077653552221907726,0.11721483158788565,0.04699370223606,0.09560147183696575,0.0743136144919332,0.07074976412869138,0.04,0.98,0.375,0.7925,0.59,0.5728333333333333,0.6941085704795928,0.9489342520622964,0.9141500016009736,0.9410809907547878,0.9290648735118079,0.9133125211670218,0.5424624985850179,0.9508335345192795,0.7735723410153559,0.8704100520233309,0.8333859166312267,0.8055857514928207,-0.1383688401119001,0.9492145470195825,0.2011512803959544,0.6880962628218923,0.42432393658991463,0.4264609186332879,0.19999999999999996,0.4,0.19999999999999996,0.19999999999999996,0.19999999999999996,0.20333333333333325
0.005007076139258421,0.11721483158788565,0.04572318143221059,0.09501309085762807,0.07479903764506085,0.06986616336609505,0.04,0.99,0.3825,0.8075000000000001,0.595,0.579655172413793,0.6941085704795928,0.9511917748250274,0.9127917605216878,0.9411571866391039,0.9294292583917265,0.9088379440501894,0.1674453888423022,0.9406251379096165,0.7658654942516606,0.8810644209576963,0.8313722724462813,0.7946323672984756,-0.1383688401119001,0.9722401549386701,0.21273581522128973,0.692292518470698,0.44223872032135425,0.43479293277828485,0.19999999999999996,0.4,0.19999999999999996,0.19999999999999996,0.19999999999999996,0.20689655172413787
0.005007076139258421,0.11721483158788565,0.04558236626096802,0.09608972544579678,0.07333852250212285,0.06960593766707551,0.04,0.99,0.37,0.815,0.6,0.5811111111111114,0.699978847118456,0.9511917748250274,0.906130038640669,0.9415555473726198,0.9296282273647292,0.9086135197239169,0.1674453888423022,0.9596931905512115,0.759886688769752,0.8858527336913182,0.835254901541558,0.7957792801733653,-0.1383688401119001,0.9722401549386701,0.19928627788537406,0.6894770819883795,0.4447672333405064,0.43967718833223446,0.19999999999999996,0.4,0.19999999999999996,0.19999999999999996,0.19999999999999996,0.20634920634920623
0.005007076139258421,0.11781347296914804,0.04875035380696292,0.09706623266345882,0.07681007642230399,0.07128299634502024,0.05,0.99,0.36,0.8,0.59,0.5692753623188405,0.699978847118456,0.9511917748250274,0.9137715969201794,0.9422161226026122,0.9330572880787201,0.9106254827759749,0.1674453888423022,0.9596931905512115,0.7786459415557616,0.8873952930549011,0.8395968219972405,0.8050887176324402,-0.12638978552471136,0.9722401549386701,0.1859622695645936,0.6799010114052076,0.4064988164407144,0.42446479937708503,0.19999999999999996,0.4,0.19999999999999996,0.19999999999999996,0.19999999999999996,0.20579710144927527
0.005007076139258421,0.11781347296914804,0.05110423153127654,0.09945584489102746,0.07886923294650439,0.0728394998938579,0.05,0.99,0.34249999999999997,0.7825,0.56,0.5575,0.699978847118456,0.9511720626203776,0.918131764514938,0.9423468517325362,0.9354877910746386,0.9120508620095822,0.1674453888423022,0.9508818590539214,0.7961438897931421,0.8756042824898647,0.8371921205945208,0.8069429158233455,-0.12638978552471136,0.9722401549386701,0.15544975252851306,0.6713740047342371,0.38566099992826913,0.41151605426439997,0.19999999999999996,0.4,0.19999999999999996,0.19999999999999996,0.19999999999999996,0.20624999999999996
0.005007076139258421,0.11781347296914804,0.050837107274271154,0.10073096518539484,0.07971766204358902,0.07294354527442555,0.05,0.99,0.3275,0.7875000000000001,0.56,0.5580303030303029,0.6728722120816804,0.9578604960373877,0.9172551556076519,0.943036887091993,0.935828250692192,0.9123849875521249,0.1674453888423022,0.9406732649906486,0.787607932340417,0.8744642906961133,0.8415199146589584,0.8049854371876417,-0.12638978552471136,0.9722401549386701,0.14018901083136076,0.674099777634316,0.3837063338354494,0.4099668951186059,0.19999999999999996,0.4,0.19999999999999996,0.19999999999999996,0.19999999999999996,0.20303030303030295
0.005007076139258421,0.11781347296914804,0.05375389187659213,0.10153198414944806,0.0810090574582508,0.07394586337223823,0.05,0.99,0.3175,0.7825,0.545,0.551029411764706,0.6728722120816804,0.9578604960373877,0.9169126694877826,0.942568412384266,0.935828250692192,0.9144875041727341,0.1674453888423022,0.9453887484590815,0.8074546970598998,0.8777093712124328,0.8415199146589584,0.8113320035201622,-0.12638978552471136,0.9722401549386701,0.1304694785166057,0.640637328742558,0.3734129545943619,0.39980991320565235,0.19999999999999996,0.4,0.19999999999999996,0.19999999999999996,0.19999999999999996,0.20294117647058815
0.005007076139258421,0.11781347296914804,0.054498301726577984,0.09978063968298896,0.08022360600056609,0.07423502772181614,0.05,0.99,0.3275,0.785,0.56,0.552941176470588,0.6728722120816804,0.9578604960373877,0.9197625871094416,0.943864006125119,0.9362129873500895,0.9165283676664822,0.1674453888423022,0.9453887484590815,0.8074546970598998,0.8774651674170564,0.842265245447877,0.8138135132548598,-0.12638978552471136,0.9722401549386701,0.13549063912201423,0.6337601319847931,0.3905924969514382,0.3998848086684642,0.19999999999999996,0.4,0.19999999999999996,0.19999999999999996,0.19999999999999996,0.20294117647058815
0.005007076139258421,0.11781347296914804,0.05544721200113219,0.10220917067647892,0.0819600905745825,0.07567035272130868,0.05,0.99,0.31,0.78,0.55,0.5390410958904109,0.6728722120816804,0.9578604960373877,0.9177288350252909,0.9449006302078856,0.9364145661628732,0.9171407538302361,0.1674453888423022,0.9406732649906486,0.8074262152307938,0.878380882161181,0.842084043920144,0.8142949778675701,-0.12638978552471136,0.9722401549386701,0.10340004303851946,0.6266049781220859,0.36891184276594213,0.38190642954211146,0.19999999999999996,0.4,0.19999999999999996,0.19999999999999996,0.19999999999999996,0.20273972602739723
0.005007076139258421,0.11848853665440136,0.05492817718652704,0.10221447778092273,0.07929238607415795,0.07578209960224648,0.04,0.99,0.3075,0.7825,0.565,0.5405263157894736,0.6728722120816804,0.9578604960373877,0.9165815339707711,0.9449649390043526,0.9356591017012941,0.9184316977193066,0.1674453888423022,0.9566295655423704,0.8073472898831194,0.8791241338284231,0.8434290493640861,0.8136634402492758,-0.13395739186571975,0.9722401549386701,0.10113155440786173,0.6306398393228606,0.39629510078186647,0.3820503890455642,0.19999999999999996,0.4,0.19999999999999996,0.19999999999999996,0.19999999999999996,0.20263157894736836
0.005007076139258421,0.11983441834135296,0.05251132182281348,0.09974384375884517,0.07637701669968865,0.0734199878011346,0.06,0.99,0.345,0.795,0.6,0.569718309859155,0.6728722120816804,0.9578604960373877,0.9164643950663685,0.9450619385038401,0.933516324609986,0.9167363714164221,0.1674453888423022,0.9566295655423704,0.8020963399612836,0.8772168803771209,0.8482469740709061,0.8103828449373103,-0.14995337493723548,0.9722401549386701,0.15388063983932287,0.6489850082490496,0.4095473782368553,0.40992926932515394,0.19999999999999996,0.4,0.19999999999999996,0.19999999999999996,0.19999999999999996,0.20281690140845057
0.005007076139258421,0.11983441834135296,0.05166006227002547,0.09931927540333993,0.07637701669968865,0.07316342394893693,0.06,0.99,0.35,0.8,0.6,0.5734782608695652,0.6728722120816804,0.9575217099948085,0.9165430196055904,0.942952552213089,0.9309593900689997,0.9153378814732807,0.1674453888423022,0.9566295655423704,0.7890211430479523,0.8760528785930607,0.8414515707358503,0.8024726746842368,-0.14995337493723548,0.9722401549386701,0.16584176171006382,0.6427444229251846,0.4095473782368553,0.41435126708935893,0.19999999999999996,0.4,0.19999999999999996,0.19999999999999996,0.19999999999999996,0.20289855072463758
0.00014576846872346448,0.11983441834135296,0.049888550806679866,0.09881156241154826,0.07760543447495047,0.07223813996174597,0.06,1.0,0.3625,0.8075000000000001,0.605,0.5836363636363637,0.005023361665269066,0.9575217099948085,0.917985625660227,0.9421207964150223,0.9281274323584001,0.9004444060601314,0.1674453888423022,0.9566295655423704,0.790235302820365,0.8700313250216548,0.8451129599878954,0.7920883877431684,-0.14995337493723548,0.9999641345671042,0.17339143533462453,0.660228821461875,0.4151961839179399,0.4234827291638137,0.19999999999999996,1.0,0.19999999999999996,0.19999999999999996,0.19999999999999996,0.2151515151515151
0.00014576846872346448,0.11983441834135296,0.052087814888197,0.09923506934616472,0.07926266628927257,0.07361234887388299,0.06,1.0,0.3525,0.7975000000000001,0.585,0.5728571428571427,0.005023361665269066,0.9553159329100723,0.9186058149516321,0.9420482951200568,0.9286476204084513,0.9020907385691864,0.1674453888423022,0.9566295655423704,0.790940302873984,0.8698566453523792,0.8477153438129711,0.7946044009305778,-0.14995337493723548,0.9999641345671042,0.16705222007029624,0.6412111756688903,0.3952908686607847,0.4096267945525532,0.19999999999999996,1.0,0.19999999999999996,0.19999999999999996,0.19999999999999996,0.2142857142857142
0.00014576846872346448,0.11983441834135296,0.05251556750636852,0.09915086328898952,0.08022077554486273,0.07411097778291602,0.06,1.0,0.355,0.795,0.58,0.5698591549295776,0.005023361665269066,0.9553159329100723,0.9180209706144502,0.9421075331260975,0.9290332541101403,0.9024502663004864,0.1674453888423022,0.9566295655423704,0.7802686537987364,0.8712700888700758,0.8478887681789484,0.7909645860857063,-0.14995337493723548,0.9999641345671042,0.16573416541137648,0.639677928412596,0.3873108098414748,0.4048247594742834,0.19999999999999996,1.0,0.19999999999999996,0.19999999999999996,0.19999999999999996,0.2140845070422534
0.0006934616473252194,0.11983441834135296,0.052804627795075006,0.10003361166147749,0.08321681290687802,0.07524831183534834,0.06,1.0,0.3425,0.7975000000000001,0.545,0.5595714285714285,0.23803870084341328,0.9553159329100723,0.9213778478829262,0.9421465371118645,0.9345020656853084,0.9087248230735581,0.1674453888423022,0.9566295655423704,0.784763254901107,0.8759288985199284,0.8476500499164843,0.7896026006830091,-0.14995337493723548,0.9929345097195323,0.15158525213399324,0.6464116634387778,0.3443440212323363,0.39343150214680234,0.19999999999999996,0.8,0.19999999999999996,0.19999999999999996,0.19999999999999996,0.21142857142857133
0.0006934616473252194,0.11983441834135296,0.05224879705632607,0.10214973110670818,0.08366544013586187,0.07540459108119306,0.06,1.0,0.33,0.8,0.55,0.557536231884058,0.23803870084341328,0.9525356961015788,0.9201482782378391,0.9423782435412477,0.9320804041391931,0.9077221127655569,0.1674453888423022,0.9566295655423704,0.7868853708447499,0.8755569583005315,0.8475419194469938,0.7893198064705366,-0.14995337493723548,0.9929345097195323,0.1279678645721254,0.6504913564306721,0.359694426511728,0.3911562079945608,0.19999999999999996,0.8,0.19999999999999996,0.19999999999999996,0.19999999999999996,0.21159420289855063
0.0006934616473252194,0.11983441834135296,0.05336045853382394,0.10319558448910275,0.0853821115199547,0.07675984579996252,0.06,1.0,0.305,0.795,0.53,0.5430985915492959,0.23803870084341328,0.9525356961015788,0.9118012155108358,0.9426309802163697,0.9320804041391931,0.9072496922275599,0.1674453888423022,0.9506197579643579,0.7748752145705655,0.8725453585290343,0.8409442575805381,0.7815496680109109,-0.14995337493723548,0.9929345097195323,0.10723764435836741,0.6423319704468833,0.3443440212323363,0.37627536974230436,0.19999999999999996,0.8,0.19999999999999996,0.19999999999999996,0.19999999999999996,0.21126760563380273
0.0006934616473252194,0.11983441834135296,0.05391628927257288,0.10317046419473536,0.08470987829040474,0.0769594615844262,0.06,1.0,0.3125,0.7925,0.535,0.5434722222222221,0.23803870084341328,0.9525356961015788,0.9100554347642537,0.9424330167096777,0.9317914798775718,0.9073209889829632,0.1674453888423022,0.9506197579643579,0.7721463762523345,0.8659257226076629,0.8406916876114865,0.7789673860291135,-0.14995337493723548,0.9929345097195323,0.10287102790330677,0.6382522774549889,0.34667527437056167,0.37467571671090066,0.19999999999999996,0.8,0.19999999999999996,0.19999999999999996,0.19999999999999996,0.21111111111111108
0.0006934616473252194,0.11983441834135296,0.05426337390319841,0.10325007076139259,0.08544296631757711,0.0775043243073246,0.06,1.0,0.2975,0.7925,0.525,0.5394444444444444,0.23803870084341328,0.9525356961015788,0.9048751026558662,0.9424330167096777,0.931191364264587,0.9073367840636133,0.1674453888423022,0.9506197579643579,0.7751209177350515,0.8699290959867603,0.842881579301993,0.782087585417886,-0.14995337493723548,0.9929345097195323,0.09840578150778284,0.650832078043182,0.3397173803887813,0.3694244195777443,0.19999999999999996,0.8,0.19999999999999996,0.19999999999999996,0.19999999999999996,0.21111111111111108
0.0006934616473252194,0.11983441834135296,0.05447212001132182,0.10465751485989244,0.08550382111519954,0.07801568513569647,0.06,1.0,0.29,0.79,0.52,0.5357142857142858,0.23803870084341328,0.9525356961015788,0.9054133004756555,0.9426646242177714,0.9316888423181136,0.9078720144282207,0.1674453888423022,0.9506197579643579,0.7654340802845568,0.8755217553580832,0.8439357062431994,0.7829369356628145,-0.14995337493723548,0.9929345097195323,0.08718886736962916,0.6504913564306721,0.3350907395452263,0.36593361448106443,0.19999999999999996,0.8,0.19999999999999996,0.19999999999999996,0.19999999999999996,0.2077922077922077
0.0006934616473252194,0.11983441834135296,0.0563543730540617,0.10436385508066799,0.08550382111519954,0.0779774507028965,0.06,1.0,0.295,0.785,0.52,0.5378666666666667,0.23803870084341328,0.9525356961015788,0.9074316610284758,0.9430270872039486,0.9341678003412877,0.9081422268151517,0.1674453888423022,0.9506197579643579,0.7698702646980946,0.8809191088829851,0.8461532128649927,0.7861023685316704,-0.14995337493723548,0.9929345097195323,0.08885660999928269,0.6354816727637902,0.33143246538985727,0.3673031585491237,0.19999999999999996,0.8,0.19999999999999996,0.19999999999999996,0.19999999999999996,0.20799999999999993
0.0006934616473252194,0.11983441834135296,0.05429380130200962,0.10421702519105577,0.0854542881403906,0.07756826612242466,0.06,1.0,0.2975,0.7925,0.53,0.541842105263158,0.23803870084341328,0.9525356961015788,0.9095172369444644,0.9428519781064069,0.9342883318425085,0.9088390038168042,0.1674453888423022,0.9506197579643579,0.7721270364698442,0.8842075481603893,0.8468475661559932,0.7882424853446021,-0.14995337493723548,0.9929345097195323,0.08969048131410945,0.6538537407646511,0.3332616024675418,0.3716871665930482,0.19999999999999996,0.8,0.19999999999999996,0.19999999999999996,0.19999999999999996,0.2078947368421052
0.0006934616473252194,0.11985847721483159,0.05425877441268044,0.10588274837248797,0.08665227851684121,0.07797504481554864,0.05,1.0,0.28500000000000003,0.7975000000000001,0.525,0.5371794871794872,0.23803870084341328,0.9525356961015788,0.912013551924839,0.943411830637876,0.9343300105618154,0.9094981630033792,0.1674453888423022,0.9506197579643579,0.7740525498645517,0.8882961249375118,0.8558352827467693,0.7918030841236667,-0.14995337493723548,0.9929345097195323,0.07178466394089375,0.6575747794275877,0.3396635822394376,0.367487801154683,0.19999999999999996,0.8,0.19999999999999996,0.19999999999999996,0.19999999999999996,0.2076923076923076
0.0006934616473252194,0.11985847721483159,0.05575856212850269,0.10476082649306538,0.08647183696575149,0.07823066816226548,0.05,1.0,0.3,0.79,0.54,0.5390123456790124,0.23803870084341328,0.9525356961015788,0.9137215791530865,0.9450908096383003,0.9342511577799015,0.9106012422522936,0.1674453888423022,0.9506197579643579,0.7739421304055377,0.8899282599158462,0.8610986976756385,0.79755767711026,-0.14995337493723548,0.9929345097195323,0.0896277168065418,0.6384764364105875,0.3483609497166631,0.36871701819218733,0.19999999999999996,0.8,0.19999999999999996,0.19999999999999996,0.19999999999999996,0.20740740740740732
0.0006934616473252194,0.11985847721483159,0.05789661760543448,0.10412609680158505,0.08656241154825928,0.07865733627161592,0.05,1.0,0.315,0.7825,0.535,0.5377380952380953,0.23803870084341328,0.9525356961015788,0.9166217695615195,0.9432370826259143,0.9333350012219387,0.9117575559105553,0.1674453888423022,0.9506197579643579,0.7762581903136728,0.8892144736223673,0.8624331082034604,0.8004269525565414,-0.14995337493723548,0.9929345097195323,0.1025930707983645,0.6126174592927336,0.343752241589556,0.3656924931941071,0.19999999999999996,0.8,0.19999999999999996,0.19999999999999996,0.19999999999999996,0.20714285714285705
0.0036003396546844045,0.11985847721483159,0.05687659213133314,0.10391452023775828,0.08485281630342485,0.07820111220259403,0.05,1.0,0.32,0.79,0.55,0.544470588235294,0.5235678347096608,0.9525356961015788,0.9168311086104164,0.9432485167269999,0.9350117182547977,0.9159552053846707,0.1674453888423022,0.9506197579643579,0.7850255155795435,0.8899282599158462,0.8617515635737403,0.8051015323759951,-0.14995337493723548,0.977835162470411,0.10691485546230539,0.6204719890969084,0.35155297324438706,0.37314565163272106,0.19999999999999996,0.4,0.19999999999999996,0.19999999999999996,0.19999999999999996,0.20235294117647049
0.0036003396546844045,0.11985847721483159,0.05721660062270025,0.10391345881686952,0.0842513444664591,0.07828441472100264,0.05,1.0,0.3225,0.7875000000000001,0.555,0.5451162790697673,0.5235678347096608,0.9525356961015788,0.9169579863548191,0.9432447053599714,0.9351858856045199,0.9162804069546181,0.1674453888423022,0.9506197579643579,0.792513766072564,0.8888530214605912,0.8645513826095075,0.8084762805401935,-0.14995337493723548,0.977835162470411,0.11161322717165192,0.6178538124955169,0.3619001506348182,0.3729262690107646,0.19999999999999996,0.4,0.19999999999999996,0.19999999999999996,0.19999999999999996,0.20232558139534873
0.0036003396546844045,0.11985847721483159,0.05531771865270309,0.10433767336541183,0.08353382394565526,0.07767634932597643,0.05,1.0,0.31,0.795,0.57,0.5502409638554218,0.5235678347096608,0.9525356961015788,0.9165060646330783,0.9441696631826502,0.9342359603226449,0.9154152293369581,0.1674453888423022,0.9506197579643579,0.789986079098933,0.8894524023868602,0.8637675187312823,0.8051315962089847,-0.14995337493723548,0.977835162470411,0.0982712861344236,0.6350871530019367,0.38792052220070294,0.37912484886825115,0.19999999999999996,0.4,0.19999999999999996,0.19999999999999996,0.19999999999999996,0.2024096385542168
0.0036003396546844045,0.11985847721483159,0.05789661760543448,0.10514293801302009,0.0842513444664591,0.07868042386074159,0.05,1.0,0.2975,0.7825,0.555,0.5411250000000001,0.5235678347096608,0.9525356961015788,0.919013309694494,0.9451702317038405,0.9342435590512732,0.9162469626177867,0.1674453888423022,0.9506197579643579,0.8009034737243218,0.8892718488750715,0.8660732927906258,0.8096081347855796,-0.14995337493723548,0.977835162470411,0.08820206584893475,0.6126174592927336,0.3619001506348182,0.36839717380388787,0.19999999999999996,0.4,0.19999999999999996,0.19999999999999996,0.19999999999999996,0.20249999999999996
0.0036003396546844045,0.11985847721483159,0.05823662609680159,0.10628927257288423,0.08485281630342485,0.07935303120839492,0.05,1.0,0.29,0.78,0.55,0.5365432098765432,0.5235678347096608,0.9525356961015788,0.9173386195880271,0.9432485167269999,0.9342359603226449,0.9157129543018017,0.1674453888423022,0.9506197579643579,0.7869562627652984,0.8889765448578743,0.8606179799431806,0.80266736196426,-0.14995337493723548,0.977835162470411,0.0839251129761136,0.6099992826913421,0.35155297324438706,0.3620004410119897,0.19999999999999996,0.4,0.19999999999999996,0.19999999999999996,0.19999999999999996,0.20246913580246909
0.0036003396546844045,0.11985847721483159,0.05823662609680159,0.10628927257288423,0.08485281630342485,0.07935449885209298,0.05,1.0,0.29,0.78,0.55,0.5365432098765432,0.5235678347096608,0.9525356961015788,0.9173386195880271,0.9432485167269999,0.9342359603226449,0.915725290265046,0.1674453888423022,0.9506197579643579,0.7869562627652984,0.890598624493302,0.8610986976756385,0.8039932717546004,-0.14995337493723548,0.977835162470411,0.0839251129761136,0.6099992826913421,0.35155297324438706,0.3618698199909495,0.19999999999999996,0.4,0.19999999999999996,0.19999999999999996,0.19999999999999996,0.20246913580246909
0.0036003396546844045,0.11985847721483159,0.05875283045570337,0.10743454571185962,0.08430866119445231,0.07966942046419474,0.05,1.0,0.2675,0.7925,0.555,0.530875,0.5235678347096608,0.9525356961015788,0.9172117418436244,0.9455010016138465,0.9349129443856241,0.9161263115224839,0.1674453888423022,0.9506197579643579,0.7890317078259579,0.8907269760256671,0.8624331082034604,0.8041005336330812,-0.14995337493723548,0.977835162470411,0.057277096334552746,0.6157736173875619,0.3596764937952801,0.3578226992324797,0.19999999999999996,0.4,0.19999999999999996,0.19999999999999996,0.19999999999999996,0.20249999999999996
0.0036003396546844045,0.11985847721483159,0.05975587319558449,0.10773492782337957,0.08485281630342485,0.08033802448523325,0.05,1.0,0.265,0.78,0.55,0.5246835443037974,0.5235678347096608,0.9525356961015788,0.9161319867892119,0.9455935053272317,0.9359164201267584,0.9158120008983637,0.1674453888423022,0.9506197579643579,0.7774951046385641,0.889787584675588,0.8610986976756385,0.8014713531002224,-0.14995337493723548,0.977835162470411,0.05666738397532456,0.6061796140879421,0.3483609497166631,0.351362750252193,0.19999999999999996,0.4,0.19999999999999996,0.19999999999999996,0.19999999999999996,0.20253164556962017
0.0036003396546844045,0.11985847721483159,0.05968086611944523,0.10803530993489951,0.08480894424002264,0.07978254479740468,0.05,1.0,0.2625,0.7875000000000001,0.555,0.5316666666666666,0.5235678347096608,0.9511088992586698,0.9163435426444092,0.9458273440414997,0.9347724844043088,0.915846160947863,0.1674453888423022,0.9506197579643579,0.7803504020187871,0.8919173652962333,0.8569830781499006,0.802258094557313,-0.14995337493723548,0.977835162470411,0.05605767161609637,0.6166702532099563,0.3571838462090237,0.35946314045087446,0.19999999999999996,0.4,0.19999999999999996,0.19999999999999996,0.19999999999999996,0.20256410256410248
0.0036003396546844045,0.11985847721483159,0.05968086611944523,0.10803530993489951,0.08480894424002264,0.07978782468592828,0.05,1.0,0.2625,0.7875000000000001,0.555,0.5316666666666666,0.5235678347096608,0.9511088992586698,0.9163435426444092,0.9458273440414997,0.9347724844043088,0.915824528670229,0.1674453888423022,0.9506197579643579,0.7803504020187871,0.8911251687982837,0.8569830781499006,0.8016915909122377,-0.14995337493723548,0.977835162470411,0.0570529373789542,0.6166702532099563,0.3571838462090237,0.35934542826085764,0.19999999999999996,0.4,0.19999999999999996,0.19999999999999996,0.19999999999999996,0.20256410256410248
0.0036003396546844045,0.11985847721483159,0.059840786866685536,0.10835868949900934,0.08480894424002264,0.08015128785734503,0.05,1.0,0.2575,0.7825,0.555,0.52875,0.5235678347096608,0.9511088992586698,0.916156503722476,0.9458700472395151,0.9357531742876808,0.9170493741235635,0.1674453888423022,0.9506197579643579,0.7858853833499388,0.8923240516655995,0.8651740083872865,0.80593191341672,-0.14995337493723548,0.977835162470411,0.05644322501972601,0.6153790976257083,0.3571838462090237,0.3558151316261387,0.19999999999999996,0.4,0.19999999999999996,0.19999999999999996,0.19999999999999996,0.20249999999999996
0.0036003396546844045,0.11985847721483159,0.05960090574582508,0.10833569204641948,0.08376450608547976,0.07975495591827322,0.05,1.0,0.26,0.79,0.56,0.5328395061728395,0.5235678347096608,0.9511088992586698,0.9160829529226836,0.9458436211373323,0.9355899284486032,0.9169660799868713,0.1674453888423022,0.9506197579643579,0.7915028241830364,0.8921799709982697,0.8650127702868403,0.8076745834876603,-0.14995337493723548,0.977835162470411,0.056774980274011955,0.6173158310020802,0.3709920378738971,0.36038605374855764,0.19999999999999996,0.4,0.19999999999999996,0.19999999999999996,0.19999999999999996,0.20246913580246909
0.0036003396546844045,0.11985847721483159,0.05960090574582508,0.10833569204641948,0.08585338239456553,0.0802016787048394,0.05,1.0,0.26,0.79,0.55,0.5290123456790123,0.5235678347096608,0.9511088992586698,0.9153410440867711,0.945778512754002,0.9359164201267584,0.9172241549988361,0.1674453888423022,0.9506197579643579,0.7917118242586879,0.8927562936675889,0.8653352464877326,0.8100073673286318,-0.14995337493723548,0.977835162470411,0.056774980274011955,0.6173158310020802,0.3433756545441503,0.3560813162348203,0.19999999999999996,0.4,0.19999999999999996,0.19999999999999996,0.19999999999999996,0.20246913580246909
0.0036003396546844045,0.12010048117746958,0.05971412397395981,0.10803530993489951,0.08642088876309086,0.08008046840413102,0.06,1.0,0.2625,0.7875000000000001,0.545,0.5315384615384616,0.5235678347096608,0.9511088992586698,0.9174888782244275,0.9454610071269429,0.9362758128958042,0.9168437031114425,0.1674453888423022,0.9506197579643579,0.7941348537640271,0.8926122130002592,0.8651740083872865,0.8083493611516425,-0.13478229682232268,0.977835162470411,0.0570529373789542,0.6143838318628505,0.3431604619467757,0.35883135705601815,0.19999999999999996,0.4,0.19999999999999996,0.19999999999999996,0.19999999999999996,0.20256410256410248
0.0036003396546844045,0.12010048117746958,0.06146546844041891,0.10697318143221059,0.08795428814039061,0.08051554210484299,0.06,1.0,0.2725,0.775,0.53,0.53,0.5235678347096608,0.9511088992586698,0.9192064569972459,0.9453577375047774,0.9378035036417162,0.9173712507467265,0.1674453888423022,0.9506197579643579,0.798417559957781,0.8932918323268089,0.867837613270501,0.8102619867239597,-0.13478229682232268,0.977835162470411,0.06065741338497957,0.605399540922459,0.3178753317552543,0.35619524773817873,0.19999999999999996,0.4,0.19999999999999996,0.19999999999999996,0.19999999999999996,0.20256410256410248
0.0036003396546844045,0.12010048117746958,0.06187517690348146,0.10681219926408153,0.08892018114916501,0.08078115203129982,0.06,1.0,0.275,0.77,0.52,0.5277215189873418,0.5235678347096608,0.9546465350667318,0.9194218922202506,0.9453069771090934,0.9378873458613338,0.9178785969733328,0.1674453888423022,0.955521995561773,0.8003110646376566,0.8944180173134677,0.8694748683890136,0.8127613834102427,-0.13478229682232268,0.977835162470411,0.057330894483896444,0.6013019152141166,0.29814934366257806,0.3532881338080283,0.19999999999999996,0.4,0.19999999999999996,0.19999999999999996,0.19999999999999996,0.20253164556962017
0.0036003396546844045,0.12010048117746958,0.06269459382960657,0.10649023492782339,0.08892018114916501,0.08080414644288594,0.06,1.0,0.28,0.76,0.52,0.528641975308642,0.5235678347096608,0.9546465350667318,0.9189910217742411,0.9452054563177253,0.9377196614220985,0.9180436118083163,0.1674453888423022,0.955521995561773,0.7965240552779054,0.8941423714692799,0.8668113390935189,0.812273683535998,-0.13478229682232268,0.977835162470411,0.05788680869378093,0.5950792626066996,0.29814934366257806,0.35412111535297347,0.19999999999999996,0.4,0.19999999999999996,0.19999999999999996,0.19999999999999996,0.20246913580246909
0.0036003396546844045,0.12010048117746958,0.06269459382960657,0.10628927257288423,0.08698839513161619,0.08027203824260151,0.06,1.0,0.29,0.76,0.54,0.535679012345679,0.5235678347096608,0.9546465350667318,0.9178729252647875,0.9443878825767944,0.9377196614220985,0.9177255475141872,0.1674453888423022,0.955521995561773,0.793338453259401,0.8946936631576556,0.8688638874474832,0.8115257161737717,-0.13098056093537047,0.977835162470411,0.0839251129761136,0.5950792626066996,0.34294526934940106,0.3610365021550255,0.19999999999999996,0.4,0.19999999999999996,0.19999999999999996,0.19999999999999996,0.20246913580246909
0.0036003396546844045,0.12010048117746958,0.062284885366544016,0.10556113784319275,0.08541466176054345,0.07951754882536088,0.06,1.0,0.3125,0.765,0.555,0.5445,0.5235678347096608,0.9546465350667318,0.9161334395324527,0.9441400069358357,0.9362688736958642,0.9167769286921764,0.1674453888423022,0.955521995561773,0.791688093209933,0.895596068184195,0.8623112061534333,0.8083679740360143,-0.13098056093537047,0.977835162470411,0.10501398751882934,0.5986837386127251,0.3448102718599813,0.37052175238505125,0.19999999999999996,0.4,0.19999999999999996,0.19999999999999996,0.19999999999999996,0.20249999999999996
0.0036003396546844045,0.12010048117746958,0.06166926125106142,0.10388904613642796,0.08541466176054345,0.07947926518608521,0.06,1.0,0.3325,0.7675000000000001,0.555,0.547439024390244,0.5235678347096608,0.9546465350667318,0.9181524493921509,0.944113632753192,0.9368172852816488,0.9176502323966793,0.1674453888423022,0.955521995561773,0.7921184815088662,0.8950420083159064,0.8583975522829144,0.8078563990640387,-0.13098056093537047,0.977835162470411,0.130738469263324,0.5971235922817588,0.3448102718599813,0.37340989291106597,0.19999999999999996,0.4,0.19999999999999996,0.19999999999999996,0.19999999999999996,0.20243902439024383
0.0036003396546844045,0.12010048117746958,0.062011038777243135,0.10477568638550806,0.08585338239456553,0.0800335391949911,0.06,1.0,0.325,0.765,0.55,0.5421686746987953,0.5235678347096608,0.9546465350667318,0.9184319735195143,0.9441687156382477,0.93663520566485,0.9179604125969032,0.1674453888423022,0.955521995561773,0.7925251387590444,0.8934839842290938,0.8579750306655372,0.8077104085081278,-0.13098056093537047,0.977835162470411,0.116867513090883,0.5964421490567391,0.3433756545441503,0.3668593029315454,0.19999999999999996,0.4,0.19999999999999996,0.19999999999999996,0.19999999999999996,0.2024096385542168
0.0036003396546844045,0.12010048117746958,0.06125955278799886,0.10556113784319275,0.08642088876309086,0.08045956154893319,0.06,1.0,0.3125,0.7725,0.545,0.5385714285714286,0.5235678347096608,0.9546465350667318,0.918796263014963,0.9451835949407621,0.937359513160273,0.9198591051615452,0.1674453888423022,0.955521995561773,0.7909446112840425,0.8939919597447995,0.8583975522829144,0.8081016641377025,-0.13098056093537047,0.977835162470411,0.10918334409296321,0.6007280682877842,0.3431604619467757,0.3632720034430815,0.19999999999999996,0.4,0.19999999999999996,0.19999999999999996,0.19999999999999996,0.2023809523809523
0.0036003396546844045,0.12010048117746958,0.06166926125106142,0.10547339371638834,0.08642088876309086,0.08065585937242872,0.06,1.0,0.3125,0.7675000000000001,0.545,0.5376744186046511,0.5235678347096608,0.9546465350667318,0.9193296651973266,0.9451216937138942,0.937359513160273,0.9203354187433178,0.1674453888423022,0.955521995561773,0.7929148820134923,0.8950351888079673,0.8659120546901796,0.8113638986277181,-0.13098056093537047,0.977835162470411,0.10346280754608711,0.596630442579442,0.3431604619467757,0.3622108453732757,0.19999999999999996,0.4,0.19999999999999996,0.19999999999999996,0.19999999999999996,0.20232558139534873
0.0036003396546844045,0.12010048117746958,0.061191621851118025,0.10542173789980186,0.08612510614208888,0.08029981683372861,0.06,1.0,0.315,0.775,0.55,0.5411494252873562,0.5235678347096608,0.9546465350667318,0.918601504255685,0.9450670796126807,0.9369993648984474,0.9202502393552577,0.1674453888423022,0.955521995561773,0.7916643621611783,0.8945135742763834,0.8672580006903624,0.8111723644186702,-0.13098056093537047,0.977835162470411,0.10632307581952516,0.6036511010687899,0.3446309446955025,0.36571899474550795,0.19999999999999996,0.4,0.19999999999999996,0.19999999999999996,0.19999999999999996,0.20229885057471253
0.0036003396546844045,0.12010048117746958,0.06125955278799886,0.1053700820832154,0.08555052363430513,0.08015794264467488,0.06,1.0,0.3175,0.7725,0.555,0.543409090909091,0.5235678347096608,0.9546465350667318,0.9180425610610061,0.9450124655114671,0.9368172852816488,0.9200459834717191,0.1674453888423022,0.955521995561773,0.7884348744001975,0.8936383517772316,0.8670346698919407,0.8099328152611084,-0.13098056093537047,0.977835162470411,0.10918334409296321,0.6007280682877842,0.3454379169356574,0.3676561450528526,0.19999999999999996,0.4,0.19999999999999996,0.19999999999999996,0.19999999999999996,0.2022727272727272
0.0036003396546844045,0.12010048117746958,0.061191621851118025,0.1055519388621568,0.08612510614208888,0.08027574169326321,0.06,1.0,0.315,0.775,0.55,0.5417241379310346,0.5235678347096608,0.9546465350667318,0.9174217280285609,0.9448018702887792,0.93663520566485,0.9195380826279933,0.1674453888423022,0.955521995561773,0.7879420038552312,0.8918242743173372,0.8586110742630747,0.8061916579349394,-0.13098056093537047,0.977835162470411,0.10616168137149412,0.6036511010687899,0.3446309446955025,0.3663039723234287,0.19999999999999996,0.4,0.19999999999999996,0.19999999999999996,0.19999999999999996,0.20229885057471253
0.0036003396546844045,0.12010048117746958,0.061123690914237194,0.10564534390036796,0.08655675063685253,0.08042233032076306,0.06,1.0,0.3125,0.7775000000000001,0.545,0.5397674418604651,0.5235678347096608,0.9546465350667318,0.9173654500265224,0.9445402497803159,0.9362171577077987,0.9193457387580161,0.1674453888423022,0.955521995561773,0.7896000337247902,0.890193104584445,0.8583452767080513,0.8045277620517292,-0.13098056093537047,0.977835162470411,0.10612581593859835,0.6065741338497955,0.34378810702245177,0.3644307488535572,0.19999999999999996,0.4,0.19999999999999996,0.19999999999999996,0.19999999999999996,0.20232558139534873
0.0036003396546844045,0.12010048117746958,0.062085338239456556,0.10564534390036796,0.08735069346164732,0.08074900111243494,0.06,1.0,0.3125,0.775,0.535,0.5369767441860465,0.5235678347096608,0.9546465350667318,0.9171691583490923,0.9445402497803159,0.9368172852816488,0.9194309230179506,0.1674453888423022,0.955521995561773,0.7896000337247902,0.890193104584445,0.8585587986882117,0.8049571104625538,-0.13098056093537047,0.977835162470411,0.10612581593859835,0.5977602037156589,0.34124166128685174,0.3613901108158469,0.19999999999999996,0.4,0.19999999999999996,0.19999999999999996,0.19999999999999996,0.20232558139534873
0.0036003396546844045,0.12010048117746958,0.062085338239456556,0.10564534390036796,0.08735069346164732,0.08078410205438424,0.06,1.0,0.3125,0.775,0.535,0.5370930232558139,0.5235678347096608,0.9546465350667318,0.9170217445618576,0.9445402497803159,0.9368172852816488,0.9191659784634953,0.1674453888423022,0.955521995561773,0.7916406311124236,0.890193104584445,0.8585587986882117,0.808481372248151,-0.13098056093537047,0.977835162470411,0.10612581593859835,0.5977602037156589,0.34124166128685174,0.36166035268231744,0.19999999999999996,0.4,0.19999999999999996,0.19999999999999996,0.19999999999999996,0.20232558139534873
0.0036003396546844045,0.12010048117746958,0.06188225304273988,0.10573874893857911,0.08771299179167846,0.08100690964186412,0.06,1.0,0.31,0.78,0.53,0.5354117647058824,0.5235678347096608,0.9550306907536616,0.9169881637078229,0.9449578514102536,0.9369993648984474,0.9192251877461102,0.1674453888423022,0.955521995561773,0.7917118242586879,0.890598624493302,0.8584914772052032,0.8156677291127268,-0.13098056093537047,0.977835162470411,0.10608995050570258,0.5993113836884012,0.3395380532243024,0.3607881112419144,0.19999999999999996,0.4,0.19999999999999996,0.19999999999999996,0.19999999999999996,0.20235294117647049
0.0036003396546844045,0.12010048117746958,0.062085338239456556,0.10564534390036796,0.0875757146900651,0.08087594375950342,0.06,1.0,0.3125,0.775,0.535,0.5374418604651163,0.5235678347096608,0.9550306907536616,0.9170217445618576,0.9448798608495164,0.9363992373245974,0.9193402618662437,0.1674453888423022,0.955521995561773,0.7929148820134923,0.8901232483805644,0.8583377537539786,0.8155984640880507,-0.13098056093537047,0.977835162470411,0.10612581593859835,0.5977602037156589,0.34208449895990245,0.36295025714681306,0.19999999999999996,0.4,0.19999999999999996,0.19999999999999996,0.19999999999999996,0.20232558139534873
0.0036003396546844045,0.12010048117746958,0.062085338239456556,0.10564534390036796,0.0875757146900651,0.080861495270506,0.06,1.0,0.3125,0.775,0.535,0.5382558139534882,0.5235678347096608,0.9550306907536616,0.9170217445618576,0.9448798608495164,0.9349423934439254,0.9189549960778396,0.1674453888423022,0.955521995561773,0.7929148820134923,0.887220317537895,0.8583377537539786,0.8146408230689582,-0.13098056093537047,0.977835162470411,0.10612581593859835,0.5977602037156589,0.34289147120005736,0.36356705918463694,0.19999999999999996,0.4,0.19999999999999996,0.19999999999999996,0.19999999999999996,0.20232558139534873
0.0036003396546844045,0.12010048117746958,0.062085338239456556,0.10564534390036796,0.0875757146900651,0.08087816533810782,0.06,1.0,0.3125,0.775,0.535,0.5382558139534884,0.5235678347096608,0.9550306907536616,0.9168955682034287,0.944512941789765,0.9345959109697832,0.9183988512015392,0.1674453888423022,0.955521995561773,0.7916406311124236,0.881780401340545,0.8528769842602251,0.8074467956970215,-0.13098056093537047,0.977835162470411,0.10612581593859835,0.5977602037156589,0.34289147120005736,0.36347239112338875,0.19999999999999996,0.4,0.19999999999999996,0.19999999999999996,0.19999999999999996,0.20232558139534873
0.0036003396546844045,0.12010048117746958,0.062085338239456556,0.10569735352391735,0.0875757146900651,0.08090337614123318,0.06,1.0,0.3125,0.775,0.535,0.5382558139534885,0.5235678347096608,0.9550306907536616,0.9165360044670018,0.9440988224520697,0.9337194716500652,0.917797178639951,0.1674453888423022,0.955521995561773,0.788121422089891,0.8824455845511102,0.8490117579055967,0.8054745892207984,-0.13098056093537047,0.977835162470411,0.10560576716160963,0.5977602037156589,0.34493580087511655,0.3632542792465924,0.19999999999999996,0.4,0.19999999999999996,0.19999999999999996,0.19999999999999996,0.20232558139534873
0.0036003396546844045,0.12010048117746958,0.062085338239456556,0.10569735352391735,0.0875757146900651,0.0809399416794476,0.06,1.0,0.3125,0.775,0.535,0.5382558139534884,0.5235678347096608,0.9550306907536616,0.9165360044670018,0.943998527797401,0.9337194716500652,0.9184541861187066,0.1674453888423022,0.955521995561773,0.7924790226752207,0.8861661677245545,0.8496621178599287,0.813796349636515,-0.13098056093537047,0.977835162470411,0.10560576716160963,0.5977602037156589,0.34493580087511655,0.3633322657111448,0.19999999999999996,0.4,0.19999999999999996,0.19999999999999996,0.19999999999999996,0.20232558139534873
0.0036003396546844045,0.12010048117746958,0.061708180016982736,0.1060058731955845,0.0871921879422587,0.08057997385198064,0.06,1.0,0.315,0.7825,0.545,0.5425,0.5235678347096608,0.9550306907536616,0.916380926915879,0.9436893154648707,0.9329599961160921,0.9174718532558155,0.1674453888423022,0.955521995561773,0.7891808926637907,0.8830828808866076,0.842928325815192,0.8071569495840979,-0.13098056093537047,0.977835162470411,0.11429416828061112,0.5998224661071659,0.35928197403342654,0.3672795385997452,0.0,0.4,0.19999999999999996,0.19999999999999996,0.19999999999999996,0.19999999999999993
0.0036003396546844045,0.12010048117746958,0.061708180016982736,0.1060058731955845,0.0871921879422587,0.08064259768441769,0.06,1.0,0.315,0.7825,0.545,0.5424999999999999,0.5235678347096608,0.9546465350667318,0.9167551368458654,0.9435324325854022,0.9312483015405005,0.9176885704063228,0.1674453888423022,0.955521995561773,0.7911932840385736,0.879761458054443,0.842928325815192,0.806831486753697,-0.13098056093537047,0.977835162470411,0.11429416828061112,0.5981278244028405,0.35928197403342654,0.36716596472890856,0.0,0.4,0.19999999999999996,0.19999999999999996,0.19999999999999996,0.19999999999999993
0.0036003396546844045,0.12010048117746958,0.061708180016982736,0.1060058731955845,0.0871921879422587,0.08065336352486085,0.06,1.0,0.315,0.7825,0.545,0.5424999999999999,0.5235678347096608,0.9546465350667318,0.9167551368458654,0.9435324325854022,0.931450108448036,0.9178379003810968,0.1674453888423022,0.955521995561773,0.7911932840385736,0.8830828808866076,0.8476741048249106,0.8080875636429412,-0.13098056093537047,0.977835162470411,0.11429416828061112,0.5981278244028405,0.35928197403342654,0.366932839415086,0.0,0.4,0.19999999999999996,0.19999999999999996,0.19999999999999996,0.19999999999999993
0.0036003396546844045,0.12010048117746958,0.06177858760260402,0.1060058731955845,0.0871921879422587,0.08086034059816963,0.06,1.0,0.315,0.7825,0.545,0.540952380952381,0.5235678347096608,0.9542364982341051,0.9167551368458654,0.9426816430050267,0.9312825098006572,0.9175312199629564,0.1674453888423022,0.9238106385715675,0.7911932840385736,0.885145625115231,0.8476741048249106,0.8059413729331323,-0.13098056093537047,0.977835162470411,0.11429416828061112,0.5985313105229181,0.35928197403342654,0.3652604001216009,0.0,0.4,0.19999999999999996,0.19999999999999996,0.19999999999999996,0.19999999999999993
0.0037814888196999715,0.12010048117746958,0.06177858760260402,0.1060058731955845,0.0871921879422587,0.08087686843772324,0.06,1.0,0.315,0.7825,0.545,0.540952380952381,0.5221539918500027,0.9542364982341051,0.9167551368458654,0.9426816430050267,0.9297913178897739,0.9177472900286437,0.1674453888423022,0.9238106385715675,0.7957534788342076,0.8830828808866076,0.842928325815192,0.8078076929420211,-0.13098056093537047,0.977835162470411,0.11429416828061112,0.5985313105229181,0.35928197403342654,0.36505331994357176,0.0,0.4,0.19999999999999996,0.19999999999999996,0.19999999999999996,0.19999999999999993
0.0037814888196999715,0.12010048117746958,0.06177858760260402,0.1060058731955845,0.08745754316444948,0.08091103608157103,0.06,1.0,0.315,0.7825,0.545,0.540952380952381,0.5221539918500027,0.9542364982341051,0.916380926915879,0.9426816430050267,0.9312825098006572,0.9177773763138348,0.1674453888423022,0.9238106385715675,0.7911932840385736,0.8868222765045536,0.8484175204985884,0.8087973919972075,-0.13098056093537047,0.977835162470411,0.11429416828061112,0.5985313105229181,0.34724912129689406,0.36501446572460133,0.0,0.4,0.19999999999999996,0.19999999999999996,0.19999999999999996,0.19999999999999993
0.0037814888196999715,0.12010048117746958,0.06188225304273988,0.10624257005377866,0.08796914803283329,0.0812463328948902,0.06,1.0,0.3,0.78,0.54,0.5375294117647059,0.5221539918500027,0.9542364982341051,0.91642643827757,0.9434963408716024,0.9325718948040052,0.9180188001314197,0.1674453888423022,0.9238106385715675,0.7971323384243871,0.8886971200423518,0.8485529221928536,0.8103179304304966,-0.13098056093537047,0.977835162470411,0.10544437271357865,0.5982712861344237,0.339609784090094,0.36112819993502027,0.0,0.4,0.19999999999999996,0.19999999999999996,0.19999999999999996,0.19999999999999993
0.0037814888196999715,0.12010048117746958,0.059631333144636284,0.10608477214831588,0.08512170959524484,0.080000089571383,0.06,1.0,0.31,0.795,0.58,0.548860759493671,0.5221539918500027,0.9542364982341051,0.914002829051869,0.9429532089605519,0.9330129001334218,0.9166047583080724,0.1674453888423022,0.9155168693628964,0.7884393493642933,0.888805812343828,0.8495457428038088,0.8078522665176207,-0.13098056093537047,0.977835162470411,0.11134423642493363,0.6233770891614663,0.38142887884656773,0.37409871075118556,0.19999999999999996,0.4,0.19999999999999996,0.19999999999999996,0.19999999999999996,0.20253164556962017
0.0037814888196999715,0.12010048117746958,0.059631333144636284,0.10608477214831588,0.08512170959524484,0.07982646440254096,0.06,1.0,0.31,0.795,0.58,0.5517721518987342,0.5221539918500027,0.9542364982341051,0.914002829051869,0.9435685242992019,0.9330129001334218,0.9170043476113545,0.1674453888423022,0.9155168693628964,0.7884393493642933,0.888805812343828,0.854222403888911,0.8091658432238316,-0.13098056093537047,0.977835162470411,0.11134423642493363,0.6233770891614663,0.38142887884656773,0.3773815328432027,0.19999999999999996,0.4,0.19999999999999996,0.19999999999999996,0.19999999999999996,0.20253164556962017
0.0037814888196999715,0.12010048117746958,0.059631333144636284,0.10608477214831588,0.08512170959524484,0.07984989627633847,0.06,1.0,0.31,0.795,0.58,0.5517721518987341,0.5221539918500027,0.9542364982341051,0.914002829051869,0.9435685242992019,0.9338944330772263,0.9171079155162498,0.1674453888423022,0.9155168693628964,0.7884393493642933,0.8891086454175794,0.8586110742630747,0.8111562180368328,-0.13098056093537047,0.977835162470411,0.11134423642493363,0.6233770891614663,0.38142887884656773,0.3769407058135597,0.19999999999999996,0.4,0.19999999999999996,0.19999999999999996,0.19999999999999996,0.20253164556962017
0.0037814888196999715,0.12010048117746958,0.06054946221341635,0.10625424568355504,0.08540404755165582,0.08033831021794509,0.06,1.0,0.2975,0.7925,0.575,0.547125,0.5221539918500027,0.9542364982341051,0.9123565385693726,0.9426816430050267,0.9336437482884625,0.9171644851562017,0.1674453888423022,0.9155168693628964,0.7889052246774461,0.8889925457498152,0.8616616601034732,0.8117756224716388,-0.13098056093537047,0.977835162470411,0.10013628864500393,0.6105641632594506,0.3764973818233986,0.3724817982928054,0.19999999999999996,0.4,0.19999999999999996,0.19999999999999996,0.19999999999999996,0.20249999999999996
0.0037814888196999715,0.12010048117746958,0.06054946221341635,0.10625424568355504,0.08540404755165582,0.08033831021794509,0.06,1.0,0.2975,0.7925,0.575,0.547125,0.5221539918500027,0.9542364982341051,0.9123565385693726,0.9426816430050267,0.9336437482884625,0.9171644851562017,0.1674453888423022,0.9155168693628964,0.7889052246774461,0.8889925457498152,0.8616616601034732,0.8117756224716388,-0.13098056093537047,0.977835162470411,0.10013628864500393,0.6105641632594506,0.3764973818233986,0.3724817982928054,0.19999999999999996,0.4,0.19999999999999996,0.19999999999999996,0.19999999999999996,0.20249999999999996
0.0037814888196999715,0.12010048117746958,0.062375106142088875,0.1064251344466459,0.08589230116048684,0.08082396334559863,0.06,1.0,0.2975,0.7825,0.565,0.54375,0.5221539918500027,0.9542364982341051,0.9160504850329072,0.9435324325854022,0.9340034570224129,0.9179517598579572,0.1674453888423022,0.9155168693628964,0.7915098637736904,0.8889925457498152,0.8651389399413012,0.8142283535504504,-0.13098056093537047,0.977835162470411,0.10353453841187862,0.5933756545441504,0.3626891901585252,0.36869396026110035,0.19999999999999996,0.4,0.19999999999999996,0.19999999999999996,0.19999999999999996,0.20249999999999996
0.0037814888196999715,0.12010048117746958,0.06267761109538636,0.10697282762524767,0.08609821681290687,0.08122937873244507,0.06,1.0,0.29,0.78,0.56,0.5398765432098765,0.5221539918500027,0.9542364982341051,0.91642643827757,0.9424100770495014,0.9338944330772263,0.9180337411524211,0.1674453888423022,0.9155168693628964,0.7971323384243871,0.8888764460820511,0.8647122459438719,0.8134065002090954,-0.13098056093537047,0.977835162470411,0.09780503550677855,0.5917437773473926,0.3548884585036941,0.36448002649614203,0.19999999999999996,0.4,0.19999999999999996,0.19999999999999996,0.19999999999999996,0.20246913580246909
0.0037814888196999715,0.12010048117746958,0.06267761109538636,0.10697282762524767,0.08609821681290687,0.08128088603746685,0.06,1.0,0.29,0.78,0.56,0.5398765432098765,0.5221539918500027,0.9542364982341051,0.91642643827757,0.9424100770495014,0.9338944330772263,0.919075562585756,0.1674453888423022,0.9155168693628964,0.7971323384243871,0.8888764460820511,0.8647122459438719,0.8130379063855101,-0.13098056093537047,0.977835162470411,0.09780503550677855,0.5917437773473926,0.3548884585036941,0.3640948051798541,0.19999999999999996,0.4,0.19999999999999996,0.19999999999999996,0.19999999999999996,0.20246913580246909
0.0037814888196999715,0.12010048117746958,0.06267761109538636,0.10697282762524767,0.08609821681290687,0.08132000573079921,0.06,1.0,0.29,0.78,0.56,0.5396296296296297,0.5221539918500027,0.9542364982341051,0.91642643827757,0.9421423978747143,0.9333930634996987,0.9189154067540075,0.1674453888423022,0.9280216662067502,0.7971323384243871,0.8887351786056049,0.8559419794237478,0.8124409771139962,-0.13098056093537047,0.977835162470411,0.09780503550677855,0.5917437773473926,0.36281471917366037,0.36361659940791036,0.19999999999999996,0.4,0.19999999999999996,0.19999999999999996,0.19999999999999996,0.20246913580246909
0.0037814888196999715,0.12010048117746958,0.0627522643645627,0.10683696575148599,0.08599419756580809,0.08110784726584883,0.06,1.0,0.2925,0.7775000000000001,0.565,0.5424390243902439,0.5221539918500027,0.9542364982341051,0.9165360044670018,0.9421244027257147,0.9332029818165603,0.9188511835729274,0.1674453888423022,0.9329108370885745,0.7988633559974764,0.8864463345145054,0.8555692487715425,0.8129812295561436,-0.13098056093537047,0.977835162470411,0.08952012050785449,0.5884979556703249,0.36790761064486044,0.3650519348963664,0.19999999999999996,0.4,0.19999999999999996,0.19999999999999996,0.19999999999999996,0.20243902439024383
0.0037814888196999715,0.12010048117746958,0.0627522643645627,0.1068507642230399,0.08599419756580809,0.08111904827652862,0.06,1.0,0.2925,0.7775000000000001,0.565,0.5424390243902438,0.5221539918500027,0.9542364982341051,0.9165360044670018,0.9420699305480839,0.9332029818165603,0.9187599315234007,0.1674453888423022,0.9329108370885745,0.7988633559974764,0.8864463345145054,0.8564421983365909,0.8131209722121202,-0.13098056093537047,0.977835162470411,0.08752958898213897,0.5884979556703249,0.36790761064486044,0.364468902920146,0.19999999999999996,0.4,0.19999999999999996,0.19999999999999996,0.19999999999999996,0.20243902439024383
0.0037814888196999715,0.12010048117746958,0.06282691763373904,0.1071872346447778,0.08813897537503537,0.08155710870654995,0.06,1.0,0.28500000000000003,0.775,0.55,0.5380722891566265,0.5221539918500027,0.9542364982341051,0.9166455706564336,0.9421054341154511,0.9333930634996987,0.9190765389858313,0.1674453888423022,0.9329108370885745,0.8005943735705656,0.8861998155512834,0.8641396812886549,0.8147733012574684,-0.13098056093537047,0.977835162470411,0.07935227028190228,0.5852521339932573,0.36281471917366037,0.3597665894911689,0.19999999999999996,0.4,0.19999999999999996,0.19999999999999996,0.19999999999999996,0.2024096385542168
0.0037814888196999715,0.12010048117746958,0.062375106142088875,0.1072392442683272,0.08705278799886781,0.08116111021255375,0.06,1.0,0.2875,0.7825,0.565,0.5433333333333333,0.5221539918500027,0.9542364982341051,0.916380926915879,0.9422086388887085,0.932982479151852,0.9188904501911439,0.1674453888423022,0.9453887484590804,0.8045698264352048,0.8853861429396719,0.8623459461139511,0.815457815202447,-0.13098056093537047,0.977835162470411,0.08277741912344885,0.5933756545441504,0.36821246682447456,0.36408452628594656,0.19999999999999996,0.4,0.19999999999999996,0.19999999999999996,0.19999999999999996,0.2023809523809523
0.0037814888196999715,0.12060005660911406,0.06267761109538636,0.10785168412114352,0.08761817152561563,0.08164825760476849,0.05,1.0,0.28,0.78,0.56,0.5375294117647058,0.5221539918500027,0.9521539190122663,0.91642643827757,0.9426291444862707,0.9325718948040052,0.9189229103930713,0.1674453888423022,0.9453887484590804,0.8047409656746918,0.8839338055319949,0.85942678263214,0.815630865910285,-0.14059249695143827,0.977835162470411,0.0744925041245248,0.5917437773473926,0.36281471917366037,0.3577543175652012,0.19999999999999996,0.4,0.19999999999999996,0.19999999999999996,0.19999999999999996,0.20235294117647049
0.0037814888196999715,0.12060005660911406,0.06267761109538636,0.10785168412114352,0.08780215114633455,0.08167364845740165,0.05,1.0,0.28,0.78,0.56,0.5375294117647059,0.5221539918500027,0.9521539190122663,0.9168647030352972,0.9420684703561879,0.9333930634996987,0.9191372012442004,0.1674453888423022,0.9453887484590804,0.8040564087167441,0.880904428379321,0.856998335243641,0.8140853078127163,-0.14059249695143827,0.977835162470411,0.0744925041245248,0.5917437773473926,0.36281471917366037,0.35699903374304315,0.19999999999999996,0.4,0.19999999999999996,0.19999999999999996,0.19999999999999996,0.20235294117647049
0.0037814888196999715,0.12060005660911406,0.06267761109538636,0.10785168412114352,0.08780215114633455,0.08167907627245634,0.05,1.0,0.28,0.78,0.56,0.5375294117647059,0.5221539918500027,0.9521539190122663,0.9168647030352972,0.9420684703561879,0.9333930634996987,0.9190452615504502,0.1674453888423022,0.9453887484590804,0.8040564087167441,0.880904428379321,0.856998335243641,0.8137205453182946,-0.14059249695143827,0.977835162470411,0.0744925041245248,0.5917437773473926,0.36281471917366037,0.3567011396768736,0.19999999999999996,0.4,0.19999999999999996,0.19999999999999996,0.19999999999999996,0.20235294117647049
0.0037814888196999715,0.12060005660911406,0.0627522643645627,0.10764753750353807,0.08714477780922728,0.08166088507691599,0.05,1.0,0.28250000000000003,0.7775000000000001,0.565,0.5386046511627908,0.5221539918500027,0.9521539190122663,0.9165360044670018,0.9418370740911463,0.932982479151852,0.9188161846877972,0.1674453888423022,0.9453887484590804,0.7988633559974764,0.8803083371077987,0.8569703762465374,0.8151964975188707,-0.14059249695143827,0.977835162470411,0.07725414245749948,0.5884979556703249,0.36821246682447456,0.3577735406522171,0.19999999999999996,0.4,0.19999999999999996,0.19999999999999996,0.19999999999999996,0.20232558139534873
0.0037814888196999715,0.12060005660911406,0.06282691763373904,0.10744339088593263,0.08780215114633455,0.08194366091791352,0.05,1.0,0.28500000000000003,0.775,0.56,0.535977011494253,0.5221539918500027,0.9521539190122663,0.9166455706564336,0.9419175786183892,0.9333930634996987,0.9190799835635765,0.1674453888423022,0.9453887484590804,0.8005943735705656,0.8817934258435176,0.856998335243641,0.8160512470279729,-0.14059249695143827,0.977835162470411,0.08001578079047417,0.5852521339932573,0.36281471917366037,0.354648118878657,0.19999999999999996,0.4,0.19999999999999996,0.19999999999999996,0.19999999999999996,0.20229885057471253
0.0037814888196999715,0.12060005660911406,0.0627522643645627,0.10711045853382395,0.08714477780922728,0.08156201660095182,0.05,1.0,0.2925,0.7775000000000001,0.565,0.541046511627907,0.5221539918500027,0.9521539190122663,0.9165360044670018,0.9411137026028806,0.9329261499958579,0.9187109696303181,0.1674453888423022,0.9453887484590804,0.7988633559974764,0.8773296119713653,0.8560694676843854,0.8148610564207739,-0.14059249695143827,0.977835162470411,0.07693135356143749,0.5884979556703249,0.36821246682447456,0.3593562071387224,0.19999999999999996,0.4,0.19999999999999996,0.19999999999999996,0.19999999999999996,0.20232558139534873
0.0037814888196999715,0.12060005660911406,0.06282691763373904,0.10779578262100198,0.08813897537503537,0.0821520247518471,0.05,1.0,0.28500000000000003,0.775,0.55,0.5357471264367817,0.5221539918500027,0.9521539190122663,0.9191182113400231,0.9413376342567823,0.9338944330772263,0.9195514060658108,0.1674453888423022,0.9453887484590804,0.8082241384112493,0.8794930802569496,0.85942678263214,0.8195424547754996,-0.14059249695143827,0.977835162470411,0.07562226526074167,0.5852521339932573,0.3426224804533391,0.3526738710839688,0.19999999999999996,0.4,0.19999999999999996,0.19999999999999996,0.19999999999999996,0.20229885057471253
0.0037814888196999715,0.12060005660911406,0.06267761109538636,0.10737333710727427,0.08780215114633455,0.08184951198491272,0.05,1.0,0.29,0.78,0.56,0.5398876404494382,0.5221539918500027,0.9521539190122663,0.9202924594240396,0.9412400363953946,0.9333930634996987,0.9197484754024409,0.1674453888423022,0.9453887484590804,0.8117073111478068,0.8780817321345783,0.85942678263214,0.8227011655755386,-0.14059249695143827,0.977835162470411,0.0772900078903952,0.5917437773473926,0.36281471917366037,0.35649958210725935,0.19999999999999996,0.4,0.19999999999999996,0.19999999999999996,0.19999999999999996,0.20224719101123587
0.0037814888196999715,0.12060005660911406,0.06267761109538636,0.10737333710727427,0.08780215114633455,0.08185415520438116,0.05,1.0,0.29,0.78,0.56,0.5398876404494382,0.5221539918500027,0.9521539190122663,0.9202924594240396,0.9412400363953946,0.9332804051877107,0.9196581666089334,0.1674453888423022,0.9453887484590804,0.8117073111478068,0.8780817321345783,0.856998335243641,0.8225114801821339,-0.14059249695143827,0.977835162470411,0.0772900078903952,0.5917437773473926,0.36281471917366037,0.35645485106173774,0.19999999999999996,0.4,0.19999999999999996,0.19999999999999996,0.19999999999999996,0.20224719101123587
0.0037814888196999715,0.12060005660911406,0.06207260118879139,0.10702660628361166,0.08648740447212001,0.08141177925048232,0.05,1.0,0.295,0.785,0.57,0.5449425287356322,0.5221539918500027,0.9517670768480013,0.9173877143456002,0.9398698154571563,0.9332804051877107,0.9187759637359548,0.1674453888423022,0.938264059450264,0.8043986871957179,0.8756985861437725,0.8548411457032793,0.8169209523966101,-0.14059249695143827,0.977835162470411,0.08057169500035866,0.5950075317409081,0.3799583960978409,0.3616624906110893,0.19999999999999996,0.4,0.19999999999999996,0.19999999999999996,0.19999999999999996,0.20229885057471253
0.0037814888196999715,0.12060005660911406,0.062375106142088875,0.10685324087178036,0.08714477780922728,0.08168108162004993,0.05,1.0,0.2975,0.7825,0.565,0.5430681818181818,0.5221539918500027,0.9517670768480013,0.9167940299466796,0.9394498207361939,0.9333367343437047,0.9194853996329994,0.1674453888423022,0.938264059450264,0.7956464425442291,0.874570735672298,0.8523266571602881,0.8127067741398772,-0.14059249695143827,0.977835162470411,0.08221253855534039,0.5933756545441504,0.36129043827559,0.3591910877659748,0.19999999999999996,0.4,0.19999999999999996,0.19999999999999996,0.19999999999999996,0.2022727272727272
0.0037814888196999715,0.12060005660911406,0.06207260118879139,0.10618879139541466,0.08648740447212001,0.08119188212290684,0.05,1.0,0.315,0.785,0.57,0.5498850574712644,0.5221539918500027,0.9482056281518708,0.9167233568580619,0.9392403532534171,0.9325718948040052,0.9189214899790394,0.1674453888423022,0.938264059450264,0.7941605466640712,0.8756985861437725,0.8529423444235436,0.812227636615751,-0.14059249695143827,0.977835162470411,0.09665734165411377,0.5950075317409081,0.3799583960978409,0.36568931300793894,0.19999999999999996,0.4,0.19999999999999996,0.19999999999999996,0.19999999999999996,0.20229885057471253
0.0037814888196999715,0.12060005660911406,0.06207260118879139,0.10618879139541466,0.08648740447212001,0.08118988128353032,0.05,1.0,0.315,0.785,0.57,0.5505747126436782,0.5221539918500027,0.9483908860864365,0.9167233568580619,0.9391529179228422,0.9301887272100637,0.9186750465934493,0.1674453888423022,0.9418895780172036,0.7941605466640712,0.8759132374972016,0.8529423444235436,0.8126785462579851,-0.14059249695143827,0.977835162470411,0.09665734165411377,0.5950075317409081,0.3799583960978409,0.36598365690549745,0.19999999999999996,0.4,0.19999999999999996,0.19999999999999996,0.19999999999999996,0.20229885057471253
