seed_set,spread,seed,communities,fairness,budget,time
"[8462, 8452, 8449, 4495, 4493, 4488, 4487, 4484, 4481, 3507, 3490, 2054, 1904, 1872, 1687, 1556, 1420, 1414, 1369, 1305, 1254, 1092, 1026, 904, 889, 614, 442, 402, 318, 290, 283, 208, 202, 201, 138, 75, 58, 42, 35, 30, 24, 17, 15, 8, 2]",207.53,44.99999999999999,0.6261936700206612,0.7311091443164027,1500.0000000000002,0.9999999999999998
"[8464, 8453, 8449, 8447, 4499, 4492, 4477, 4476, 4475, 4469, 4468, 3490, 3374, 3368, 3227, 3206, 2926, 2028, 1907, 1873, 1872, 1697, 1582, 1556, 1546, 1443, 1420, 1369, 1332, 1324, 1296, 1277, 1231, 1184, 1026, 1022, 1013, 978, 951, 920, 851, 824, 808, 734, 627, 614, 590, 582, 569, 564, 553, 529, 458, 442, 433, 416, 407, 386, 370, 277, 247, 240, 231, 224, 220, 214, 202, 200, 190, 173, 171, 162, 150, 124, 86, 73, 62, 59, 54, 51, 38, 35, 15, 14, 4, 1]",322.22,86.0,0.5610457030096992,0.6553727758286001,2840.0,0.9999999999999998
"[8453, 5202, 4499, 4469, 4468, 3490, 3368, 3227, 2926, 1907, 1582, 1556, 1546, 1332, 1324, 1296, 1022, 978, 951, 851, 713, 614, 590, 569, 564, 529, 433, 277, 247, 220, 200, 162, 124, 86, 54, 51, 38, 15]",190.72,38.0,0.6134434895299959,0.6830725962697102,1284.9999999999998,0.0
"[7814, 6414, 6167, 4875, 3738, 3385, 1818, 1681, 1042, 924, 772]",18.92,10.999999999999998,0.7783555047530486,0.6491511579936741,66.99999999999996,3.0
"[8464, 8453, 8449, 8447, 5203, 4499, 4492, 4477, 4476, 4475, 4469, 4468, 3841, 3490, 3374, 3368, 3227, 3206, 3202, 2926, 2028, 1873, 1872, 1697, 1582, 1556, 1546, 1443, 1420, 1369, 1332, 1324, 1296, 1277, 1231, 1184, 1153, 1026, 1022, 1013, 978, 951, 920, 851, 824, 820, 808, 734, 614, 590, 582, 569, 564, 553, 458, 442, 433, 416, 407, 386, 370, 277, 240, 231, 224, 214, 202, 200, 190, 173, 171, 162, 150, 86, 73, 62, 59, 54, 51, 38, 35, 15, 14, 4, 1]",317.26,85.0,0.5610742962796125,0.637748468413016,2680.0,0.9999999999999998
"[8474, 8390, 8234, 7982, 7728, 7613, 7391, 7344, 7233, 7191, 7131, 6875, 6441, 5176, 4769, 4536, 4018, 3926, 3813, 3246, 2782, 2590, 2131, 2110, 1936, 1876, 1532, 1308, 908, 826, 770, 675, 608, 396, 350, 58]",64.39,36.0,0.662138921267097,0.45837515019287445,239.99999999999986,0.9999999999999998
"[8464, 8449, 7936, 7724, 7432, 4499, 4484, 4469, 3848, 3589, 3490, 3467, 3462, 3457, 3374, 3368, 3227, 2926, 2830, 1873, 1697, 1582, 1556, 1369, 1332, 1324, 1277, 1184, 978, 920, 808, 734, 627, 614, 590, 582, 564, 442, 433, 386, 277, 231, 224, 202, 190, 173, 162, 150, 86, 62, 54, 38, 35, 15, 14, 5, 4, 1]",246.1,58.00000000000001,0.5915977481742092,0.6002248310100953,1762.0,0.9999999999999998
"[8462, 8458, 8455, 4494, 4483, 4478, 4476, 4474, 3990, 3507, 3374, 3227, 2926, 2134, 2054, 1907, 1904, 1873, 1694, 1582, 1461, 1443, 1420, 1414, 1369, 1305, 1296, 1199, 1098, 1068, 904, 880, 851, 734, 588, 564, 402, 359, 318, 294, 277, 224, 219, 172, 171, 155, 141, 132, 62, 38, 32, 31, 30, 24, 22, 15, 13, 12, 2]",255.63,59.00000000000001,0.5970309457987301,0.6497291172219279,1933.0000000000002,0.0
"[8464, 8455, 8452, 4490, 4478, 4469, 3490, 2926, 2102, 1907, 1904, 1582, 1461, 1443, 1414, 1369, 1332, 1277, 1128, 1092, 1026, 978, 951, 920, 856, 734, 627, 614, 590, 588, 582, 561, 527, 442, 433, 413, 392, 382, 290, 283, 231, 224, 220, 208, 171, 165, 163, 150, 86, 80, 62, 35, 22, 17, 4, 2, 1]",253.36,57.00000000000001,0.5905932818205734,0.6716477149940389,1913.9999999999998,0.0
"[8453, 8449, 4469, 4468, 2926, 1907, 1697, 1556, 1369, 1022, 808, 713, 614, 590, 564, 553, 529, 433, 247, 220, 200, 162, 124, 86, 54, 1]",149.05,26.0,0.6537651924738751,0.704158533500352,849.0000000000002,0.0
"[8474, 8390, 8234, 7982, 7728, 7613, 7344, 7233, 7191, 6441, 5176, 4769, 4536, 4018, 3246, 3046, 2590, 2131, 2110, 2026, 1936, 1876, 1532, 1462, 1369, 1308, 908, 826, 675, 209, 58]",65.18,31.000000000000004,0.6687167258057997,0.49221418882137125,252.00000000000014,0.9999999999999998
"[8468, 8464, 8452, 8448, 7724, 5432, 4499, 4493, 4491, 4481, 4476, 4475, 3490, 3374, 3368, 3227, 2830, 2250, 2180, 2126, 2054, 1873, 1697, 1694, 1582, 1420, 1332, 1324, 1199, 1184, 1094, 920, 880, 856, 808, 806, 734, 627, 590, 582, 564, 442, 433, 429, 407, 386, 290, 277, 231, 224, 219, 202, 190, 162, 155, 150, 144, 86, 73, 62, 54, 38, 35, 31, 30, 15, 14]",274.88,66.99999999999999,0.5846840487473388,0.6432499216163695,2207.0,0.0
"[8464, 7221, 5985, 4925, 4493, 4491, 3490, 1873, 1697, 1556, 1443, 1424, 1420, 1324, 1299, 1231, 1013, 946, 808, 588, 582, 569, 561, 446, 402, 220, 200, 138, 76, 75, 58, 54, 40, 32, 28, 15, 13]",186.16,37.0,0.6301638073105469,0.6664874314035117,1198.0,0.9999999999999998
"[2125, 1546]",9.21,2.000000000000001,0.794741463012167,0.8068491023267822,58.9999999999999,3.0
"[8468, 8464, 8463, 8462, 8458, 8456, 8455, 7074, 4491, 4483, 4481, 4476, 3990, 3507, 2312, 2180, 2134, 2054, 2028, 1904, 1873, 1694, 1687, 1546, 1461, 1443, 1420, 1414, 1369, 1296, 1199, 1026, 1013, 978, 920, 904, 806, 734, 564, 553, 529, 402, 277, 224, 219, 172, 171, 162, 155, 62, 51, 35, 32, 31, 24, 22, 17, 15, 13, 12, 4, 2]",261.24,62.0,0.5832046646427925,0.6491131743665114,1938.0000000000002,0.0
"[8452, 4481, 2180, 2053, 951, 252, 4, 1]",58.99,7.999999999999995,0.7370683632816253,0.7455029450375084,247.9999999999999,0.9999999999999998
"[8464, 8453, 7221, 4925, 4469, 4468, 3490, 2926, 1907, 1873, 1697, 1556, 1443, 1420, 1324, 1231, 1022, 1013, 808, 713, 614, 588, 582, 569, 564, 529, 433, 247, 220, 200, 162, 138, 124, 58, 54, 15]",183.77000000000004,36.0,0.6303400396173929,0.6911505955885031,1156.0,0.0
"[8464, 8452, 8449, 8447, 7500, 5813, 5501, 4499, 4487, 4484, 4483, 4480, 4469, 4468, 3374, 3227, 2967, 2940, 2454, 2180, 2134, 2126, 1873, 1872, 1697, 1687, 1638, 1582, 1556, 1546, 1443, 1420, 1414, 1369, 1332, 1326, 1324, 1231, 1184, 1068, 1026, 1013, 978, 951, 920, 906, 808, 734, 627, 614, 594, 582, 564, 553, 442, 428, 386, 276, 240, 224, 202, 201, 192, 173, 172, 171, 163, 162, 150, 86, 77, 73, 67, 58, 54, 42, 38, 35, 17, 15, 14, 8, 4, 2, 1]",317.05,85.0,0.563777837924726,0.6265206876120161,2741.0,0.9999999999999998
"[8453, 8446, 8335, 7834, 4925, 4762, 4499, 4476, 4475, 4473, 4471, 4468, 3490, 3227, 2926, 2250, 1697, 1694, 1663, 1556, 1546, 1420, 1332, 1326, 1324, 1305, 1296, 1231, 1199, 1092, 1068, 1022, 951, 889, 824, 808, 734, 713, 653, 624, 614, 590, 588, 569, 564, 561, 527, 491, 433, 429, 370, 277, 247, 222, 220, 219, 200, 173, 171, 163, 162, 127, 97, 86, 75, 58, 54, 40, 32, 28, 26, 22, 15, 14]",291.71,74.0,0.5731966827180234,0.6521225918555746,2363.0,0.0
"[8467, 8462, 8460, 8456, 8453, 8448, 4499, 4497, 4488, 4485, 3374, 3227, 2250, 2054, 1694, 1663, 1556, 1546, 1461, 1332, 1296, 1288, 1199, 951, 904, 889, 881, 824, 806, 734, 713, 596, 582, 527, 446, 442, 433, 429, 428, 392, 382, 294, 277, 252, 201, 155, 141, 75, 54, 35, 32, 26, 15]",238.16,53.0,0.6062460394982565,0.6820631249832221,1751.0,0.0
"[8513, 8464, 8462, 6242, 4499, 4478, 4476, 3990, 3507, 2190, 2102, 2054, 2026, 1904, 1873, 1694, 1631, 1582, 1461, 1443, 1420, 1369, 1296, 1199, 1068, 920, 851, 734, 618, 588, 564, 553, 529, 527, 429, 402, 359, 294, 277, 224, 219, 173, 172, 171, 155, 141, 62, 59, 40, 38, 36, 35, 32, 31, 24, 22, 17, 15, 13, 12, 4]",257.52,61.0,0.5831766115742201,0.6171448660033921,1920.0,0.9999999999999998
"[4491, 4476, 3490, 2102, 1904, 1875, 1873, 1556, 1013, 906, 614, 590, 564, 529, 386, 283, 163, 141, 86, 76, 75, 38]",135.41,21.999999999999996,0.6479004084466828,0.7105036899455188,810.0000000000002,0.9999999999999998
"[8464, 8446, 5632, 4499, 4487, 4484, 4483, 4480, 2926, 2454, 2396, 2250, 2190, 2180, 2102, 1872, 1582, 1556, 1420, 1326, 1231, 1094, 1068, 920, 906, 881, 856, 734, 713, 618, 596, 582, 529, 527, 442, 428, 382, 277, 276, 252, 224, 202, 201, 192, 173, 172, 150, 86, 77, 75, 67, 58, 54, 26, 15, 14, 8]",250.89,57.00000000000001,0.589680811417383,0.6336116947493179,1882.0,0.0
"[8464, 4484, 1582, 1299, 920, 386, 192, 173, 167, 86, 67, 54, 35, 15, 14, 8]",112.9,16.0,0.6571369140956009,0.716674368785622,655.0000000000001,0.9999999999999998
"[7814, 6414, 6167, 6062, 5925, 5794, 4875, 3218, 1818, 1681, 1149, 1042, 924, 772]",27.15,14.0,0.7376948603244624,0.6170041550416542,100.00000000000001,2.0
"[8464, 7221, 4925, 4469, 4468, 3490, 2926, 1907, 1873, 1697, 1556, 1443, 1420, 1324, 1299, 1231, 1022, 1013, 797, 713, 614, 588, 582, 569, 564, 446, 247, 220, 200, 138, 124, 75, 58, 54, 28, 15]",180.18,36.0,0.6239103020159102,0.6781630392790883,1155.0000000000002,0.9999999999999998
"[7126, 4499, 1546, 920]",28.349999999999998,4.000000000000003,0.7559769535272166,0.7743746906713401,141.99999999999997,0.9999999999999998
"[8464, 5535, 4499, 2967, 1694, 1582, 1443, 1199, 1026, 920, 527, 429, 382, 294, 283, 173, 172, 171, 165, 162, 38, 32, 31, 17, 15, 13, 2]",152.21,27.0,0.6267159719304845,0.6589748734066665,897.0000000000001,0.9999999999999998
"[8464, 8446, 8376, 7918, 7789, 7352, 6244, 6212, 5816, 5632, 4718, 4499, 4487, 4484, 4483, 4480, 4248, 3374, 3236, 3227, 3199, 2926, 2454, 2396, 2250, 2180, 1872, 1698, 1642, 1582, 1556, 1546, 1461, 1420, 1326, 1231, 1199, 1094, 1068, 1026, 920, 906, 856, 806, 734, 713, 596, 582, 446, 442, 433, 429, 428, 407, 382, 294, 290, 276, 252, 224, 202, 201, 192, 173, 172, 167, 163, 162, 150, 144, 86, 77, 75, 67, 58, 54, 38, 35, 15, 14, 8]",300.71,81.0,0.5588684544551707,0.5565964116145372,2363.0,0.0
"[8449, 8447, 5501, 4491, 4487, 4483, 4482, 4476, 4469, 4468, 4090, 3374, 2967, 2940, 2454, 2180, 2134, 2126, 2102, 1875, 1873, 1872, 1556, 1546, 1443, 1420, 1369, 1332, 1324, 1231, 1068, 1013, 978, 951, 906, 808, 734, 627, 614, 594, 590, 582, 564, 553, 529, 442, 428, 386, 283, 276, 240, 224, 202, 201, 192, 172, 171, 163, 162, 150, 141, 86, 76, 75, 73, 58, 54, 42, 17, 1]",280.5400000000001,70.0,0.5733446420067994,0.6135687400780482,2190.0,0.0
"[8464, 8449, 8447, 6414, 4875, 4499, 4492, 4486, 4477, 4476, 4472, 4469, 3490, 3374, 3368, 3227, 2926, 2479, 2134, 2126, 2028, 1873, 1872, 1783, 1742, 1687, 1582, 1556, 1546, 1443, 1420, 1369, 1332, 1324, 1296, 1277, 1275, 1231, 1184, 1128, 1026, 1022, 1013, 978, 951, 920, 904, 851, 824, 808, 772, 734, 627, 614, 600, 596, 590, 582, 569, 529, 458, 442, 433, 416, 407, 386, 370, 277, 240, 233, 231, 224, 220, 214, 208, 150, 86, 73, 62, 59, 54, 35, 32, 22, 17, 15, 14, 4, 2, 1]",330.44,90.0,0.5556019245966402,0.6187320618964012,2832.0,0.9999999999999998
"[8467, 8446, 7918, 4499, 4497, 4487, 4484, 4483, 4480, 4400, 3796, 3490, 3374, 3365, 3227, 2926, 2454, 2396, 2250, 2180, 2102, 1907, 1872, 1849, 1698, 1582, 1556, 1461, 1420, 1326, 1231, 1094, 1068, 920, 906, 881, 856, 806, 772, 734, 713, 596, 582, 529, 527, 446, 442, 433, 429, 428, 407, 382, 294, 290, 276, 252, 247, 224, 220, 202, 201, 192, 173, 172, 163, 155, 150, 144, 86, 77, 75, 67, 58, 54, 38, 35, 32, 30, 26, 15, 14, 8]",308.2,82.0,0.5567543842061695,0.5903104280792901,2625.0,0.9999999999999998
"[8449, 4491, 4487, 4483, 4482, 3374, 2967, 2823, 2454, 2180, 2126, 2102, 1875, 1873, 1556, 1546, 1443, 1420, 1332, 1324, 1231, 1068, 978, 951, 808, 594, 590, 582, 564, 553, 529, 442, 428, 386, 283, 276, 202, 201, 192, 172, 171, 163, 162, 150, 141, 76, 75, 73, 58, 54, 42, 17, 1]",238.1,53.0,0.5885522475473203,0.6291007231344664,1710.0000000000002,0.9999999999999998
"[8453, 4485, 1369]",24.47,3.0000000000000018,0.7957883121950512,0.791999690622336,88.00000000000014,0.9999999999999998
"[8464, 8449, 8447, 5676, 5501, 4499, 4487, 4484, 4483, 4480, 4469, 4468, 3374, 3227, 2967, 2940, 2714, 2454, 2180, 2134, 2126, 2102, 1873, 1872, 1582, 1556, 1546, 1443, 1420, 1369, 1332, 1326, 1324, 1231, 1068, 1026, 1013, 978, 951, 920, 906, 856, 808, 734, 627, 614, 594, 582, 564, 553, 527, 442, 428, 386, 382, 283, 276, 240, 224, 208, 202, 192, 173, 172, 171, 165, 163, 162, 150, 86, 77, 73, 67, 58, 54, 42, 35, 28, 17, 15, 14, 8, 2, 1]",313.82,84.0,0.5590411952742123,0.6216231095061994,2680.0,0.0
"[3677, 2958, 1737, 86]",12.55,4.000000000000003,0.777847970398662,0.7637760293175966,82.00000000000021,3.0
"[8467, 8446, 7918, 4475, 3796, 3490, 3227, 2926, 2250, 2180, 2102, 1907, 1698, 1582, 1556, 1461, 1420, 1231, 1128, 1094, 1068, 920, 881, 880, 806, 772, 734, 713, 627, 596, 582, 529, 527, 442, 433, 382, 290, 252, 247, 224, 220, 202, 201, 192, 173, 172, 163, 155, 150, 144, 86, 77, 75, 67, 58, 54, 38, 35, 32, 30, 26, 15, 14, 8]",271.72,64.0,0.5552241392341931,0.5932202891462013,2200.0,0.9999999999999998
"[8464, 7221, 4925, 4485, 4469, 4468, 3490, 2926, 1907, 1697, 1556, 1443, 1420, 1324, 1231, 1022, 1013, 808, 713, 614, 588, 582, 569, 564, 529, 433, 247, 220, 200, 162, 124, 58, 54, 15, 1]",179.52,35.0,0.6355081568192492,0.687111518460699,1126.0,0.9999999999999998
"[8513, 8467, 8446, 7918, 6170, 4499, 4497, 4487, 4484, 4483, 4480, 4400, 3796, 3490, 3374, 3365, 3227, 2926, 2454, 2396, 2250, 2180, 2102, 2026, 1907, 1873, 1872, 1849, 1698, 1582, 1461, 1420, 1369, 1326, 1231, 1199, 1094, 920, 906, 881, 856, 851, 806, 734, 713, 618, 596, 582, 564, 446, 442, 433, 429, 428, 407, 386, 382, 359, 294, 290, 276, 252, 249, 247, 224, 220, 202, 201, 192, 173, 172, 163, 155, 150, 144, 86, 77, 76, 75, 67, 59, 13]",307.17,82.0,0.553479935459439,0.573705182231759,2420.0,0.0
"[8446, 8122, 5158, 4487, 3490, 3374, 3227, 2926, 2396, 2250, 1873, 1698, 1694, 1556, 1461, 1443, 1231, 1094, 1049, 920, 881, 856, 806, 738, 734, 713, 596, 582, 529, 442, 433, 429, 428, 413, 407, 386, 382, 294, 290, 252, 201, 172, 162, 155, 150, 58, 54, 42, 35, 32, 31, 30, 25, 15, 14]",238.83,55.0,0.5722140761399458,0.5748524180993959,1705.0000000000002,0.0
"[8464, 8066, 7235, 7232, 6696, 4494, 3490, 3090, 2898, 2180, 2126, 2061, 2053, 1904, 1694, 1582, 1556, 1461, 1420, 1332, 1199, 1091, 1043, 1041, 951, 940, 920, 904, 808, 806, 614, 590, 588, 582, 564, 442, 433, 413, 382, 290, 231, 224, 220, 219, 171, 163, 162, 150, 86, 80, 73, 62, 54, 35, 31, 1]",237.19,56.00000000000001,0.5750784286458934,0.5730634244580348,1700.0000000000002,0.0
"[8467, 8464, 8449, 8447, 4499, 4478, 4477, 4476, 4475, 4472, 4469, 3490, 3374, 3368, 3227, 2926, 2479, 2180, 2134, 2126, 2028, 1873, 1872, 1698, 1697, 1687, 1582, 1556, 1443, 1420, 1369, 1332, 1324, 1296, 1277, 1231, 1184, 1128, 1022, 1013, 978, 951, 920, 851, 824, 808, 772, 734, 627, 614, 600, 596, 590, 582, 529, 527, 458, 442, 433, 416, 407, 386, 382, 370, 277, 240, 233, 231, 224, 220, 214, 208, 202, 200, 190, 173, 171, 163, 162, 155, 150, 144, 86, 73, 62, 54, 38, 35, 32, 30, 26, 15, 14, 8]",340.11,94.0,0.5523322499566805,0.6202384596921474,3103.0,0.9999999999999998
"[5290, 4248, 1687, 1299, 951, 529, 282, 155, 32, 2]",57.44,9.999999999999996,0.681930533025956,0.7093989574528758,286.00000000000006,0.9999999999999998
"[1464, 772]",7.39,2.000000000000001,0.8226530781931973,0.8067385365252349,35.00000000000018,3.0
"[8464, 4484, 4469, 2967, 2714, 2102, 1873, 1582, 1443, 1087, 1026, 951, 920, 614, 594, 582, 527, 283, 208, 165, 86, 77, 54, 17, 15, 14, 8, 2, 1]",162.28999999999996,29.000000000000004,0.6317582234296684,0.6699718194890444,999.0000000000002,0.0
"[8464, 7805, 7798, 7521, 7439, 7432, 6997, 4875, 4497, 3848, 2830, 2387, 2348, 1582, 1299, 920, 167, 144, 86, 15]",81.85999999999999,19.999999999999993,0.6846595743670523,0.5857900674802723,375.00000000000006,0.9999999999999998
"[8464, 8366, 8350, 7895, 7837, 7445, 7439, 7432, 7371, 7318, 7309, 6905, 6858, 6855, 6380, 6373, 6314, 5819, 5813, 5282, 5264, 5252, 5202, 4898, 4875, 4477, 4476, 4472, 4315, 4250, 3876, 3848, 3787, 3727, 3374, 3351, 3310, 3227, 2830, 2324, 2028, 1873, 1872, 1685, 1582, 1556, 1546, 1332, 1324, 1246, 1201, 1013, 978, 951, 851, 824, 745, 734, 689, 614, 590, 564, 529, 458, 442, 370, 277, 233, 231, 224, 202, 190, 173, 172, 171, 162, 86, 54, 51, 38, 15]",266.68,81.0,0.5592302918569544,0.4064015830517018,1643.0,0.0
"[6077, 2028, 1546, 1443, 951, 920, 538, 458, 442, 416, 407]",57.49,10.999999999999998,0.641571906312227,0.6684484964842399,332.0000000000002,0.9999999999999998
"[8446, 8306, 8122, 5158, 4494, 3490, 3374, 2926, 2396, 2250, 2180, 1873, 1698, 1694, 1556, 1490, 1461, 1443, 1420, 1231, 1094, 1049, 920, 904, 881, 806, 738, 734, 713, 596, 582, 529, 442, 433, 429, 428, 413, 294, 290, 252, 201, 172, 162, 155, 150, 127, 58, 54, 35, 32, 31, 30, 25, 2]",235.69,54.0,0.5665997147729585,0.5493725277912813,1663.9999999999998,0.9999999999999998
"[8446, 8122, 6784, 5158, 4494, 3490, 3374, 2926, 2396, 2333, 2250, 1873, 1698, 1694, 1556, 1490, 1461, 1443, 1420, 1231, 1094, 1049, 920, 904, 881, 856, 806, 738, 734, 713, 596, 582, 529, 442, 433, 429, 428, 413, 382, 294, 290, 252, 201, 172, 162, 155, 150, 127, 58, 54, 35, 32, 31, 30, 25]",236.67,55.0,0.5652302036978767,0.5504438467868111,1643.0,0.0
"[7546, 5787, 4875, 1420, 529]",22.6,5.0000000000000036,0.7499458100058238,0.7442129773442951,89.99999999999983,0.9999999999999998
"[8447, 5676, 5501, 4469, 4468, 3374, 3227, 2967, 2940, 2714, 2454, 2180, 2134, 2126, 2102, 1873, 1872, 1546, 1443, 1420, 1369, 1332, 1324, 1231, 1026, 1013, 978, 951, 856, 808, 734, 627, 614, 594, 582, 564, 553, 527, 442, 428, 382, 283, 240, 224, 208, 202, 197, 171, 165, 163, 162, 77, 73, 58, 54, 35, 28, 17, 15, 2, 1]",253.81,61.0,0.5741098048406461,0.5992063308118711,1867.0,0.0
"[8446, 8367, 8122, 7244, 5158, 4494, 3490, 3374, 2926, 2396, 2333, 2250, 1873, 1698, 1694, 1556, 1490, 1461, 1443, 1231, 1094, 1049, 920, 881, 856, 806, 738, 734, 713, 596, 590, 582, 564, 529, 442, 433, 429, 428, 413, 382, 294, 290, 252, 201, 172, 162, 155, 127, 58, 54, 35, 32, 31, 30, 25]",235.96,55.0,0.5615209744971438,0.5486386852990529,1601.9999999999998,0.0
"[8467, 8464, 8449, 8447, 4499, 4478, 4477, 4476, 4475, 4472, 4469, 3490, 3374, 3368, 2926, 2479, 2180, 2134, 2126, 2028, 1873, 1872, 1698, 1697, 1687, 1582, 1556, 1443, 1420, 1369, 1332, 1324, 1299, 1296, 1277, 1231, 1184, 1128, 1022, 1013, 978, 951, 920, 851, 824, 808, 734, 627, 614, 600, 596, 590, 582, 529, 527, 458, 442, 433, 416, 407, 386, 370, 282, 277, 240, 233, 231, 224, 220, 214, 208, 202, 200, 190, 173, 171, 163, 162, 155, 150, 144, 86, 73, 62, 54, 38, 35, 32, 30, 26, 15, 14, 8]",336.78,93.0,0.5588101842105072,0.6320739235826173,3076.0,0.9999999999999998
"[8464, 7445, 7439, 7432, 6905, 6380, 6373, 4898, 4875, 4477, 4476, 4472, 4315, 3876, 3848, 3727, 3374, 3351, 3310, 3227, 2830, 2324, 2180, 2134, 2126, 2028, 1873, 1872, 1697, 1687, 1582, 1556, 1332, 1324, 1246, 1184, 1128, 1094, 1013, 978, 951, 851, 824, 745, 734, 627, 614, 600, 596, 590, 582, 569, 564, 553, 529, 458, 442, 277, 233, 231, 224, 202, 190, 173, 171, 162, 150, 86, 73, 62, 59, 54, 51, 38, 35, 32, 22, 17, 15, 14, 2]",295.94,81.0,0.5557845375771657,0.5182098940056945,2268.0,0.9999999999999998
"[8447, 5676, 5501, 4469, 4468, 3590, 3374, 3227, 2967, 2940, 2714, 2454, 2180, 2134, 2126, 2102, 1873, 1546, 1443, 1420, 1369, 1332, 1324, 1231, 1026, 1013, 978, 951, 856, 808, 734, 627, 594, 582, 564, 553, 527, 442, 428, 382, 283, 240, 208, 202, 197, 171, 165, 162, 77, 73, 58, 54, 35, 28, 17, 15, 2, 1]",245.83,58.00000000000001,0.5803468549908675,0.5897952121214348,1729.0,0.9999999999999998
"[8464, 7445, 7439, 7318, 7309, 5264, 5252, 4499, 4492, 4483, 4477, 4476, 4475, 4472, 4469, 4250, 4248, 3990, 3854, 3490, 3374, 3368, 3236, 3227, 2926, 2324, 2263, 2134, 2126, 2028, 1873, 1872, 1783, 1742, 1697, 1687, 1684, 1582, 1461, 1369, 1332, 1299, 1243, 1231, 1184, 1128, 1042, 951, 920, 851, 824, 808, 734, 627, 618, 614, 600, 596, 590, 582, 569, 538, 529, 458, 442, 416, 407, 386, 370, 277, 233, 231, 224, 220, 214, 208, 202, 200, 190, 173, 171, 163, 162, 155, 150, 86, 75, 73, 62, 59, 54, 15, 1]",321.65,93.0,0.5420868387197822,0.5384467030235606,2663.0,0.0
"[8455, 8335, 7859, 7570, 7445, 7439, 7318, 7309, 7181, 6669, 6434, 6147, 6077, 5966, 5264, 5252, 4924, 4663, 4499, 4492, 4477, 4476, 4472, 4250, 4248, 4163, 3856, 3854, 3490, 3374, 3368, 3236, 3227, 2926, 2868, 2596, 2359, 2324, 2263, 2134, 2126, 2028, 1873, 1872, 1783, 1742, 1697, 1687, 1684, 1443, 1420, 1332, 1324, 1299, 1243, 1231, 1184, 1128, 951, 920, 851, 824, 734, 653, 627, 618, 614, 600, 596, 565, 458, 442, 416, 410, 407, 386, 370, 282, 277, 233, 231, 224, 220, 214, 208, 202, 200, 190, 173, 171, 163, 162, 155, 150, 86, 55]",317.38999999999993,96.0,0.5344643898451883,0.44613390724277346,2271.0,0.0
"[8161, 8135, 8120, 8119, 7676, 7445, 7439, 7167, 7143, 6073, 5595, 5563, 5101, 4535, 4499, 4492, 4064, 3854, 3490, 3374, 3227, 3044, 3037, 2499, 2488, 2479, 2433, 2324, 2180, 2134, 2126, 2048, 2028, 2026, 1697, 1687, 1582, 1556, 1497, 1491, 1461, 1443, 1332, 1299, 1231, 1184, 1128, 1022, 978, 951, 948, 920, 851, 824, 734, 627, 614, 600, 596, 590, 582, 569, 564, 553, 529, 486, 458, 442, 433, 416, 407, 386, 233, 231, 224, 220, 214, 208, 202, 200, 190, 171, 162, 150, 86, 73, 62, 59, 54, 51, 38, 35, 32, 22, 17, 15, 14]",322.68,97.0,0.5244367337680323,0.4557905618331535,2490.0,0.0
"[8464, 8455, 8449, 8447, 7244, 4499, 4486, 4478, 4477, 4476, 4475, 4472, 4469, 3490, 3374, 3368, 3227, 2926, 2479, 2134, 2126, 2028, 1873, 1872, 1698, 1697, 1687, 1582, 1443, 1440, 1369, 1332, 1324, 1296, 1277, 1231, 1184, 1128, 1022, 1013, 978, 951, 920, 904, 824, 808, 734, 627, 614, 600, 596, 590, 582, 458, 442, 433, 416, 407, 386, 370, 277, 240, 233, 231, 224, 220, 214, 208, 202, 200, 190, 173, 171, 165, 163, 162, 155, 87, 86, 73, 62, 54, 38, 35, 32, 30, 26, 15, 1]",327.0,89.0,0.5614215415030689,0.6395456019934102,2883.0,0.9999999999999998
"[8464, 8447, 8307, 7318, 7309, 6787, 6296, 6254, 6251, 5743, 5264, 5252, 4499, 4492, 4477, 4476, 4472, 4250, 4204, 3698, 3490, 3455, 3374, 3368, 2809, 2134, 2126, 2028, 1873, 1872, 1684, 1582, 1556, 1546, 1443, 1420, 1332, 1324, 1296, 1277, 1247, 1231, 1184, 1026, 1013, 978, 951, 920, 851, 734, 614, 600, 596, 590, 582, 569, 529, 458, 442, 416, 386, 370, 242, 233, 231, 224, 214, 208, 202, 190, 173, 171, 150, 86, 73, 62, 59, 54, 35, 32, 22, 17, 15, 14, 4, 2, 1]",310.85,87.0,0.5606200161758563,0.5551419483345005,2472.0,0.0
"[8376, 8135, 8120, 7895, 7432, 7371, 7318, 6905, 6858, 6856, 6855, 6380, 6373, 6073, 5819, 5816, 5813, 5563, 5443, 5282, 5108, 4927, 4798, 4535, 4475, 4250, 4163, 3848, 3787, 3773, 3310, 3273, 2499, 2436, 2433, 2235, 2030, 1923, 1799, 1781, 1369, 1246, 1201, 1092, 745, 689, 325, 172]",95.16,48.0,0.6691434256875659,0.3895152162624401,361.9999999999999,0.9999999999999998
"[8464, 8455, 8449, 8447, 7244, 4499, 4486, 4478, 4477, 4476, 4475, 4472, 4469, 3490, 3374, 3368, 3227, 2926, 2134, 2126, 1873, 1872, 1698, 1697, 1687, 1582, 1461, 1443, 1440, 1369, 1332, 1324, 1296, 1277, 1231, 1184, 1128, 1013, 951, 920, 904, 824, 808, 734, 627, 614, 600, 596, 590, 582, 442, 433, 416, 407, 386, 370, 277, 240, 231, 224, 220, 214, 208, 202, 200, 190, 173, 171, 165, 163, 162, 155, 87, 86, 73, 62, 54, 38, 35, 32, 30, 26, 15, 1]",315.07,84.0,0.5717459573461805,0.6561115055538622,2791.0,0.9999999999999998
"[8455, 8350, 8335, 7859, 7570, 7445, 7439, 7318, 7309, 6787, 6434, 6077, 5966, 5787, 5282, 5264, 5252, 4924, 4875, 4499, 4492, 4477, 4476, 4472, 4248, 3856, 3854, 3490, 3460, 3374, 3368, 3236, 3227, 2926, 2868, 2359, 2324, 2263, 2134, 2126, 2028, 1873, 1872, 1783, 1742, 1697, 1687, 1685, 1684, 1443, 1420, 1332, 1324, 1299, 1243, 1231, 1184, 1128, 951, 906, 851, 824, 801, 772, 734, 653, 627, 618, 617, 614, 515, 458, 442, 416, 410, 407, 386, 370, 282, 277, 231, 224, 220, 214, 208, 202, 200, 190, 173, 171, 163, 162, 155, 150, 141, 86]",316.31,96.0,0.5360378520326644,0.4385017903203908,2215.0,0.0
"[4492, 3493, 2786, 1546, 1420, 15]",45.79,6.000000000000004,0.7219619180333278,0.7459090039293019,230.0000000000001,0.9999999999999998
"[8464, 8255, 8161, 8135, 8120, 8119, 7756, 7676, 7445, 7439, 7309, 7221, 7167, 7143, 6220, 6073, 5795, 5705, 5595, 5563, 5264, 5094, 4692, 4688, 4535, 4499, 4492, 4064, 3854, 3490, 3374, 3227, 3044, 3037, 2818, 2499, 2488, 2479, 2433, 2324, 2180, 2028, 2026, 1873, 1697, 1687, 1685, 1582, 1556, 1546, 1497, 1491, 1461, 1443, 1420, 1369, 1332, 1299, 1296, 1231, 1184, 1128, 1022, 978, 951, 948, 920, 851, 824, 734, 627, 614, 600, 553, 529, 486, 458, 442, 433, 428, 416, 407, 386, 290, 277, 233, 231, 224, 220, 214, 208, 202, 200, 190, 171, 162, 150]",315.85,97.0,0.5361027137213642,0.39156926675584525,2150.0,0.0
"[8513, 8467, 7039, 6380, 4478, 4476, 4379, 4315, 3310, 2180, 2102, 2026, 1873, 1582, 1461, 1420, 1369, 1248, 1246, 1199, 772, 745, 618, 564, 407, 386, 382, 359, 249, 224, 173, 76, 59, 15, 14, 8]",165.7,36.0,0.6152245997387341,0.5674220186212842,942.0,0.9999999999999998
"[8455, 7244, 4486, 4476, 4475, 3490, 3227, 2926, 2134, 2126, 1698, 1697, 1687, 1582, 1369, 1231, 1184, 1128, 1013, 951, 920, 904, 734, 614, 600, 596, 590, 582, 442, 433, 386, 231, 224, 220, 214, 208, 200, 190, 173, 171, 165, 163, 162, 155, 87, 86, 73, 62, 54, 38, 35, 32, 30, 26, 15, 1]",248.14,56.00000000000001,0.5832125237794223,0.6513238783781404,1953.0000000000002,0.0
[1],11.59,1.0,0.8105445014852567,0.8325546111576978,41.99999999999995,2.0
"[4805, 3605, 1299, 920, 529, 17, 15, 14, 2]",59.01,8.999999999999996,0.6705075159491608,0.7268295384796815,292.0,0.9999999999999998
"[8455, 4486, 4475, 3490, 3227, 1698, 1697, 1687, 1582, 1279, 1184, 951, 920, 904, 442, 433, 386, 173, 171, 165, 163, 162, 155, 86, 54, 38, 35, 32, 30, 26, 15, 1]",175.45,32.00000000000001,0.6152336241815554,0.6678045285366202,1211.0000000000002,0.0
"[8464, 8447, 6296, 6120, 4865, 4477, 4476, 4472, 4248, 3507, 3368, 3236, 3147, 2809, 2616, 2028, 2026, 1873, 1872, 1694, 1587, 1582, 1546, 1443, 1369, 1332, 1296, 1231, 1199, 1098, 1026, 1013, 978, 920, 851, 824, 734, 685, 590, 569, 564, 529, 429, 370, 282, 252, 240, 233, 231, 224, 214, 208, 173, 172, 171, 163, 162, 86, 80, 51, 32, 31, 24, 22, 15, 4, 2, 1]",272.39,68.0,0.5687665149813472,0.5736597731208376,1989.0000000000002,0.0
"[8464, 8447, 8307, 7318, 7309, 6787, 6296, 6254, 6251, 5743, 5264, 5252, 4499, 4492, 4484, 4477, 4476, 4472, 4250, 4204, 3698, 3490, 3455, 3374, 3368, 2809, 2134, 2126, 2028, 1873, 1872, 1684, 1582, 1556, 1546, 1443, 1420, 1332, 1324, 1296, 1277, 1247, 1231, 1184, 1013, 978, 951, 920, 851, 734, 614, 600, 596, 590, 582, 569, 529, 515, 458, 442, 416, 386, 370, 242, 233, 231, 214, 208, 202, 190, 173, 171, 150, 86, 73, 62, 59, 54, 35, 32, 22, 17, 15, 14, 4, 2]",308.99,86.0,0.5595222837672873,0.5550936096395543,2410.0,0.0
"[8464, 8447, 8367, 7244, 4664, 4499, 3490, 3374, 3368, 2180, 1966, 1873, 1872, 1698, 1687, 1582, 1443, 1420, 1369, 1332, 1324, 1277, 1184, 951, 920, 851, 824, 772, 734, 564, 527, 458, 442, 428, 416, 382, 290, 277, 224, 202, 192, 190, 173, 171, 67, 54, 35, 32, 31, 15, 14, 8]",231.99,52.0,0.5839118752276695,0.6171692943809207,1716.0000000000002,0.0
"[8455, 4486, 3760, 3490, 3227, 1698, 1697, 1687, 1582, 1184, 951, 920, 904, 442, 433, 386, 173, 171, 165, 163, 155, 86, 54, 38, 35, 32, 30, 26, 15, 1]",166.7,30.000000000000004,0.6024511186132628,0.6611819079888527,1145.0,0.9999999999999998
"[8464, 8449, 8447, 5795, 4733, 4499, 4484, 4478, 4477, 4476, 4475, 4472, 4469, 3490, 3374, 3368, 3227, 2926, 2479, 2134, 2126, 2028, 1873, 1872, 1698, 1697, 1687, 1582, 1443, 1412, 1369, 1332, 1324, 1296, 1277, 1231, 1184, 1128, 1041, 1022, 1013, 978, 951, 920, 891, 851, 824, 808, 734, 627, 614, 600, 596, 590, 582, 458, 442, 433, 428, 416, 407, 386, 370, 290, 277, 240, 233, 231, 224, 220, 214, 208, 202, 200, 190, 173, 171, 163, 162, 155, 150, 86, 73, 62, 54, 38, 35, 32, 31, 30, 26, 15, 14, 8]",333.96,94.0,0.5546157662029421,0.6113664676614011,2987.0,0.9999999999999998
"[1464, 1277, 1149, 772]",15.39,4.000000000000003,0.770292289716775,0.7643387278368206,77.99999999999997,2.0
"[8455, 4486, 3760, 3490, 3227, 1719, 1698, 1687, 1184, 920, 904, 386, 165, 163, 155, 54, 38, 35, 32, 30, 26, 15, 1]",138.33,22.999999999999996,0.6383003143789838,0.6721797520322741,847.0000000000001,0.0
"[8464, 8367, 4499, 3490, 2180, 1966, 1698, 1687, 1582, 1420, 1184, 951, 920, 772, 564, 527, 428, 294, 290, 277, 35, 31, 15, 14, 8]",143.47,25.0,0.6342456574572671,0.6673426794611833,845.9999999999998,0.0
"[8492, 8464, 8455, 7859, 7570, 7445, 7439, 7309, 6855, 6787, 6434, 6414, 6077, 5966, 5264, 5252, 4924, 4898, 4614, 4499, 4492, 4477, 4476, 4472, 3876, 3856, 3854, 3490, 3374, 3368, 3236, 3227, 2868, 2374, 2359, 2324, 2263, 2134, 2126, 2028, 1873, 1872, 1846, 1828, 1783, 1742, 1697, 1685, 1546, 1420, 1324, 1299, 1296, 1243, 1231, 1026, 951, 906, 851, 824, 801, 772, 734, 689, 627, 617, 529, 515, 458, 442, 416, 410, 407, 370, 310, 282, 277, 231, 224, 220, 214, 208, 202, 200, 190, 173, 172, 171, 163, 162, 141, 24, 22, 15, 4]",312.67,95.0,0.5485931361766021,0.45487210071454753,2154.0,0.9999999999999998
"[3493, 2786, 1546, 1420, 294, 166, 15]",42.68,7.000000000000005,0.6755490211566588,0.7261273696341751,227.99999999999997,0.9999999999999998
"[8615, 8492, 8447, 8307, 7814, 7621, 7445, 7439, 7318, 7309, 6787, 6439, 6434, 6414, 6254, 6251, 5911, 5743, 5264, 5252, 4898, 4875, 4489, 4248, 4204, 3876, 3698, 3374, 3368, 3260, 3236, 2387, 2374, 2324, 2180, 2011, 1938, 1873, 1872, 1846, 1828, 1681, 1443, 1369, 1332, 1324, 1243, 1231, 1184, 1155, 1042, 978, 951, 851, 824, 801, 734, 458, 442, 416, 386, 310, 299, 282, 231, 224, 214, 208, 202, 190, 173, 171, 163, 162, 150, 54, 14]",248.72,77.0,0.551765253551835,0.40716090136882643,1454.0,0.0
"[8307, 7814, 7309, 6787, 6256, 6167, 5264, 5252, 4688, 1582, 1375, 1042, 54, 42, 35, 32]",56.88,16.0,0.6807394430378735,0.6180923899368034,274.00000000000017,0.9999999999999998
"[8464, 4499, 2180, 1687, 1555, 1420, 920, 772, 527, 294, 277, 31, 15, 8]",102.6,14.0,0.6609135885733056,0.7087627098789537,539.0,0.9999999999999998
"[8464, 7805, 7798, 6997, 4494, 3698, 1582, 1556, 1349, 1332, 1049, 920, 529, 386, 86, 54, 32, 25, 22]",102.61,19.000000000000004,0.6620726612071007,0.6404388661714009,539.9999999999999,0.9999999999999998
"[8455, 7851, 7676, 7244, 7167, 7143, 5101, 4486, 4476, 4475, 3490, 3227, 2926, 2134, 2126, 2030, 1698, 1697, 1687, 1582, 1369, 1231, 1184, 1013, 951, 920, 904, 734, 614, 600, 596, 590, 582, 486, 442, 433, 386, 231, 224, 220, 214, 208, 200, 190, 173, 171, 165, 163, 162, 155, 87, 86, 73, 62, 54, 38, 35, 32, 30, 26, 15, 1]",256.0,62.0,0.5781573048944463,0.600239144336848,1954.0,0.0
"[8464, 8455, 8447, 6843, 6787, 5252, 4477, 4476, 4475, 4472, 4248, 3507, 3490, 3374, 3368, 3236, 2616, 2544, 2134, 2126, 2026, 1873, 1872, 1697, 1694, 1587, 1582, 1546, 1461, 1443, 1440, 1420, 1369, 1368, 1332, 1324, 1296, 1277, 1231, 1199, 1098, 1026, 1013, 951, 920, 851, 824, 818, 772, 734, 569, 564, 529, 515, 442, 433, 429, 416, 407, 386, 370, 282, 277, 240, 233, 231, 220, 208, 202, 200, 190, 173, 171, 163, 162, 155, 141, 51, 32, 31, 24, 22, 15, 4]",307.84,84.0,0.5638068121312694,0.584029906627317,2432.0,0.9999999999999998
"[8449, 8447, 7756, 7221, 6220, 5794, 4692, 4688, 4499, 4492, 4491, 4486, 4477, 4476, 4472, 4469, 4248, 3490, 3374, 3368, 3227, 3179, 2926, 2479, 2180, 2126, 2102, 2028, 1873, 1872, 1783, 1742, 1687, 1587, 1582, 1443, 1369, 1332, 1324, 1277, 1275, 1231, 1184, 1128, 1022, 1013, 978, 951, 920, 904, 851, 824, 808, 734, 627, 582, 569, 564, 553, 534, 529, 458, 442, 433, 416, 407, 386, 370, 283, 240, 233, 231, 224, 220, 214, 208, 163, 155, 150, 86, 54, 51, 38, 35, 32, 31, 30, 2]",318.17,88.0,0.5561051936077263,0.5625999366508477,2526.0,0.0
"[8455, 8447, 7244, 4499, 4486, 4476, 4472, 3490, 3374, 3368, 2028, 1873, 1872, 1582, 1443, 1369, 1332, 1324, 1231, 1184, 1013, 978, 904, 851, 824, 734, 458, 442, 416, 386, 370, 240, 233, 231, 224, 214, 208, 202, 190, 173, 171, 165, 162, 87, 86, 54, 15, 1]",225.49,48.0,0.5983334806654809,0.6486688101549676,1548.0,0.0
"[8464, 8255, 8135, 8120, 7756, 7445, 7439, 7309, 7221, 7167, 6220, 6073, 5795, 5705, 5563, 5264, 4692, 4688, 4535, 4499, 4492, 4046, 3854, 3490, 3374, 3227, 2818, 2499, 2324, 2180, 2026, 1873, 1697, 1687, 1685, 1582, 1556, 1546, 1491, 1420, 1369, 1332, 1299, 1296, 1231, 1184, 1128, 951, 920, 734, 627, 614, 600, 553, 529, 442, 428, 407, 386, 290, 277, 233, 231, 224, 220, 214, 208, 202, 200, 190, 171, 162, 150]",264.36,73.0,0.5549985091449531,0.44645014097628155,1766.0000000000002,0.0
"[8455, 4486, 3490, 3227, 1698, 1697, 1687, 1582, 1184, 951, 920, 904, 433, 386, 173, 171, 165, 163, 162, 155, 54, 41, 38, 35, 32, 30, 26, 15]",154.57,28.0,0.6256805910555865,0.6844840989521498,1018.9999999999998,0.0
"[8455, 4486, 3327, 1687, 920, 904, 386, 40, 26, 15]",76.79,9.999999999999996,0.698109531931292,0.7306113105809696,378.99999999999983,0.9999999999999998
"[4492, 3493, 2786, 15, 1]",38.65999999999999,5.0000000000000036,0.7531213870020799,0.7748056259458846,167.9999999999998,0.9999999999999998
"[8464, 7851, 7676, 7244, 7167, 7143, 6787, 5252, 5101, 4476, 4475, 3490, 2926, 2134, 2126, 2030, 1697, 1582, 1546, 1420, 1369, 1296, 1231, 1013, 951, 906, 788, 772, 734, 614, 600, 596, 590, 582, 529, 515, 486, 442, 433, 386, 231, 224, 220, 214, 208, 200, 190, 173, 171, 165, 163, 162, 141, 87, 86, 73, 62, 54, 38, 15, 4]",247.87,61.0,0.5707047813735971,0.5500740123690894,1801.9999999999998,0.0
"[4492, 4255, 3493, 1546, 1420, 529, 294, 15]",55.87,7.999999999999995,0.7030717843210452,0.725332566977151,269.0000000000001,0.9999999999999998
"[8307, 7814, 7432, 7309, 6787, 6256, 5265, 5252, 4688, 3848, 2436, 2433, 1923, 1799, 1783, 1375]",27.73,16.0,0.7479418550030645,0.6087810069916173,125.99999999999986,3.0
"[4492, 1546, 1420, 529]",35.95,4.000000000000003,0.7547290278052143,0.7767086145011974,164.99999999999983,0.9999999999999998
"[8467, 8176, 6905, 6394, 6136, 6062, 5925, 4489, 3703, 3490, 3327, 3310, 2180, 2030, 1873, 1818, 1781, 1420, 1277, 1013, 924, 883, 772, 734, 529, 527, 382, 202, 190, 173, 171, 144, 54, 15, 14, 8]",154.03,36.0,0.6202439402160781,0.5372371991043001,834.0,0.0
"[8455, 7851, 7676, 7244, 7167, 7143, 6787, 5252, 5101, 4476, 4475, 3490, 2926, 2544, 2134, 2126, 2030, 1697, 1582, 1546, 1420, 1369, 1231, 1026, 1013, 951, 920, 772, 734, 614, 600, 596, 582, 515, 486, 442, 433, 386, 370, 231, 224, 220, 214, 208, 200, 190, 173, 171, 165, 163, 162, 155, 87, 86, 73, 62, 54, 38, 35, 32, 15, 4]",250.66,62.0,0.5708542589743999,0.5554846098859383,1857.0,0.0
"[8447, 7432, 7318, 5282, 5170, 4499, 4472, 4250, 3848, 3236, 2436, 2433, 2028, 1923, 1873, 1872, 1799, 1694, 1582, 1369, 1332, 1231, 1201, 1199, 1013, 978, 851, 824, 734, 689, 564, 458, 429, 370, 240, 233, 224, 214, 208, 202, 173, 172, 86, 54, 51, 42, 35, 32, 31]",205.13,49.0,0.5878129305253265,0.50934954771268,1279.9999999999998,0.9999999999999998
"[1904, 1042, 14]",16.42,3.0000000000000018,0.7701533687641843,0.7862898146491177,88.00000000000014,2.0
"[8467, 8464, 8449, 8447, 8128, 4499, 4477, 4476, 4475, 4472, 4469, 3490, 3374, 3368, 3227, 2926, 2180, 2134, 1873, 1872, 1698, 1697, 1687, 1582, 1556, 1420, 1369, 1332, 1324, 1296, 1277, 1231, 1184, 1128, 951, 920, 851, 824, 808, 772, 734, 627, 614, 600, 596, 590, 582, 529, 527, 442, 433, 382, 370, 277, 240, 233, 231, 224, 220, 214, 208, 202, 200, 190, 173, 171, 163, 162, 155, 150, 144, 86, 73, 62, 54, 38, 35, 32, 30, 26, 15, 14, 8]",314.97999999999996,83.0,0.5658650490935715,0.6238696781563772,2791.0,0.0
"[8464, 8255, 7773, 7756, 7445, 7309, 7221, 6220, 5795, 5705, 5264, 4692, 4688, 4499, 4492, 3854, 3490, 3374, 3227, 2818, 2479, 2433, 2324, 2180, 2026, 1873, 1697, 1687, 1685, 1582, 1556, 1546, 1443, 1420, 1369, 1332, 1299, 1296, 1231, 1184, 1128, 951, 920, 851, 824, 734, 627, 614, 600, 553, 529, 442, 433, 428, 416, 407, 386, 290, 277, 233, 231, 224, 220, 214, 208, 202, 200, 190, 171, 162, 150]",270.9,71.0,0.5535749657411855,0.5064466357432852,1900.0000000000002,0.0
"[7805, 7647, 7241, 7159, 7143, 5421, 4584, 4486, 4064, 3044, 3037, 2001, 1698, 1582, 1332, 1184, 920, 899, 386, 86, 54, 35, 32, 31, 24, 22, 1]",117.19,27.0,0.63910285294472,0.5790408532038973,642.9999999999999,0.9999999999999998
"[8449, 8447, 7756, 7221, 7159, 7143, 7115, 6588, 6220, 6073, 5794, 5568, 5563, 5064, 4692, 4688, 4535, 4499, 4476, 4472, 4469, 4248, 3538, 3374, 3368, 3227, 3179, 3044, 3023, 2926, 2499, 2180, 2126, 2102, 2030, 2001, 1873, 1872, 1783, 1742, 1687, 1587, 1582, 1484, 1369, 1332, 1324, 1277, 1275, 1231, 1184, 1128, 977, 851, 824, 808, 734, 627, 582, 569, 564, 553, 534, 529, 370, 283, 240, 233, 231, 224, 220, 214, 208, 163, 155, 150, 86, 54, 51, 38, 35, 32, 31, 2]",290.77,84.0,0.5692044174616395,0.4640306072256709,1971.0,0.0
"[6394, 4152, 1546, 1420, 1013, 906, 515, 386]",41.89,7.999999999999995,0.6870946870970144,0.7114680978277824,236.9999999999999,0.9999999999999998
"[8464, 8255, 7756, 7676, 7445, 7221, 7167, 6548, 6220, 5795, 5705, 5264, 5094, 4692, 4688, 4499, 3854, 3490, 3374, 3227, 2479, 2433, 2324, 2180, 2028, 2026, 1873, 1697, 1687, 1685, 1582, 1556, 1443, 1420, 1369, 1332, 1299, 1296, 1231, 1184, 1128, 1022, 951, 920, 851, 824, 772, 734, 627, 614, 600, 553, 529, 527, 442, 433, 428, 416, 407, 290, 277, 233, 231, 224, 220, 214, 208, 202, 200, 190, 171, 162, 150, 15, 8]",277.3,75.0,0.5439040162745763,0.48065675397189356,1979.9999999999998,0.0
"[4492, 4486, 386, 15]",37.62,4.000000000000003,0.765868596829301,0.8170472826337538,164.99999999999983,0.9999999999999998
"[8464, 4499, 3855, 1420, 772, 527, 15, 14, 8]",67.76,8.999999999999996,0.7056672611660406,0.7317364430585387,327.00000000000017,0.9999999999999998
"[8464, 4499, 2180, 1687, 1420, 920, 772, 294, 277, 31, 15, 14, 8]",96.14,13.0,0.6764255584699357,0.7239801838274021,505.0000000000001,0.9999999999999998
"[8449, 8447, 7756, 7221, 7159, 7143, 7115, 6588, 6251, 6220, 6073, 5794, 5568, 5563, 5064, 4692, 4688, 4535, 4499, 4476, 4472, 4469, 4248, 3847, 3538, 3374, 3368, 3227, 3179, 3044, 3023, 2926, 2499, 2126, 2102, 2030, 2001, 1873, 1872, 1783, 1742, 1687, 1587, 1582, 1484, 1369, 1332, 1324, 1277, 1275, 1231, 1184, 1128, 1042, 977, 851, 824, 808, 734, 627, 582, 569, 564, 553, 370, 283, 240, 233, 231, 224, 220, 214, 208, 163, 155, 150, 86, 54, 51, 38, 35, 32, 31, 14]",287.81,84.0,0.5681450459594116,0.4588001606073704,1921.0,0.0
"[2180, 1555, 1420, 772, 201]",32.11,5.0000000000000036,0.7244549572867488,0.7562868553575206,158.99999999999991,0.9999999999999998
"[8464, 8161, 8135, 8120, 8119, 7756, 7676, 7445, 7439, 7221, 7167, 7143, 6220, 6073, 5934, 5795, 5705, 5595, 5563, 5094, 4692, 4688, 4535, 4499, 4064, 3854, 3490, 3374, 3227, 3044, 3037, 2499, 2488, 2479, 2433, 2324, 2180, 2028, 2026, 1873, 1698, 1697, 1687, 1685, 1582, 1556, 1497, 1491, 1461, 1443, 1420, 1369, 1332, 1299, 1231, 1184, 1128, 1022, 978, 951, 948, 920, 851, 824, 772, 734, 627, 614, 600, 553, 527, 486, 458, 442, 433, 428, 416, 407, 290, 277, 233, 231, 224, 220, 214, 208, 202, 200, 190, 171, 162, 150, 35, 31, 15, 14, 8]",317.0,97.0,0.519143151104294,0.3991932957425115,2229.0,0.0
"[8376, 8302, 8255, 8135, 8120, 7756, 7445, 7439, 7309, 7221, 7167, 6856, 6855, 6220, 6073, 5819, 5816, 5813, 5795, 5705, 5563, 4798, 4692, 4688, 4535, 4499, 4492, 4046, 3773, 3490, 3374, 3227, 2818, 2499, 2324, 2235, 2026, 1873, 1697, 1687, 1582, 1546, 1491, 1369, 1332, 1299, 1231, 1184, 1128, 951, 920, 734, 627, 614, 600, 553, 442, 428, 407, 386, 290, 233, 231, 224, 220, 208, 207, 202, 200, 190, 171, 162, 150]",245.97,73.0,0.5689992026186121,0.42674248937501336,1498.0,0.0
"[8307, 7814, 7309, 6787, 6256, 5900, 5265, 5252, 4688, 2180, 1420, 1375, 772, 527, 15, 14, 8]",67.57,17.000000000000004,0.6574064351178092,0.6096330908510259,345.9999999999998,0.9999999999999998
"[8464, 8255, 7773, 7756, 7445, 7309, 7221, 6220, 5795, 5705, 5264, 4692, 4688, 4499, 4492, 3854, 3490, 3374, 3227, 2479, 2433, 2324, 2180, 1873, 1697, 1687, 1685, 1582, 1556, 1546, 1443, 1420, 1369, 1332, 1305, 1299, 1296, 1231, 1184, 1128, 951, 920, 851, 824, 734, 627, 614, 600, 553, 529, 442, 433, 428, 416, 407, 290, 277, 233, 231, 224, 220, 214, 208, 202, 200, 190, 171, 162, 150, 1]",269.22,70.0,0.5615471239926556,0.5359384818769005,1904.0,0.0
"[6394, 4152, 3327, 2818, 883, 566, 386, 370]",28.53,7.999999999999995,0.7250188644702217,0.6960838870493249,130.00000000000009,2.0
"[8464, 8367, 8255, 7756, 6220, 5705, 5684, 4692, 4688, 4499, 3529, 3490, 2180, 1966, 1698, 1687, 1582, 1420, 1369, 1332, 1184, 951, 920, 824, 772, 600, 553, 527, 442, 428, 290, 277, 54, 51, 35, 17, 15, 14, 8]",181.31,39.0,0.6043729818870741,0.5700082791666392,1126.0,0.9999999999999998
"[8466, 8455, 8447, 7895, 7143, 6380, 5252, 4499, 4486, 4478, 4477, 4476, 4475, 4472, 4315, 3490, 3374, 3368, 3310, 3227, 3044, 2926, 2479, 2433, 2134, 2126, 2028, 2013, 1873, 1872, 1698, 1697, 1687, 1582, 1443, 1369, 1332, 1324, 1296, 1277, 1246, 1231, 1184, 1128, 1022, 978, 951, 920, 904, 851, 824, 808, 745, 734, 627, 614, 600, 596, 582, 458, 442, 433, 416, 407, 370, 277, 252, 240, 233, 231, 224, 220, 214, 208, 202, 200, 190, 173, 171, 163, 162, 155, 86, 73, 62, 54, 38, 35, 15]",322.07,89.0,0.5492871851842913,0.5581083687101766,2651.0,0.0
"[8572, 8464, 8367, 8255, 7895, 7756, 7521, 6997, 6905, 6380, 6373, 6220, 6175, 5705, 5684, 4692, 4688, 4499, 4315, 3948, 3529, 3490, 3416, 3310, 3227, 3023, 2942, 2770, 2180, 2030, 1966, 1698, 1697, 1687, 1582, 1491, 1420, 1369, 1332, 1246, 1184, 1128, 951, 920, 824, 772, 745, 614, 600, 553, 527, 442, 433, 428, 290, 277, 200, 190, 171, 162, 54, 51, 35, 31, 15, 14, 8]",241.1,66.99999999999999,0.5683491288689821,0.45721123872293046,1501.9999999999998,0.0
"[6394, 4152, 2180, 1420, 772, 354, 14, 8]",43.21,7.999999999999995,0.6973103171889057,0.7174880529729629,219.00000000000009,0.9999999999999998
"[8397, 7895, 7371, 6696, 6245, 4535, 4499, 4185, 3787, 3090, 2650, 2499, 2180, 1556, 1231, 1095, 920, 772, 538, 306, 277, 173, 165, 62, 54, 35, 31, 15, 8]",129.82,29.000000000000004,0.6277965163413675,0.5658333683129394,717.0,0.9999999999999998
"[8397, 8367, 8307, 8176, 7895, 7477, 6696, 6546, 6394, 6256, 6220, 5684, 5453, 4315, 3703, 3327, 2811, 2180, 2026, 1966, 1582, 1420, 1095, 1013, 920, 883, 772, 627, 618, 582, 569, 564, 538, 527, 428, 290, 277, 173, 165, 62, 54, 51, 35, 31, 15, 14, 8]",171.16,47.0,0.5750902235732248,0.4788565001492727,1049.0000000000002,0.9999999999999998
"[8464, 8288, 8161, 8135, 8120, 8119, 7756, 7676, 7445, 7439, 7371, 7221, 7167, 7143, 6696, 6220, 6073, 5934, 5795, 5705, 5595, 5563, 5094, 4692, 4688, 4535, 4499, 4064, 3854, 3490, 3374, 3227, 3044, 3037, 2499, 2488, 2479, 2433, 2324, 2180, 2028, 2026, 1873, 1697, 1685, 1582, 1497, 1491, 1461, 1443, 1420, 1369, 1332, 1299, 1231, 1184, 1128, 1022, 978, 951, 948, 920, 851, 824, 772, 734, 627, 614, 600, 553, 486, 458, 442, 433, 428, 416, 407, 294, 290, 277, 233, 231, 224, 220, 214, 208, 202, 200, 190, 173, 171, 165, 162, 150, 35, 31, 15, 14, 8]",315.57,99.0,0.5292223712831872,0.3876216670986834,2206.0,0.0
"[4499, 3080, 2180, 1687, 1556, 1044, 920, 772, 538, 277, 31, 15, 8]",84.76,13.0,0.6658376711389967,0.6782034084600174,433.99999999999994,0.9999999999999998
"[8464, 8255, 7756, 7445, 7309, 7221, 6220, 5795, 5705, 5264, 4692, 4688, 4499, 4492, 3854, 3490, 3374, 3227, 2479, 2433, 2324, 2180, 2054, 1873, 1697, 1687, 1685, 1582, 1556, 1546, 1443, 1420, 1332, 1305, 1299, 1296, 1231, 951, 920, 851, 824, 600, 553, 529, 442, 433, 428, 416, 407, 290, 277, 214, 208, 202, 200, 190, 171, 162, 150, 1]",239.58,60.00000000000001,0.579797792157988,0.5364870936299311,1587.0,0.0
"[8603, 8464, 7756, 7445, 7439, 7221, 7042, 6220, 6040, 5989, 5934, 5795, 5705, 4692, 4688, 4505, 4499, 4455, 4453, 3979, 3949, 3854, 3490, 3227, 2942, 2433, 2324, 2204, 2180, 1939, 1873, 1698, 1697, 1687, 1685, 1582, 1556, 1420, 1369, 1332, 1231, 1184, 1128, 951, 920, 772, 627, 614, 600, 553, 527, 428, 407, 290, 220, 200, 150, 35, 31, 15, 14, 8]",227.48,62.0,0.5669218129483844,0.4688090995807892,1416.0000000000002,0.0
"[8464, 8367, 8255, 5705, 5684, 4499, 3490, 3227, 2180, 1966, 1698, 1697, 1687, 1582, 1420, 1332, 1184, 951, 920, 824, 772, 553, 527, 442, 433, 428, 290, 277, 200, 190, 171, 162, 54, 51, 35, 31, 15, 8]",186.08,38.0,0.5958565663429014,0.5994155517309332,1214.0,0.0
"[8466, 8455, 8447, 7895, 7143, 6696, 6380, 5252, 4499, 4486, 4478, 4477, 4476, 4475, 4472, 4315, 3490, 3374, 3368, 3310, 3227, 3090, 3044, 2926, 2479, 2433, 2028, 2013, 1873, 1872, 1698, 1697, 1687, 1443, 1369, 1332, 1324, 1296, 1277, 1246, 1231, 1184, 1128, 1022, 978, 951, 920, 904, 851, 824, 808, 772, 745, 734, 627, 614, 600, 538, 458, 442, 433, 416, 407, 370, 306, 277, 252, 240, 233, 231, 224, 220, 214, 208, 202, 200, 190, 173, 171, 165, 163, 162, 155, 62, 57, 54, 35, 15, 8]",313.15,89.0,0.5587149924065947,0.5499084938603427,2513.0,0.9999999999999998
"[8492, 8455, 8161, 8135, 8120, 8119, 7895, 7814, 7676, 7521, 7371, 7309, 7143, 7115, 6997, 6439, 6380, 6373, 6073, 5595, 5563, 5443, 5264, 5252, 5094, 5064, 4927, 4898, 4535, 4486, 4455, 4315, 4250, 4064, 3949, 3948, 3876, 3787, 3738, 3490, 3445, 3416, 3374, 3323, 3310, 3227, 3044, 3034, 3023, 2818, 2499, 2488, 2479, 2433, 2387, 2374, 2030, 2028, 1846, 1828, 1781, 1687, 1681, 1546, 1497, 1484, 1461, 1443, 1369, 1299, 1246, 1184, 978, 948, 851, 824, 811, 745, 566, 515, 486, 458, 433, 416, 325, 310, 299, 233, 190, 173, 172, 171, 155, 150, 54]",252.19,95.0,0.5525793036731982,0.30043424760046955,1290.9999999999998,0.0
"[8464, 4499, 1420, 772, 590, 527, 15, 14, 8, 1]",79.1,9.999999999999996,0.6994523286439625,0.7341061351600147,392.99999999999983,0.9999999999999998
"[8367, 8255, 7756, 6220, 5705, 5684, 5282, 4692, 4688, 4143, 3490, 3023, 2180, 2001, 1966, 1828, 1698, 1582, 1369, 1332, 1305, 1274, 1184, 977, 951, 920, 824, 600, 553, 442, 428, 290, 277, 54, 51, 35, 17, 14, 1]",165.47,39.0,0.6032564247658483,0.5435435735409011,938.0000000000002,0.9999999999999998
"[8629, 8464, 8307, 6256, 5265, 4688, 4499, 2180, 1687, 1420, 1375, 772, 527, 277, 54, 15, 14]",95.93,17.000000000000004,0.6797987789304567,0.6459042178029827,478.0,0.9999999999999998
"[8455, 4900, 4499, 4486, 920, 904, 386, 277, 165, 31, 15, 1]",87.28,11.999999999999998,0.7053097830598858,0.7462190160098824,452.00000000000017,0.9999999999999998
"[8464, 8437, 8397, 8288, 8161, 8135, 8120, 8119, 7895, 7676, 7445, 7439, 7371, 7167, 7143, 6696, 6245, 6073, 5934, 5795, 5595, 5563, 5094, 4535, 4499, 4185, 4064, 3854, 3787, 3490, 3374, 3090, 3044, 3037, 2650, 2499, 2488, 2479, 2433, 2324, 2180, 2028, 2026, 1873, 1556, 1497, 1491, 1461, 1443, 1420, 1369, 1332, 1299, 1231, 1022, 978, 951, 948, 920, 851, 824, 772, 734, 538, 486, 458, 442, 433, 428, 416, 407, 306, 294, 290, 277, 233, 231, 224, 220, 214, 208, 202, 200, 190, 173, 171, 165, 62, 54, 35, 31, 15, 8]",294.88,93.0,0.5269466451201339,0.35155689423088865,1990.9999999999998,0.0
"[8455, 8255, 7895, 7756, 7591, 7221, 6997, 6220, 5816, 5813, 5705, 4688, 4486, 4414, 4163, 3227, 3044, 2770, 1873, 1687, 1332, 1092, 951, 920, 904, 442, 386, 165, 155, 30, 26, 15, 1]",140.23,33.0,0.6375968976195956,0.5446538280191986,750.9999999999999,0.9999999999999998
"[8467, 8464, 8455, 8449, 4499, 4478, 4477, 4476, 4475, 4472, 4469, 3490, 3374, 3368, 3227, 2926, 2180, 2134, 2126, 1873, 1872, 1698, 1697, 1687, 1582, 1556, 1420, 1369, 1332, 1324, 1296, 1277, 1231, 1184, 1128, 951, 920, 851, 824, 808, 772, 734, 627, 614, 600, 596, 590, 582, 529, 527, 442, 433, 407, 386, 382, 370, 277, 240, 233, 231, 224, 220, 214, 208, 202, 200, 190, 173, 171, 163, 162, 155, 150, 144, 86, 73, 62, 54, 38, 35, 32, 30, 26, 15, 14, 8]",320.54,86.0,0.5652167882050053,0.6397787677793232,2917.0,0.9999999999999998
"[8464, 8367, 7244, 6712, 4658, 4499, 3490, 3227, 2180, 1698, 1697, 1687, 1582, 1420, 1184, 951, 920, 772, 564, 527, 428, 382, 290, 277, 192, 67, 35, 31, 15, 14, 8]",161.47,31.000000000000004,0.6148350064267799,0.6164526235508223,989.9999999999999,0.0
"[4499, 3909, 3088, 2180, 1687, 1556, 1044, 920, 772, 538, 277, 31, 15, 8]",84.41,14.0,0.6767939796143956,0.6626880176823015,427.00000000000017,0.9999999999999998
"[2180, 1305]",18.09,2.000000000000001,0.8112522202866583,0.8069118553366759,78.99999999999982,0.9999999999999998
"[8464, 8449, 8447, 7756, 7676, 7167, 6220, 5794, 5264, 4692, 4688, 4499, 4476, 4472, 4469, 3854, 3490, 3374, 3227, 3179, 2926, 2180, 2134, 2028, 1873, 1783, 1705, 1698, 1697, 1687, 1582, 1420, 1369, 1332, 1299, 1277, 1275, 1256, 1231, 1184, 1128, 1022, 951, 920, 851, 824, 808, 772, 734, 627, 553, 527, 442, 428, 416, 407, 290, 283, 277, 240, 233, 231, 224, 220, 214, 208, 171, 162, 155, 51, 35, 31, 15, 14, 8]",284.94,75.0,0.5726913271727961,0.5607960916329169,2084.0,0.0
"[8492, 8455, 8161, 8135, 8120, 8119, 7895, 7814, 7676, 7521, 7371, 7309, 7143, 7115, 6997, 6439, 6380, 6373, 6073, 5595, 5563, 5443, 5264, 5094, 5064, 4927, 4898, 4535, 4486, 4455, 4315, 4250, 4064, 3949, 3948, 3876, 3787, 3738, 3490, 3445, 3416, 3374, 3323, 3310, 3227, 3044, 3034, 3023, 2818, 2786, 2499, 2488, 2433, 2387, 2374, 2030, 2028, 1846, 1828, 1781, 1687, 1681, 1546, 1497, 1484, 1461, 1443, 1369, 1299, 1246, 1184, 978, 948, 851, 824, 811, 745, 566, 486, 458, 433, 416, 325, 310, 299, 233, 190, 173, 172, 171, 155, 150, 132, 54, 1]",261.24,95.0,0.5511360817933086,0.30784807038655304,1346.9999999999998,0.9999999999999998
"[8492, 8455, 8161, 8135, 8120, 8119, 7895, 7814, 7371, 7309, 7115, 6997, 6439, 6380, 6373, 6073, 5595, 5563, 5443, 5264, 5252, 5094, 5064, 4927, 4898, 4535, 4486, 4455, 4315, 4250, 4064, 3949, 3948, 3876, 3787, 3738, 3490, 3445, 3416, 3374, 3310, 3227, 3044, 3034, 3023, 2938, 2818, 2499, 2488, 2479, 2433, 2387, 2374, 1846, 1828, 1781, 1687, 1681, 1546, 1497, 1484, 1461, 1443, 1369, 1299, 1246, 1184, 978, 948, 851, 824, 811, 745, 566, 515, 486, 458, 433, 416, 325, 310, 299, 233, 190, 173, 172, 171, 155, 150, 54]",241.73,90.0,0.5579411353206162,0.31959051629566115,1250.0,0.0
"[8397, 8255, 7756, 7445, 6696, 5795, 5705, 5252, 4692, 4688, 4499, 3490, 3374, 3227, 3063, 2479, 2324, 2054, 1873, 1846, 1697, 1687, 1582, 1546, 1443, 1332, 1305, 1231, 1042, 951, 920, 906, 851, 824, 600, 553, 442, 433, 428, 416, 290, 277, 214, 208, 202, 200, 194, 190, 173, 171, 165, 162, 141, 73, 62, 54, 35, 15, 14]",237.37,59.00000000000001,0.5623101567513933,0.5246289021710657,1673.9999999999998,0.9999999999999998
"[8464, 8161, 8135, 8120, 8119, 7895, 7676, 7445, 7439, 7371, 7167, 7143, 6380, 6373, 6073, 5934, 5795, 5595, 5563, 5094, 4688, 4535, 4499, 4315, 4064, 3854, 3787, 3490, 3374, 3227, 3044, 3037, 2499, 2488, 2479, 2433, 2324, 2180, 2028, 2026, 1873, 1698, 1697, 1687, 1685, 1497, 1491, 1461, 1443, 1420, 1369, 1332, 1299, 1246, 1231, 1184, 1128, 1022, 978, 951, 948, 920, 851, 824, 772, 745, 734, 627, 566, 527, 486, 458, 442, 433, 428, 416, 407, 277, 233, 231, 224, 220, 214, 208, 202, 200, 190, 173, 171, 165, 162, 150, 54, 31, 15, 14, 8]",312.34,97.0,0.527617527980581,0.3805317693353161,2177.0,0.0
"[8255, 8135, 8120, 7756, 7439, 7221, 6220, 6073, 5705, 5563, 4688, 4535, 4492, 3493, 3490, 3220, 2786, 2499, 1873, 1491, 1172, 951, 442, 208, 202, 200, 190, 15, 1]",102.92,29.000000000000004,0.6560986961235106,0.5331884541624511,506.0,0.9999999999999998
"[8455, 7895, 5252, 4486, 3227, 3044, 2134, 2126, 1873, 1698, 1697, 1687, 1582, 1332, 1128, 951, 920, 904, 627, 614, 600, 596, 582, 442, 429, 190, 173, 171, 163, 162, 155, 86, 73, 62, 54, 38, 35, 15]",189.19,38.0,0.5855430040165628,0.6092137869552785,1321.0000000000002,0.0
"[8464, 8367, 8307, 6256, 5684, 4499, 2180, 1966, 1698, 1687, 1582, 1420, 1184, 920, 824, 772, 627, 582, 569, 564, 527, 428, 305, 290, 277, 51, 35, 31, 15, 14, 8]",155.94,31.000000000000004,0.6231582585399998,0.6109794099703155,933.0000000000001,0.9999999999999998
"[8464, 8307, 8255, 7756, 7676, 7445, 7309, 7221, 7167, 6220, 5795, 5743, 5705, 5264, 4692, 4688, 4499, 4492, 3854, 3698, 3490, 3374, 3227, 2818, 2324, 2180, 2028, 2026, 1873, 1697, 1687, 1685, 1582, 1556, 1546, 1420, 1369, 1332, 1299, 1296, 1231, 1184, 1128, 1022, 951, 851, 824, 734, 627, 614, 600, 553, 529, 442, 433, 428, 416, 407, 386, 290, 277, 233, 231, 224, 220, 214, 208, 202, 200, 190, 171, 162, 150]",269.26,73.0,0.5599351306971466,0.47131421723449607,1842.0,0.0
"[4499, 2180, 772, 35, 15, 8]",52.03,6.000000000000004,0.7289094899341554,0.7710212369643819,247.00000000000006,0.9999999999999998
"[8464, 8367, 7166, 4499, 3452, 2180, 1966, 1698, 1687, 1582, 1420, 1184, 920, 772, 564, 527, 428, 294, 290, 277, 35, 31, 15, 14, 8]",138.11,25.0,0.6396608052423012,0.6619656894455493,795.0,0.9999999999999998
"[8001, 3493, 2180, 1687, 1556, 1305, 1044, 920, 772, 538, 277, 163, 31, 15, 8]",96.41,15.000000000000002,0.6532585409418291,0.6761269184219193,508.0000000000001,0.9999999999999998
"[8455, 8376, 8161, 8134, 8120, 8119, 7918, 7895, 7676, 7521, 7445, 7439, 7371, 7318, 7167, 7143, 7115, 6900, 6858, 6856, 6855, 6787, 6439, 6380, 6373, 6073, 5819, 5816, 5813, 5595, 5563, 5443, 5282, 5252, 5094, 5064, 5054, 4898, 4875, 4798, 4535, 4486, 4455, 4437, 4315, 4250, 4064, 3949, 3948, 3876, 3787, 3773, 3490, 3445, 3310, 3273, 3044, 3034, 3023, 2770, 2499, 2488, 2479, 2433, 2400, 2324, 2285, 2235, 2030, 2028, 1889, 1882, 1828, 1782, 1781, 1497, 1484, 1461, 1443, 1299, 1246, 1201, 1022, 978, 948, 801, 745, 689, 486, 458, 433, 416, 325, 233, 172, 4]",204.21,96.0,0.5828449211670971,0.2762279531103584,822.0000000000001,0.9999999999999998
"[8464, 7756, 7221, 7143, 6791, 6220, 5934, 5795, 5705, 4692, 4688, 4499, 4486, 4478, 4477, 3490, 3227, 3044, 2479, 2433, 2180, 2028, 2013, 1873, 1698, 1687, 1685, 1582, 1556, 1443, 1420, 1369, 1332, 1231, 1184, 978, 951, 920, 904, 772, 734, 627, 600, 553, 527, 458, 442, 433, 428, 416, 407, 290, 277, 214, 209, 208, 190, 171, 150, 35, 31, 15, 14]",248.46,63.0,0.5709932146570897,0.5347863235220028,1677.0000000000002,0.0
"[8455, 7244, 4499, 4469, 2134, 2126, 2025, 1873, 1369, 1128, 951, 920, 904, 734, 627, 614, 600, 596, 582, 386, 277, 231, 224, 208, 173, 165, 73, 62, 54, 38, 35, 15, 1]",175.59,33.0,0.6255048097014914,0.683442424143642,1201.0,0.9999999999999998
"[8455, 8376, 8288, 8161, 8135, 8120, 8119, 7895, 7676, 7521, 7371, 7318, 7167, 7143, 6997, 6858, 6856, 6855, 6439, 6380, 6373, 6073, 5819, 5816, 5813, 5595, 5563, 5443, 5282, 5252, 5094, 4927, 4898, 4798, 4535, 4486, 4455, 4315, 4250, 4163, 4064, 3949, 3948, 3876, 3787, 3773, 3490, 3445, 3416, 3374, 3310, 3273, 3044, 3037, 2770, 2499, 2488, 2479, 2433, 2387, 2374, 2028, 2026, 1846, 1828, 1781, 1497, 1491, 1461, 1443, 1369, 1299, 1246, 1201, 1092, 1022, 978, 951, 948, 851, 824, 745, 689, 486, 458, 442, 433, 428, 416, 325, 233, 172]",219.07,92.0,0.5700322746844515,0.2927059164987458,1011.0000000000001,0.9999999999999998
"[8255, 7895, 7756, 7591, 7521, 7221, 6997, 6380, 6373, 6220, 5816, 5813, 5705, 5516, 4688, 4486, 4414, 4315, 4163, 3948, 3416, 3310, 3227, 3044, 3023, 2770, 2387, 2030, 1873, 1687, 1491, 1369, 1332, 1246, 1092, 951, 920, 904, 745, 442, 386, 165, 155, 30, 26, 15, 1]",162.82,47.0,0.5909634330049308,0.44832145380947186,839.9999999999999,0.9999999999999998
"[4046, 3180, 2026, 1305, 627, 14, 1]",43.65,7.000000000000005,0.7580367531187382,0.7408225809649219,178.99999999999983,0.9999999999999998
"[8455, 8255, 7773, 7756, 7445, 7318, 7309, 7221, 6434, 6220, 5795, 5705, 5282, 5264, 5252, 4692, 4688, 4499, 4486, 4250, 3937, 3854, 3490, 3374, 3260, 3227, 2479, 2433, 2324, 2180, 2026, 1873, 1697, 1687, 1582, 1443, 1369, 1332, 1299, 1231, 1184, 1128, 951, 920, 851, 824, 734, 643, 627, 614, 600, 553, 442, 433, 428, 416, 407, 279, 277, 233, 231, 224, 220, 214, 208, 202, 200, 190, 171, 162]",255.35,70.0,0.5606686907738699,0.4574235772092141,1644.0000000000002,0.0
"[8455, 8397, 8255, 7891, 7756, 7445, 6696, 5795, 5705, 4692, 4688, 4499, 4489, 3490, 3374, 3227, 3063, 2479, 2324, 1873, 1846, 1697, 1687, 1582, 1443, 1332, 1305, 1231, 1042, 951, 920, 904, 851, 824, 600, 553, 442, 433, 428, 416, 386, 290, 277, 214, 208, 202, 200, 194, 190, 173, 171, 165, 162, 73, 62, 54, 35, 15, 1]",239.03,59.00000000000001,0.5761394961906248,0.5307733419640837,1655.0000000000002,0.0
"[8462, 4499, 3227, 2180, 1698, 1687, 1556, 1420, 1184, 920, 824, 772, 527, 305, 277, 58, 54, 35, 15, 8]",131.56,19.999999999999993,0.6452881787287754,0.6614001468144843,753.0,0.9999999999999998
"[8464, 5219, 4499, 3856, 3127, 1687, 1556, 1184, 920, 824, 772, 527, 277, 231, 58, 54, 35, 15, 8]",119.47,19.000000000000004,0.6505886665276082,0.6697703212235547,664.0,0.9999999999999998
"[8464, 4499, 2180, 1687, 1420, 1256, 920, 772, 527, 277, 31, 15, 14, 8]",99.89,14.0,0.6554234690939812,0.6977913346962777,561.9999999999999,0.9999999999999998
"[8307, 8176, 7895, 7447, 6439, 6254, 5813, 4535, 4492, 4315, 3703, 3493, 3490, 3327, 2811, 2786, 2433, 2374, 2324, 2011, 1828, 1274, 1235, 1201, 1013, 977, 883, 811, 627, 618, 172, 15, 1]",108.32,33.0,0.6344616305398582,0.4871460706909405,503.99999999999983,0.9999999999999998
"[8464, 5795, 4499, 3854, 3490, 3227, 2433, 2324, 2180, 1698, 1697, 1687, 1685, 1556, 1443, 1420, 1299, 1184, 920, 772, 553, 527, 428, 416, 407, 290, 277, 171, 162, 150, 35, 31, 15, 8]",170.29,33.99999999999999,0.6021719163730012,0.6097594377857567,1062.9999999999998,0.0
"[8467, 8464, 8455, 8449, 4666, 4475, 3490, 3368, 3227, 2926, 2180, 2134, 2126, 1698, 1697, 1687, 1582, 1556, 1420, 1296, 1277, 1231, 1184, 1128, 951, 920, 808, 772, 734, 614, 600, 596, 590, 582, 529, 527, 442, 433, 382, 277, 240, 233, 231, 224, 220, 214, 208, 202, 200, 190, 173, 171, 163, 162, 155, 150, 144, 86, 73, 62, 54, 38, 35, 32, 30, 26, 15, 14, 8]",278.48,69.0,0.5723318874889193,0.6332151550639763,2317.0,0.0
"[8464, 8288, 8161, 8135, 8120, 8119, 7676, 7445, 7439, 7371, 7221, 7167, 7143, 6245, 6073, 5934, 5795, 5595, 5563, 5094, 4535, 4499, 4185, 4064, 3854, 3490, 3374, 3227, 3044, 3037, 2650, 2499, 2488, 2479, 2433, 2324, 2180, 2028, 2026, 1873, 1698, 1697, 1687, 1685, 1582, 1556, 1497, 1491, 1461, 1443, 1420, 1369, 1332, 1299, 1231, 1184, 1022, 978, 951, 948, 920, 851, 824, 772, 734, 553, 527, 486, 458, 442, 433, 428, 416, 407, 294, 290, 277, 233, 231, 224, 220, 214, 208, 202, 200, 190, 171, 162, 150, 35, 31, 22, 8]",303.67,93.0,0.5244892067313873,0.38191307767438254,2037.0,0.0
"[8492, 8455, 7895, 7814, 7773, 7756, 7371, 7309, 6439, 6220, 5705, 5686, 5264, 5252, 4898, 4692, 4486, 4315, 4250, 3937, 3876, 3787, 3738, 3490, 3374, 3227, 2818, 2479, 2433, 2026, 1873, 1828, 1781, 1687, 1681, 1546, 1443, 1369, 1299, 1246, 1231, 1184, 1128, 851, 824, 811, 734, 627, 614, 600, 566, 515, 433, 416, 299, 233, 231, 224, 220, 214, 208, 202, 200, 190, 173, 172, 171, 155, 150, 54]",240.55,70.0,0.5642335773148833,0.42870560627124354,1454.0,0.0
"[8464, 7846, 7756, 7445, 7439, 7221, 6380, 6220, 5934, 5795, 5705, 4692, 4688, 4668, 4499, 3490, 3374, 3227, 3044, 2479, 2433, 2324, 2180, 2026, 1873, 1698, 1697, 1687, 1685, 1582, 1556, 1461, 1443, 1420, 1369, 1332, 1299, 1231, 1184, 1128, 951, 948, 920, 851, 824, 772, 734, 627, 600, 553, 527, 442, 433, 428, 416, 407, 290, 277, 233, 224, 220, 214, 208, 202, 200, 190, 162, 150, 35, 31, 15, 8]",271.99,72.0,0.5426720638569129,0.47917995633138455,1899.0000000000002,0.0
"[8464, 7439, 7371, 6858, 6856, 6855, 6380, 4499, 4315, 3787, 3310, 3273, 2830, 2818, 2180, 1781, 1687, 1420, 1299, 1246, 1231, 1184, 920, 790, 745, 527, 277, 233, 200, 173, 172, 171, 54, 31, 15, 14, 8]",160.16,37.0,0.6192545389769935,0.5442574555424461,901.9999999999998,0.0
"[8464, 8367, 8307, 6380, 6373, 6256, 5684, 4499, 3310, 2938, 2180, 1966, 1781, 1698, 1687, 1582, 1246, 1184, 920, 824, 772, 745, 627, 582, 569, 564, 527, 428, 305, 290, 277, 233, 51, 35, 31, 15, 14, 8]",166.52,38.0,0.6151563984215186,0.5494744265364606,950.9999999999999,0.9999999999999998
"[8307, 6256, 4977, 3493, 2180, 1687, 1556, 1305, 1044, 920, 824, 772, 627, 582, 569, 538, 277, 163, 31, 15, 8]",117.09,20.999999999999996,0.6444357581541909,0.620465992289235,634.9999999999998,0.9999999999999998
"[8464, 8437, 8397, 8161, 8135, 8120, 8119, 7895, 7676, 7445, 7439, 7371, 7143, 6696, 6245, 6073, 5934, 5795, 5595, 5563, 5094, 4535, 4499, 4185, 4064, 3854, 3787, 3490, 3374, 3090, 3044, 3037, 2650, 2499, 2488, 2479, 2433, 2324, 2180, 2028, 2026, 1873, 1556, 1497, 1491, 1461, 1443, 1420, 1369, 1332, 1299, 1231, 978, 951, 948, 920, 851, 824, 772, 734, 538, 458, 442, 433, 428, 416, 407, 306, 294, 290, 277, 233, 231, 224, 220, 214, 208, 202, 200, 190, 173, 171, 165, 62, 54, 35, 31, 15, 8]",288.56,89.0,0.5211991390818435,0.35793347791249663,1957.0,0.0
"[8462, 7521, 6546, 4499, 3327, 3227, 2180, 1698, 1687, 1556, 1420, 1184, 920, 824, 772, 527, 305, 277, 58, 54, 35, 15, 8]",132.75,22.999999999999996,0.6405250177312078,0.6261843956957606,756.9999999999999,0.0
"[8397, 8161, 8135, 8120, 8119, 7756, 7676, 7445, 7439, 7221, 7167, 7143, 6696, 6220, 6073, 5934, 5705, 5595, 5563, 5094, 4692, 4688, 4535, 4499, 4282, 4064, 3854, 3787, 3490, 3374, 3227, 3090, 3044, 3037, 2499, 2488, 2479, 2433, 2324, 2180, 2028, 2026, 1873, 1697, 1582, 1497, 1491, 1461, 1443, 1369, 1332, 1299, 1231, 1128, 1095, 1022, 978, 951, 948, 920, 851, 824, 772, 734, 627, 614, 600, 553, 538, 486, 458, 442, 433, 428, 416, 306, 290, 277, 233, 231, 224, 220, 214, 208, 202, 200, 190, 173, 171, 165, 162, 98, 62, 54, 35, 31, 15, 8]",310.54,98.0,0.4986167303162229,0.37624911751808965,2156.0,0.0
"[8467, 8464, 8449, 8447, 7439, 5769, 4875, 4499, 4478, 4477, 4476, 4475, 4472, 3490, 3374, 3368, 3227, 2926, 2324, 2180, 2134, 2126, 1873, 1872, 1698, 1697, 1687, 1582, 1556, 1546, 1534, 1420, 1369, 1332, 1324, 1296, 1277, 1231, 1184, 1128, 951, 920, 851, 824, 808, 734, 627, 614, 600, 596, 590, 582, 527, 442, 433, 416, 407, 386, 370, 277, 240, 233, 231, 224, 220, 214, 208, 202, 200, 190, 173, 171, 163, 162, 150, 86, 73, 62, 54, 38, 35, 32, 30, 26, 15, 14]",319.52,86.0,0.5578286410724693,0.6130892317650471,2826.0,0.0
"[8464, 7325, 5795, 4499, 3854, 3490, 3227, 3044, 2433, 2324, 2180, 2026, 1698, 1697, 1687, 1685, 1556, 1443, 1420, 1369, 1299, 1184, 1128, 920, 772, 734, 627, 614, 553, 527, 428, 416, 407, 290, 277, 233, 231, 224, 220, 171, 162, 150, 35, 31, 15, 8]",210.97,45.99999999999999,0.5743243014909057,0.5823582913434145,1396.9999999999998,0.9999999999999998
"[8464, 8367, 7756, 7439, 7221, 6256, 6220, 5934, 5795, 5705, 5684, 4692, 4688, 4499, 3490, 3374, 3044, 2479, 2180, 2026, 1966, 1873, 1698, 1697, 1687, 1582, 1461, 1443, 1420, 1369, 1332, 1231, 1184, 1128, 951, 948, 920, 851, 824, 772, 734, 627, 614, 600, 582, 569, 564, 553, 527, 442, 433, 428, 416, 305, 290, 277, 233, 231, 220, 214, 208, 202, 200, 190, 171, 162, 51, 35, 31, 15, 14, 8]",272.74,72.0,0.5400762820477685,0.5047504241717355,1968.0,0.0
"[8307, 8176, 8135, 7895, 7521, 7447, 7371, 7115, 6997, 6858, 6856, 6439, 6380, 6373, 6254, 5813, 5064, 4535, 4492, 4315, 3948, 3787, 3703, 3493, 3490, 3416, 3327, 3310, 3273, 3023, 2811, 2786, 2433, 2387, 2374, 2324, 2030, 2011, 1828, 1491, 1484, 1369, 1274, 1246, 1235, 1201, 1013, 977, 883, 789, 745, 627, 618, 172, 15, 1]",145.2,56.00000000000001,0.6086983529742068,0.3571228955906831,641.0000000000001,0.9999999999999998
"[8397, 8255, 8161, 8135, 8120, 7756, 7676, 7445, 7143, 6696, 6073, 5795, 5705, 5595, 5563, 5252, 5094, 4692, 4688, 4499, 4064, 3490, 3374, 3227, 3063, 3044, 3037, 2499, 2488, 2479, 2324, 2054, 2028, 2026, 1873, 1846, 1697, 1687, 1630, 1582, 1546, 1497, 1491, 1443, 1332, 1305, 1231, 1042, 978, 951, 920, 906, 851, 824, 600, 553, 458, 442, 433, 428, 416, 290, 277, 214, 208, 202, 200, 194, 190, 173, 171, 165, 162, 141, 62, 54, 35, 15, 14]",272.04,79.0,0.5407815880264957,0.4259166298632533,1831.0,0.0
"[8467, 7225, 4499, 3227, 2180, 2126, 1698, 1556, 1534, 1420, 951, 920, 772, 590, 529, 527, 382, 163, 150, 144, 73, 62, 38, 35, 32, 30, 26, 15, 14, 8]",164.87,30.000000000000004,0.6200454720480837,0.6332436602791932,1059.0,0.0
"[8492, 8455, 8161, 8135, 8120, 8119, 7895, 7814, 7309, 7115, 6997, 6439, 6380, 6373, 6073, 5595, 5563, 5443, 5264, 5252, 5094, 5064, 4927, 4898, 4535, 4486, 4455, 4315, 4250, 4064, 4039, 3949, 3948, 3876, 3787, 3738, 3490, 3445, 3416, 3374, 3310, 3227, 3044, 3034, 3023, 2938, 2818, 2499, 2488, 2479, 2433, 2387, 2374, 1846, 1828, 1781, 1687, 1681, 1546, 1497, 1484, 1461, 1443, 1369, 1299, 1246, 1184, 978, 948, 851, 824, 811, 745, 566, 486, 458, 433, 416, 325, 310, 299, 233, 190, 173, 172, 171, 155, 150, 54, 4]",243.58,90.0,0.5601579418767859,0.3231376174765941,1257.9999999999998,0.0
"[8464, 8437, 8397, 8119, 7895, 7445, 7439, 7371, 6696, 6245, 5934, 5795, 4535, 4499, 4185, 3854, 3783, 3490, 3374, 3090, 2650, 2479, 2433, 2324, 2180, 1873, 1556, 1461, 1443, 1420, 1369, 1332, 1299, 1231, 951, 948, 920, 851, 824, 772, 734, 538, 442, 433, 428, 416, 407, 306, 294, 290, 277, 233, 231, 224, 220, 214, 208, 202, 200, 190, 173, 171, 165, 62, 54, 35, 31, 15, 8]",256.39,69.0,0.559871302914446,0.46721688806091455,1793.0,0.0
"[8464, 8437, 8397, 8161, 8135, 8120, 8119, 7895, 7676, 7521, 7439, 7371, 7143, 7115, 6997, 6696, 6373, 6245, 6073, 5795, 5595, 5563, 5443, 5094, 5064, 4927, 4535, 4486, 4455, 4185, 4064, 3949, 3948, 3854, 3787, 3490, 3445, 3416, 3374, 3323, 3310, 3090, 3044, 3034, 3023, 2650, 2499, 2488, 2479, 2433, 2387, 2374, 2180, 2030, 2028, 1846, 1556, 1497, 1484, 1461, 1443, 1369, 1299, 1231, 978, 948, 851, 824, 772, 745, 734, 538, 486, 458, 433, 416, 366, 325, 233, 224, 220, 214, 208, 202, 200, 190, 173, 171, 165, 62, 54, 35, 31, 15, 8]",273.98,95.0,0.5476348648431032,0.34469176365621745,1554.0,0.0
"[8455, 8397, 8307, 8255, 7895, 7814, 7756, 7445, 7432, 7371, 7318, 7309, 6380, 6373, 6256, 5705, 5264, 5252, 4782, 4692, 4688, 4489, 4315, 4250, 4169, 3787, 3738, 3310, 3227, 3063, 2324, 1873, 1846, 1799, 1687, 1681, 1546, 1246, 1231, 1184, 851, 745, 734, 627, 600, 566, 515, 416, 277, 214, 208, 202, 194, 190, 173, 172, 171, 155, 150, 54]",190.52,60.00000000000001,0.5887081039690645,0.370361733288174,1038.0000000000002,0.0
"[8615, 8492, 8464, 8447, 7895, 7621, 6439, 4499, 4489, 3374, 3368, 3227, 2387, 2374, 2180, 2134, 2126, 2011, 1938, 1873, 1872, 1846, 1828, 1698, 1697, 1687, 1556, 1443, 1420, 1369, 1332, 1324, 1231, 1184, 1128, 978, 951, 920, 851, 824, 772, 734, 627, 614, 600, 596, 582, 527, 458, 442, 416, 310, 299, 277, 252, 231, 224, 214, 208, 202, 200, 190, 173, 171, 163, 162, 155, 86, 73, 62, 54, 35, 31, 15, 14, 8]",296.81,76.0,0.5528403336460197,0.5694687099232423,2318.0,0.0
"[8467, 4482, 3227, 2180, 1698, 1556, 1420, 920, 772, 529, 527, 382, 163, 150, 144, 35, 32, 30, 26, 15, 14, 8]",135.12,21.999999999999996,0.6438155530816124,0.6697640928782425,810.0000000000002,0.0
"[8455, 8437, 8397, 8135, 8120, 8119, 7895, 7521, 7445, 7115, 6997, 6696, 6434, 6073, 5795, 5563, 5443, 5064, 4927, 4535, 4499, 4486, 4455, 4185, 3949, 3948, 3854, 3787, 3490, 3445, 3416, 3374, 3323, 3310, 3090, 3023, 2650, 2499, 2433, 2387, 2374, 2324, 2180, 2030, 1846, 1556, 1484, 1461, 1443, 1369, 1332, 1299, 948, 920, 851, 824, 772, 538, 433, 428, 416, 407, 325, 310, 306, 279, 277, 233, 190, 173, 171, 165, 62, 54, 31, 15, 8]",245.88,77.0,0.5654731437698828,0.4019949190624966,1374.9999999999998,0.0
"[8307, 8176, 7895, 7447, 6439, 6254, 5813, 4535, 4492, 4315, 3703, 3493, 3490, 3327, 2811, 2786, 2649, 2433, 2374, 2324, 2180, 2011, 1828, 1274, 1235, 1201, 1013, 977, 811, 627, 618, 172, 15]",105.99000000000001,33.0,0.6401374846911929,0.4780405776172387,494.99999999999994,0.9999999999999998
"[8467, 8464, 8449, 8447, 7521, 7439, 6380, 6373, 5769, 4499, 4478, 4477, 4476, 4475, 4472, 3948, 3490, 3374, 3368, 3227, 3023, 2926, 2324, 2180, 2134, 2126, 2030, 1873, 1872, 1700, 1698, 1697, 1687, 1582, 1534, 1420, 1369, 1332, 1324, 1296, 1277, 1231, 1184, 1128, 951, 920, 851, 824, 808, 772, 745, 734, 627, 614, 600, 596, 590, 582, 442, 433, 416, 407, 386, 370, 277, 240, 233, 231, 224, 220, 214, 208, 202, 200, 190, 173, 171, 163, 162, 150, 86, 73, 62, 54, 38]",312.53,85.0,0.5582320064680882,0.5814374046302699,2520.0,0.0
"[8629, 8307, 7814, 7309, 6256, 5900, 5265, 5252, 4688, 3318, 1420, 1375, 1063, 772, 515, 386, 54, 14, 8]",71.61,19.000000000000004,0.6546842089224402,0.6042493850839737,341.0000000000001,0.9999999999999998
"[8464, 8437, 8397, 8161, 8135, 8120, 8119, 7895, 7676, 7445, 7439, 7371, 7143, 6696, 6245, 6073, 5934, 5795, 5595, 5563, 5094, 4535, 4499, 4185, 4064, 3854, 3787, 3490, 3374, 3044, 3037, 2650, 2499, 2488, 2479, 2433, 2324, 2180, 2028, 2026, 1873, 1497, 1491, 1461, 1443, 1420, 1369, 1332, 1299, 1231, 978, 951, 948, 920, 851, 824, 772, 734, 538, 527, 458, 442, 433, 428, 416, 407, 306, 294, 290, 277, 233, 224, 220, 214, 208, 202, 200, 190, 173, 171, 165, 62, 54, 35, 31, 15, 14, 8]",287.74,88.0,0.529084192214858,0.3593116454659706,1962.0,0.0
"[8572, 8455, 7895, 7521, 7371, 7115, 6997, 6905, 6373, 5064, 4977, 4486, 4315, 3948, 3416, 3310, 3273, 2942, 2770, 2387, 2030, 1687, 1491, 1484, 1369, 1256, 1246, 1184, 951, 920, 904, 745, 627, 386, 165, 155, 35, 30, 26, 15]",151.42,40.0,0.6324156436628842,0.4851594068570986,761.9999999999999,0.0
"[8307, 8176, 8135, 7895, 7521, 7447, 7371, 7115, 6997, 6858, 6856, 6439, 6380, 6373, 6254, 5813, 5064, 4535, 4491, 4315, 3948, 3787, 3703, 3490, 3416, 3327, 3310, 3273, 3023, 2811, 2433, 2387, 2374, 2324, 2030, 2011, 1828, 1491, 1484, 1369, 1274, 1246, 1235, 1201, 1013, 977, 883, 789, 772, 745, 627, 618, 172, 15, 8, 1]",151.39,56.00000000000001,0.607108924368182,0.3600575907016692,673.9999999999998,0.9999999999999998
"[8572, 8307, 8176, 8135, 7895, 7521, 7445, 7371, 7115, 6997, 6905, 6858, 6855, 6439, 6373, 6256, 6254, 5813, 5064, 4898, 4535, 4492, 4414, 4315, 3948, 3787, 3703, 3493, 3490, 3416, 3327, 3310, 3273, 3236, 3227, 3023, 2942, 2811, 2786, 2770, 2387, 2374, 2324, 2030, 1846, 1828, 1491, 1484, 1369, 1274, 1246, 1235, 1201, 1013, 977, 883, 811, 801, 745, 627, 618, 400, 172, 163, 15, 1]",167.56,66.0,0.5960850184444928,0.33667525776492235,750.0000000000001,0.9999999999999998
"[1896, 1546, 566, 535, 54]",27.75,5.0000000000000036,0.7201198027558999,0.7459515947890025,155.99999999999994,0.9999999999999998
"[8467, 8464, 8449, 8447, 7439, 5769, 4875, 4499, 4478, 4477, 4476, 4475, 4472, 4014, 3490, 3374, 3368, 3227, 2926, 2324, 2180, 2134, 2126, 1873, 1872, 1698, 1697, 1687, 1582, 1556, 1546, 1534, 1420, 1369, 1332, 1324, 1297, 1296, 1277, 1231, 1184, 1128, 951, 920, 851, 824, 808, 734, 627, 614, 600, 596, 590, 582, 566, 442, 433, 416, 407, 386, 370, 277, 240, 233, 231, 224, 220, 214, 208, 202, 200, 190, 173, 171, 163, 162, 150, 86, 73, 62, 54, 38, 35, 32, 30, 26]",316.74,86.0,0.5588043732406267,0.6110565581628067,2719.0,0.9999999999999998
"[8376, 8135, 8120, 7895, 7521, 7445, 7432, 7371, 7318, 7115, 6997, 6858, 6856, 6855, 6604, 6380, 6373, 6073, 5819, 5816, 5813, 5563, 5443, 5282, 5064, 4927, 4900, 4798, 4535, 4315, 4250, 3948, 3876, 3787, 3773, 3416, 3310, 3273, 2770, 2499, 2436, 2433, 2387, 2374, 2235, 2030, 1923, 1846, 1828, 1799, 1491, 1484, 1369, 1246, 1092, 811, 745, 689, 325, 310, 299, 172, 27]",112.24,63.0,0.6023845072842977,0.3387320096868369,447.99999999999994,0.9999999999999998
"[8464, 4499, 2842, 2180, 1687, 1546, 1491, 1420, 1369, 1128, 772, 233, 220, 208, 15, 8]",102.37,16.0,0.6724127202828619,0.6774061378659277,533.0000000000001,0.9999999999999998
"[8573, 8464, 8161, 8135, 8120, 7895, 7676, 7521, 7445, 7432, 7371, 7143, 7115, 6997, 6856, 6855, 6380, 6373, 6073, 5595, 5563, 5443, 5272, 5094, 5064, 4927, 4900, 4798, 4535, 4499, 4315, 4064, 3948, 3876, 3787, 3416, 3310, 3273, 3044, 3034, 3023, 2770, 2499, 2488, 2436, 2433, 2387, 2374, 2180, 2030, 2028, 1923, 1846, 1828, 1799, 1687, 1491, 1484, 1420, 1369, 1246, 1225, 1184, 951, 920, 811, 772, 745, 527, 486, 458, 442, 325, 310, 299, 290, 277, 31, 15, 14, 8]",223.43,81.0,0.5624612423662986,0.33131437717976886,1110.0000000000002,0.0
"[8464, 8307, 7445, 4499, 3854, 3227, 2324, 2180, 1698, 1687, 1685, 1582, 1420, 1299, 1184, 920, 825, 824, 772, 627, 535, 527, 428, 407, 290, 277, 150, 35, 31, 15, 8]",152.81,31.000000000000004,0.6199762152439222,0.5921154538418312,903.9999999999999,0.9999999999999998
"[8464, 4499, 3490, 2180, 1698, 1687, 1420, 1184, 920, 772, 527, 318, 290, 277, 54, 35, 31, 15, 14, 8]",132.41,19.999999999999993,0.643832283479354,0.6840809718101963,766.0000000000001,0.9999999999999998
"[8467, 8464, 8449, 8447, 7521, 7439, 7318, 7315, 6380, 6373, 5769, 5282, 4499, 4478, 4477, 4476, 4475, 4472, 3948, 3490, 3374, 3368, 3227, 3023, 2926, 2324, 2180, 2134, 2126, 2030, 1873, 1872, 1700, 1698, 1697, 1687, 1534, 1420, 1369, 1332, 1324, 1296, 1277, 1231, 1184, 1128, 1092, 951, 920, 851, 824, 808, 772, 745, 734, 627, 614, 600, 596, 590, 582, 442, 433, 416, 407, 386, 370, 277, 240, 231, 224, 220, 214, 208, 202, 200, 190, 173, 171, 163, 162, 150, 86, 73]",306.43,84.0,0.5587219089222425,0.5693818427431111,2358.0,0.0
"[8135, 7895, 7521, 7508, 7445, 7115, 6997, 6696, 6380, 6373, 6251, 5795, 5563, 5252, 4499, 4315, 3948, 3490, 3416, 3374, 3310, 3227, 3023, 2770, 2499, 2479, 2387, 2325, 2054, 2030, 1846, 1772, 1697, 1687, 1582, 1546, 1491, 1484, 1443, 1369, 1332, 1305, 1246, 1042, 951, 920, 906, 745, 553, 433, 428, 416, 290, 277, 173, 171, 165, 162, 141, 54, 35, 15, 14]",225.55,63.0,0.5603991940646127,0.44567841081627035,1373.0,0.0
"[5684, 1896, 1546, 566, 54]",27.85,5.0000000000000036,0.7214539394669032,0.747914302308014,155.0000000000001,0.9999999999999998
"[8629, 8464, 5111, 4499, 3490, 3318, 2433, 2180, 1966, 1828, 1420, 1375, 1063, 772, 691, 527, 386, 54, 15]",98.29,19.000000000000004,0.6698627316946708,0.609811018025897,506.0,0.9999999999999998
"[8397, 8255, 8162, 8135, 8120, 7756, 7445, 6696, 6073, 5795, 5705, 5595, 5563, 4692, 4688, 4499, 4207, 3490, 3374, 3227, 3063, 2499, 2488, 2479, 2324, 2054, 1873, 1846, 1697, 1687, 1630, 1582, 1546, 1497, 1491, 1443, 1332, 1305, 1231, 1042, 978, 951, 920, 906, 851, 824, 600, 553, 458, 442, 433, 428, 416, 290, 277, 214, 208, 202, 200, 194, 190, 173, 171, 165, 162, 141, 62, 54, 35, 15, 14, 1]",259.32,72.0,0.5593667441274676,0.472293550554737,1799.0000000000002,0.9999999999999998
"[8467, 8449, 8447, 7521, 6997, 4475, 3490, 3416, 3368, 3227, 2926, 2374, 2180, 2134, 2126, 1873, 1698, 1697, 1687, 1582, 1556, 1534, 1420, 1393, 1369, 1332, 1324, 1296, 1277, 1231, 1184, 1128, 951, 920, 808, 772, 734, 627, 614, 600, 596, 582, 529, 527, 442, 433, 386, 382, 370, 277, 240, 233, 231, 224, 220, 214, 208, 202, 200, 190, 173, 171, 163, 162, 150, 144, 86, 73, 62, 54, 38, 35, 32, 30, 26, 15, 14, 8]",297.65,78.0,0.5573736533041508,0.6162902166926428,2532.0,0.9999999999999998
"[8464, 8437, 8397, 8161, 8135, 7895, 7676, 7445, 7439, 7371, 7143, 6696, 6244, 6108, 5934, 5795, 5595, 5094, 4499, 4185, 4064, 3854, 3783, 3490, 3374, 3090, 3044, 3037, 2650, 2479, 2433, 2324, 2180, 2028, 2026, 1873, 1556, 1497, 1491, 1443, 1420, 1369, 1332, 1299, 1231, 978, 951, 920, 851, 824, 772, 734, 538, 458, 433, 416, 407, 306, 294, 290, 277, 233, 231, 224, 220, 214, 208, 202, 200, 190, 173, 171, 165, 62, 54, 35, 31, 15, 8]",269.82,79.0,0.5373938290835703,0.4101629859409066,1800.0000000000002,0.0
"[8467, 8464, 8449, 8447, 7439, 4499, 4478, 4477, 4476, 4475, 4472, 4469, 3490, 3374, 3368, 3227, 2926, 2782, 2479, 2180, 2134, 2126, 2028, 1873, 1872, 1698, 1697, 1687, 1582, 1556, 1443, 1420, 1369, 1332, 1324, 1296, 1277, 1231, 1184, 1128, 1022, 1013, 978, 951, 920, 851, 824, 808, 772, 734, 627, 614, 600, 596, 590, 582, 529, 527, 458, 442, 433, 416, 407, 386, 370, 277, 240, 233, 231, 224, 220, 214, 208, 202, 200, 190, 173, 171, 163, 162, 155, 150, 144, 86, 73, 62, 54, 38, 35, 32, 30, 26, 15, 14, 8]",343.79,95.0,0.5511494194732814,0.6190103699975217,3095.0,0.9999999999999998
"[4535, 4492, 3493, 2786, 2324, 2180, 1828, 1178, 811, 15]",47.99,9.999999999999996,0.7190835813263774,0.6952821540146452,232.00000000000023,0.9999999999999998
"[8464, 7756, 7143, 6220, 5795, 5705, 4692, 4688, 4499, 4478, 4477, 3854, 3490, 3227, 3044, 2433, 2324, 2180, 2028, 2013, 1873, 1698, 1697, 1687, 1685, 1556, 1443, 1420, 1369, 1299, 1231, 1184, 1128, 980, 978, 920, 772, 734, 627, 614, 600, 553, 527, 458, 428, 416, 407, 290, 231, 224, 220, 214, 209, 208, 190, 171, 162, 150, 35, 31, 15, 8]",249.27,62.0,0.5671275270083218,0.5391696197896121,1698.0,0.9999999999999998
"[8464, 4646, 4499, 2180, 1687, 1420, 920, 772, 527, 277, 15, 14, 8]",93.7,13.0,0.6752221943372344,0.6988682909378897,489.9999999999999,0.9999999999999998
"[8492, 8449, 7895, 7773, 7756, 7371, 6439, 6220, 5705, 5686, 5111, 4898, 4692, 4499, 4486, 4315, 4250, 3937, 3876, 3787, 3738, 3490, 3374, 3227, 2818, 2479, 2433, 2180, 2026, 1966, 1873, 1828, 1781, 1687, 1443, 1420, 1369, 1299, 1246, 1231, 1184, 1128, 851, 824, 811, 772, 734, 627, 614, 600, 566, 527, 433, 416, 299, 233, 231, 224, 220, 214, 208, 202, 200, 190, 173, 172, 171, 155, 54, 15]",251.12,70.0,0.5626703250146105,0.44780641289494394,1582.0,0.0
"[5684, 1546, 54]",22.35,3.0000000000000018,0.7385669400586184,0.7881031040181655,124.00000000000017,2.0
"[8464, 8437, 8397, 7895, 7756, 7676, 7445, 7439, 7378, 7371, 7167, 6696, 6245, 6220, 5934, 5795, 5264, 4692, 4688, 4499, 4476, 4185, 3854, 3787, 3490, 3374, 2650, 2479, 2433, 2324, 2180, 2028, 1873, 1443, 1420, 1369, 1332, 1299, 1231, 1128, 1022, 951, 920, 851, 824, 772, 734, 538, 527, 442, 433, 428, 416, 407, 306, 294, 290, 277, 233, 224, 220, 214, 208, 202, 200, 190, 173, 171, 165, 62, 54, 35, 31, 15, 14, 8]",271.64,76.0,0.5481928095552591,0.4353044780963774,1868.0,0.9999999999999998
"[8455, 8376, 8161, 8135, 8120, 8119, 7918, 7895, 7676, 7521, 7445, 7439, 7371, 7318, 7167, 7143, 6900, 6858, 6856, 6855, 6787, 6439, 6380, 6373, 6073, 5819, 5817, 5813, 5595, 5563, 5282, 5252, 5094, 5054, 4875, 4798, 4535, 4499, 4486, 4455, 4437, 4315, 4282, 4250, 4064, 3949, 3948, 3876, 3787, 3773, 3490, 3445, 3310, 3273, 3044, 3037, 2770, 2499, 2488, 2479, 2433, 2400, 2324, 2285, 2235, 2028, 2026, 1889, 1882, 1828, 1782, 1781, 1497, 1491, 1461, 1443, 1369, 1299, 1246, 1201, 1022, 978, 951, 948, 920, 851, 801, 745, 689, 486, 458, 442, 433, 428, 233, 172, 4]",230.29,97.0,0.5691346207651794,0.2760375416223113,1055.0000000000002,0.0
"[8467, 8464, 8449, 8447, 7439, 7273, 5795, 4499, 4478, 4477, 4476, 4475, 4472, 4469, 3490, 3374, 3368, 3227, 2926, 2782, 2479, 2180, 2134, 2126, 2028, 1873, 1872, 1698, 1697, 1687, 1582, 1443, 1420, 1369, 1332, 1324, 1296, 1277, 1231, 1184, 1128, 1022, 1013, 978, 951, 920, 851, 824, 808, 772, 734, 627, 614, 600, 596, 590, 582, 553, 527, 458, 442, 433, 416, 407, 386, 370, 290, 277, 240, 233, 231, 224, 220, 214, 208, 202, 200, 190, 173, 171, 163, 162, 155, 150, 144, 86, 73, 62, 54, 38, 35, 32, 31, 15, 14, 8]",344.86,96.0,0.5505556980454737,0.6088467888972581,3060.0,0.9999999999999998
"[8464, 4499, 2842, 2180, 1687, 1420, 1369, 920, 772, 527, 419, 277, 220, 31, 15, 14, 8]",111.99,17.000000000000004,0.6615235901054695,0.6856371468033343,619.0000000000001,0.9999999999999998
"[8464, 7521, 6380, 6373, 4499, 3948, 3327, 3310, 2842, 2180, 2030, 1687, 1546, 1491, 1420, 1369, 1277, 1246, 1128, 976, 772, 745, 386, 233, 220, 208, 15, 8]",128.46,28.0,0.6430891753523212,0.5816236596884875,666.0000000000001,0.9999999999999998
"[6955, 1896, 1456, 370]",11.62,4.000000000000003,0.7940557774830163,0.7636323019675946,55.999999999999936,3.0
"[8464, 6742, 4499, 1420, 35, 15, 8]",56.87,7.000000000000005,0.7440462598641697,0.761269662160027,269.0000000000001,0.9999999999999998
"[8464, 7756, 7143, 6220, 5795, 5705, 4692, 4688, 4499, 3854, 3636, 3490, 3227, 3044, 2433, 2324, 2180, 2028, 2013, 1873, 1698, 1697, 1687, 1685, 1556, 1443, 1420, 1369, 1299, 1231, 1184, 1128, 980, 978, 920, 772, 734, 627, 614, 600, 553, 527, 458, 428, 416, 407, 290, 231, 224, 220, 214, 209, 208, 190, 171, 162, 150, 35, 31, 15, 8]",246.22,61.0,0.5543462567873926,0.516047109309278,1639.0000000000002,0.0
"[4925, 4646, 4499, 2433, 1687, 1420, 920, 772, 15, 8]",69.76,9.999999999999996,0.7040760531435649,0.7166372238383333,350.9999999999999,0.9999999999999998
"[8255, 8135, 8120, 7756, 7439, 7221, 6220, 6073, 5705, 5563, 4688, 4535, 4509, 4492, 3493, 3490, 3220, 2786, 2499, 2180, 1873, 1491, 1172, 951, 442, 208, 202, 200, 190, 15]",100.27,30.000000000000004,0.6638656485263583,0.5100240646149388,500.9999999999999,0.9999999999999998
"[8464, 8366, 4499, 2868, 2180, 1420, 15, 8]",56.95,7.999999999999995,0.733978898421008,0.7332029487847386,260.00000000000017,0.9999999999999998
"[8464, 7756, 6220, 4688, 4509, 4499, 2842, 2786, 2180, 1873, 1687, 1491, 1420, 1369, 920, 772, 615, 527, 419, 220, 208, 31, 15, 14, 8]",127.25,25.0,0.646899694424009,0.6005560064980532,675.9999999999999,0.9999999999999998
"[8464, 8397, 8255, 8120, 8119, 7756, 7445, 6696, 6073, 5795, 5705, 5563, 4692, 4688, 4535, 4499, 3490, 3374, 3063, 2499, 2488, 2479, 2324, 2180, 1873, 1846, 1687, 1630, 1598, 1582, 1461, 1443, 1332, 1305, 1231, 1042, 951, 948, 851, 824, 772, 600, 553, 527, 442, 433, 428, 416, 290, 277, 214, 208, 202, 194, 190, 173, 171, 165, 141, 62, 54, 15, 14, 8]",243.33,64.0,0.5708630366452038,0.4765901534429079,1568.9999999999998,0.0
"[8464, 8437, 8397, 8135, 8120, 8119, 7895, 7445, 7439, 7371, 6696, 6245, 6073, 5934, 5795, 5563, 4535, 4499, 4185, 3854, 3787, 3490, 3374, 3090, 2650, 2499, 2488, 2479, 2433, 2324, 2180, 2138, 1873, 1556, 1491, 1461, 1443, 1420, 1369, 1332, 1299, 1231, 978, 951, 948, 920, 851, 824, 772, 734, 538, 458, 442, 433, 428, 416, 407, 306, 294, 290, 277, 233, 231, 224, 220, 214, 208, 202, 200, 190, 173, 171, 165, 62, 54, 35, 31, 8]",267.24,78.0,0.5491920435869622,0.41935524625580745,1820.0,0.0
"[8397, 8161, 8135, 8120, 8119, 7895, 7756, 7676, 7445, 7439, 7167, 7143, 6439, 6220, 6073, 5934, 5705, 5650, 5595, 5563, 5094, 4692, 4688, 4535, 4499, 4492, 4282, 4064, 3854, 3787, 3493, 3490, 3374, 3227, 3044, 3037, 2649, 2499, 2488, 2479, 2433, 2324, 2180, 2028, 2026, 1873, 1828, 1697, 1582, 1497, 1491, 1461, 1443, 1369, 1332, 1299, 1231, 1128, 1095, 1022, 978, 977, 951, 948, 920, 851, 824, 811, 734, 627, 614, 600, 564, 486, 458, 442, 433, 428, 416, 306, 290, 277, 233, 231, 224, 220, 214, 208, 202, 200, 190, 173, 172, 171, 165, 162, 98, 15]",306.52,98.0,0.5286819751831061,0.3744480297622512,2009.0,0.0
"[8462, 8397, 8307, 8255, 7895, 7756, 7445, 7371, 7318, 6380, 6373, 6256, 5705, 4782, 4692, 4688, 4499, 4315, 4250, 4169, 3787, 3738, 3310, 3227, 3063, 2324, 2180, 1873, 1846, 1687, 1681, 1614, 1556, 1420, 1246, 1231, 1184, 920, 851, 772, 745, 734, 627, 600, 416, 277, 214, 208, 202, 194, 190, 173, 172, 171, 155, 150, 58, 54, 15, 8]",214.44,60.00000000000001,0.5726460129653723,0.4038305324828343,1264.0,0.0
"[8464, 4646, 4499, 2347, 2180, 1687, 1420, 1092, 920, 772, 582, 527, 277, 15]",91.01,14.0,0.6745884685230708,0.6733979068351521,480.0000000000001,0.9999999999999998
"[8507, 8464, 8367, 8307, 8161, 7676, 7143, 6256, 5684, 5272, 5094, 4499, 3044, 2433, 2180, 2030, 2028, 1966, 1698, 1687, 1582, 1420, 1184, 920, 824, 772, 582, 569, 564, 527, 486, 428, 305, 290, 277, 54, 51, 35, 31, 15, 14, 8]",175.43,42.0,0.6038684718273204,0.5309160107697452,1044.0000000000002,0.9999999999999998
"[8572, 8464, 8376, 8120, 7521, 6964, 6905, 6394, 6380, 6373, 5819, 5813, 4535, 4499, 3948, 3703, 3490, 3416, 3403, 3327, 3310, 3131, 2433, 2180, 2030, 2011, 1966, 1828, 1420, 1369, 1246, 1013, 883, 824, 772, 745, 691, 627, 618, 527, 310, 54, 15, 8]",154.71,44.00000000000001,0.6156603374803749,0.4601263262588291,767.9999999999999,0.9999999999999998
"[8376, 8120, 7521, 5816, 4711, 4046, 3180, 2026, 1729, 824, 772, 627]",30.17,11.999999999999998,0.7463885149371328,0.6493941304719387,119.99999999999993,2.0
"[8464, 8449, 8447, 7445, 7439, 4499, 4478, 4477, 4476, 4475, 4472, 4469, 3490, 3374, 3368, 3227, 2926, 2433, 2324, 2180, 2134, 2126, 1873, 1872, 1698, 1697, 1687, 1685, 1582, 1556, 1420, 1369, 1332, 1324, 1299, 1296, 1277, 1231, 1184, 1128, 951, 920, 851, 824, 808, 772, 734, 627, 614, 600, 596, 590, 582, 527, 442, 433, 416, 407, 386, 370, 277, 240, 233, 231, 224, 220, 214, 208, 202, 200, 190, 173, 171, 163, 162, 150, 86, 73, 64, 62, 54, 38, 35, 32, 31, 15, 8]",320.47,87.0,0.5563771739208923,0.6070168515621405,2826.0,0.9999999999999998
"[6609, 4535, 4492, 3493, 2786, 2324, 2180, 1231, 15]",48.01,8.999999999999996,0.7209551948482692,0.7016106144472608,244.00000000000009,0.9999999999999998
"[7445, 5795, 5252, 4499, 3490, 3227, 3044, 2325, 2026, 1697, 1687, 1546, 1443, 1369, 1305, 1128, 1094, 1042, 920, 906, 734, 627, 614, 600, 553, 416, 290, 277, 233, 231, 224, 220, 165, 162, 141, 15, 14]",185.99,37.0,0.5941513527003591,0.5880541696387704,1200.0,0.9999999999999998
"[7494, 4499, 3090, 2868, 2433, 2180, 1420, 15, 8]",53.5,8.999999999999996,0.7260070821345859,0.7093752699032512,258.00000000000006,0.9999999999999998
"[8492, 8464, 8437, 8397, 7895, 7445, 7439, 7371, 6696, 6439, 6245, 5934, 5795, 4927, 4898, 4535, 4499, 4185, 3854, 3787, 3490, 3374, 3090, 3044, 2650, 2499, 2479, 2433, 2324, 2180, 2026, 1828, 1556, 1461, 1443, 1369, 1299, 1231, 1131, 1128, 948, 920, 851, 824, 772, 734, 627, 614, 538, 433, 416, 310, 306, 290, 277, 233, 231, 224, 220, 214, 208, 202, 200, 190, 173, 171, 62, 54, 35, 31, 26, 15, 8]",256.89,73.0,0.5368854301276158,0.42742455400850066,1692.0,0.9999999999999998
"[7521, 4499, 3227, 2180, 2134, 2126, 1698, 1687, 1420, 1184, 1092, 920, 824, 772, 596, 590, 582, 527, 386, 305, 277, 73, 54, 35]",133.98,24.0,0.6234828561323275,0.6236240478798761,821.0000000000002,0.0
"[8467, 8464, 8012, 4499, 4482, 3227, 2180, 1698, 1687, 1556, 1420, 1184, 1128, 920, 883, 824, 772, 638, 627, 614, 600, 529, 527, 382, 240, 163, 150, 144, 86, 35, 26, 15, 14, 8]",176.57,33.99999999999999,0.6244046811462097,0.6488882251763355,1106.9999999999998,0.0
"[8464, 8437, 8397, 8161, 8135, 8120, 8119, 7895, 7676, 7445, 7439, 7371, 7143, 6696, 6245, 6073, 5934, 5795, 5595, 5563, 5094, 4535, 4499, 4185, 4064, 3854, 3787, 3490, 3374, 3044, 3037, 2864, 2650, 2499, 2488, 2479, 2433, 2324, 2180, 2028, 2026, 1873, 1556, 1497, 1491, 1461, 1443, 1420, 1369, 1332, 1299, 1231, 978, 951, 948, 920, 851, 824, 772, 734, 672, 665, 538, 458, 442, 433, 428, 416, 407, 306, 294, 290, 233, 231, 224, 220, 208, 202, 200, 190, 173, 171, 165, 62, 54, 35, 31, 15, 8]",286.81,89.0,0.5273906007367376,0.35448077561984837,1912.0,0.0
"[8573, 8464, 8135, 8120, 7773, 7521, 7445, 7115, 6073, 5595, 5563, 5064, 4535, 4499, 4064, 3948, 3854, 3490, 3374, 3034, 3023, 2488, 2479, 2436, 2433, 2377, 2324, 2003, 1923, 1491, 1484, 1443, 1420, 1299, 1206, 951, 851, 772, 734, 627, 458, 442, 433, 416, 233, 231, 224, 15, 14, 8, 1]",180.18,51.0,0.5903046549151519,0.42967082464296946,1006.9999999999999,0.0
"[4925, 4646, 4499, 1687, 1420, 920, 772, 22, 15, 8]",71.07,9.999999999999996,0.7084891772654148,0.7299644728609981,352.00000000000017,0.9999999999999998
"[8464, 4499, 2180, 1687, 1556, 527, 277, 15, 14, 8]",79.84,9.999999999999996,0.7003518638877666,0.7410629653525891,394.99999999999994,0.9999999999999998
"[8464, 8307, 7445, 7294, 4631, 4499, 3854, 3819, 3227, 2656, 2324, 2180, 1781, 1698, 1687, 1685, 1582, 1420, 1299, 1246, 1184, 920, 825, 824, 772, 627, 535, 527, 428, 407, 370, 290, 277, 233, 150, 35, 31, 15, 8]",168.24,39.0,0.6120561088386617,0.5505950332604251,987.0,0.9999999999999998
"[8462, 8397, 8255, 7895, 7756, 7445, 7371, 7318, 5705, 4692, 4688, 4499, 4315, 4250, 4169, 3787, 3738, 3227, 2324, 2180, 1873, 1846, 1687, 1681, 1614, 1556, 1420, 1231, 1184, 920, 851, 772, 600, 416, 277, 214, 208, 202, 194, 190, 173, 172, 171, 155, 150, 58, 54, 35, 15]",192.34,49.0,0.5930317300443158,0.47033658899296005,1145.9999999999998,0.0
"[8464, 4499, 2868, 2180, 1420, 15, 8]",55.34,7.000000000000005,0.7333698644760479,0.7494057813122776,258.00000000000006,0.9999999999999998
"[8455, 8376, 8288, 8120, 8119, 7895, 7521, 7445, 7439, 7371, 7318, 6858, 6856, 6855, 6439, 6380, 6373, 6073, 5819, 5816, 5813, 5563, 5443, 5282, 5252, 4927, 4898, 4798, 4535, 4486, 4455, 4437, 4315, 4250, 4163, 3949, 3948, 3876, 3787, 3773, 3490, 3445, 3374, 3310, 3273, 2770, 2488, 2479, 2400, 2324, 1914, 1889, 1882, 1846, 1829, 1828, 1781, 1461, 1443, 1299, 1246, 1201, 1092, 978, 948, 824, 801, 745, 689, 458, 433, 416, 325, 233, 172]",171.25,75.0,0.607108957506066,0.3119854249939763,705.0000000000001,0.9999999999999998
"[8464, 8437, 8397, 8161, 8135, 8120, 8119, 7895, 7676, 7521, 7445, 7439, 7371, 7143, 7115, 6997, 6696, 6373, 6245, 6073, 5795, 5595, 5563, 5443, 5252, 5094, 5064, 4927, 4875, 4535, 4486, 4455, 4250, 4185, 4064, 3949, 3948, 3854, 3787, 3490, 3445, 3416, 3374, 3323, 3310, 3227, 3044, 3034, 3023, 2650, 2499, 2488, 2479, 2433, 2387, 2374, 2180, 2030, 2028, 1846, 1497, 1494, 1484, 1461, 1443, 1369, 1299, 1231, 978, 948, 851, 824, 772, 745, 734, 486, 458, 433, 416, 366, 325, 233, 224, 220, 208, 202, 200, 190, 173, 171, 165, 62, 54, 35, 31]",267.22,95.0,0.5396991075267568,0.3128571308932533,1449.0000000000002,0.0
"[8307, 6609, 6380, 6373, 6256, 4782, 4535, 4492, 3493, 3310, 3063, 2786, 2180, 1246, 1231, 745, 734, 627, 15]",69.99,19.000000000000004,0.6811742647896805,0.5602159372113437,350.00000000000006,0.9999999999999998
"[8307, 6609, 6380, 6373, 6256, 4782, 4535, 4492, 3490, 3310, 3063, 2786, 2569, 2479, 2180, 2003, 1443, 1246, 1231, 745, 734, 627, 433, 416, 15]",95.79,25.0,0.6477319516948645,0.5207136078400747,489.9999999999999,0.9999999999999998
"[8464, 8462, 7521, 4499, 3327, 3227, 2180, 1698, 1687, 1556, 1420, 1207, 1184, 920, 824, 527, 305, 277, 58, 54, 35, 15, 8]",135.22,22.999999999999996,0.645485274734567,0.6600395090152456,773.9999999999998,0.0
"[8464, 8437, 8397, 8288, 8161, 8135, 8120, 8119, 7895, 7676, 7445, 7439, 7371, 7167, 7143, 6696, 6245, 6073, 5934, 5795, 5595, 5563, 5094, 4535, 4499, 4185, 4064, 3854, 3787, 3490, 3374, 3044, 3037, 2650, 2499, 2488, 2479, 2433, 2324, 2180, 2028, 2026, 1873, 1556, 1497, 1491, 1461, 1443, 1420, 1369, 1332, 1299, 1231, 1022, 951, 948, 920, 851, 824, 772, 734, 538, 527, 486, 458, 442, 433, 428, 416, 407, 294, 290, 277, 233, 231, 224, 220, 214, 208, 202, 200, 190, 173, 171, 165, 62, 54, 40, 35, 31, 15, 14, 8]",297.35,93.0,0.5276104769134136,0.3568173114033184,2071.0,0.0
"[8464, 8437, 8397, 8161, 8135, 8120, 8119, 7895, 7445, 7439, 7371, 7143, 6696, 6245, 6073, 5934, 5795, 5595, 5563, 5094, 4535, 4499, 4478, 4185, 4064, 3854, 3787, 3490, 3374, 3090, 3044, 3037, 2650, 2499, 2488, 2479, 2433, 2324, 2180, 1873, 1556, 1497, 1491, 1461, 1443, 1420, 1369, 1332, 1299, 1231, 978, 951, 948, 920, 851, 824, 772, 734, 538, 458, 442, 433, 428, 416, 407, 306, 294, 290, 277, 233, 231, 224, 220, 214, 208, 202, 200, 190, 173, 171, 165, 62, 54, 35, 31, 8]",283.17,86.0,0.5484427093500648,0.38967590423956855,1887.0,0.0
"[8464, 4499, 2429, 2180, 1687, 772, 527, 277, 15, 14, 8]",78.16,10.999999999999998,0.697787995647582,0.7156084952810199,386.9999999999999,0.9999999999999998
"[8376, 8120, 7521, 6380, 6373, 5816, 4711, 4046, 3948, 3742, 3327, 3310, 3180, 2842, 2030, 2026, 1729, 1491, 1369, 1277, 1246, 1128, 976, 772, 745, 627, 233, 220, 208]",81.11,29.000000000000004,0.6473279650554935,0.512407382499371,361.9999999999999,0.9999999999999998
"[8464, 7521, 6373, 4499, 3416, 3131, 2842, 2180, 2011, 1687, 1420, 1369, 1246, 920, 772, 627, 527, 419, 277, 220, 31, 15, 14, 8]",128.71,24.0,0.6408172176872305,0.6150623932456606,697.9999999999999,0.9999999999999998
"[8464, 8119, 7756, 7445, 7439, 7115, 6696, 6073, 5934, 5795, 5705, 5563, 5064, 4692, 4688, 4499, 3854, 3490, 3374, 3227, 3190, 3096, 3023, 2488, 2479, 2433, 2324, 2180, 1873, 1846, 1697, 1687, 1582, 1546, 1484, 1461, 1443, 1420, 1369, 1332, 1305, 1299, 1231, 1042, 978, 951, 948, 920, 906, 851, 824, 811, 798, 772, 600, 553, 458, 442, 433, 428, 416, 407, 299, 290, 277, 233, 231, 214, 208, 202, 200, 190, 173, 171, 165, 141, 54, 35, 15, 14, 8]",286.39,81.0,0.5383635107775318,0.44666974586820873,2043.9999999999998,0.9999999999999998
"[8464, 8366, 8135, 8120, 8119, 7447, 6073, 5563, 4535, 4499, 3490, 3374, 2868, 2499, 2324, 2180, 1461, 1443, 1420, 1369, 1332, 1299, 948, 920, 851, 824, 433, 428, 416, 407, 306, 277, 15, 8]",152.42,33.99999999999999,0.6060369793644663,0.544389828161848,870.0,0.0
"[8615, 8464, 8376, 8135, 8120, 7895, 7621, 7445, 7439, 7371, 7309, 7167, 7159, 7143, 7115, 6997, 6858, 6856, 6787, 6439, 6434, 6206, 6073, 5911, 5819, 5816, 5813, 5568, 5563, 5443, 5264, 5064, 4927, 4798, 4535, 4499, 4315, 4163, 3876, 3854, 3787, 3773, 3538, 3490, 3273, 3260, 3044, 3023, 2770, 2499, 2433, 2387, 2374, 2324, 2235, 2180, 2030, 2011, 2001, 1484, 1420, 1369, 1299, 1201, 1092, 977, 835, 801, 772, 689, 643, 538, 527, 442, 325, 310, 299, 282, 279, 277, 202, 163, 15, 14, 8]",220.17,85.0,0.5750598022775553,0.3203705181614884,1040.0,0.9999999999999998
"[8464, 8366, 4499, 3847, 2868, 1420, 883, 15, 8]",55.55,8.999999999999996,0.7313702740556731,0.7182258720550826,252.00000000000014,0.9999999999999998
"[8464, 4499, 3090, 2842, 2180, 1687, 1420, 1369, 920, 772, 419, 306, 277, 220, 15, 8]",100.48,16.0,0.6725274333265768,0.6645398150983168,530.0000000000001,0.9999999999999998
"[8464, 8449, 8447, 7676, 7445, 7439, 4499, 4477, 4476, 4475, 4472, 4469, 3490, 3374, 3368, 3227, 2926, 2433, 2324, 2180, 2134, 2126, 2028, 2026, 1873, 1872, 1698, 1697, 1687, 1685, 1582, 1556, 1420, 1369, 1332, 1299, 1296, 1277, 1231, 1184, 1128, 951, 920, 851, 824, 808, 772, 734, 627, 614, 600, 596, 590, 582, 527, 442, 433, 416, 407, 386, 370, 277, 240, 233, 231, 224, 220, 214, 208, 202, 200, 190, 173, 171, 163, 162, 150, 86, 73, 64, 62, 54, 38, 35, 32, 31, 15, 8]",324.71,88.0,0.5541453489742022,0.5834916321654432,2802.0,0.0
"[8464, 7530, 4499, 2347, 2180, 1687, 1420, 920, 772, 527, 277, 141, 15, 8]",96.62,14.0,0.6702734268375408,0.6848560926009939,500.00000000000006,0.9999999999999998
"[8437, 8397, 7895, 7558, 7521, 6696, 6220, 5421, 4688, 4499, 4185, 3090, 3044, 3023, 2770, 2650, 2387, 2180, 1873, 1556, 1369, 1332, 951, 920, 772, 538, 442, 386, 306, 277, 173, 165, 62, 54, 31, 15, 8]",155.97,37.0,0.5990423239227622,0.5376979394315096,873.9999999999998,0.0
"[8572, 8464, 8120, 7521, 6964, 6905, 6373, 5819, 5813, 4535, 4499, 3490, 3416, 3403, 3131, 2433, 2180, 2030, 2011, 1966, 1828, 1369, 1246, 1013, 824, 772, 691, 618, 527, 310, 54, 38, 15, 8]",137.05,33.99999999999999,0.6295191662862788,0.5162502886428323,706.9999999999999,0.0
"[8464, 8397, 8255, 8120, 8119, 7756, 7523, 7445, 6696, 6073, 5813, 5795, 5705, 5563, 4692, 4688, 4535, 4499, 3490, 3374, 3063, 2499, 2488, 2479, 2433, 2324, 2180, 1966, 1873, 1846, 1828, 1630, 1582, 1461, 1443, 1420, 1332, 1305, 1231, 1042, 951, 948, 851, 824, 772, 691, 600, 553, 527, 442, 428, 416, 290, 214, 208, 202, 200, 194, 190, 173, 171, 165, 141, 62, 54, 15, 14, 8]",247.29,68.0,0.5595020633882914,0.45146678244222893,1601.0,0.0
"[8464, 7756, 7445, 7439, 6696, 6073, 5934, 5795, 5705, 5563, 4692, 4688, 4499, 3854, 3490, 3374, 3295, 3227, 3190, 3096, 2488, 2479, 2433, 2324, 2180, 1873, 1846, 1697, 1687, 1582, 1546, 1443, 1420, 1369, 1332, 1305, 1299, 1231, 1042, 978, 951, 920, 906, 851, 824, 811, 798, 772, 600, 553, 458, 442, 433, 428, 416, 407, 299, 290, 277, 233, 231, 214, 208, 202, 200, 190, 173, 171, 165, 141, 54, 35, 15, 14, 8]",276.99,75.0,0.5511722547251687,0.46849271448162155,1975.0000000000002,0.0
"[8307, 6609, 6380, 6373, 6256, 4782, 4535, 4492, 3493, 3310, 2786, 2180, 1942, 1246, 1231, 734, 627, 15]",69.88,18.000000000000004,0.6861258322642955,0.5833197361427812,339.99999999999983,0.9999999999999998
"[8464, 8455, 7445, 7439, 6439, 5563, 5443, 4499, 3876, 3490, 3374, 3227, 2488, 2433, 2324, 2180, 2134, 1873, 1829, 1698, 1697, 1687, 1685, 1582, 1556, 1420, 1332, 1299, 1231, 1184, 1128, 1094, 978, 951, 920, 880, 824, 772, 734, 614, 600, 596, 590, 582, 527, 458, 442, 433, 416, 407, 325, 277, 224, 220, 214, 208, 202, 200, 190, 173, 171, 163, 150, 86, 73, 64, 62, 54, 38, 35, 32, 31, 15, 8]",283.97,74.0,0.5534463716003188,0.5538780046412229,2257.0,0.0
"[8464, 5831, 4499, 3090, 2842, 2180, 1687, 1420, 1369, 920, 772, 419, 306, 277, 15, 8]",96.04,16.0,0.674711000201617,0.6534350273650449,486.9999999999999,0.9999999999999998
"[8464, 8437, 8397, 7895, 7756, 7676, 7445, 7378, 7371, 7167, 6696, 6245, 6220, 5934, 5795, 5264, 4692, 4688, 4499, 4476, 4185, 3854, 3787, 3490, 3374, 2650, 2479, 2324, 2180, 2028, 1873, 1687, 1685, 1443, 1420, 1369, 1332, 1299, 1199, 1128, 1022, 951, 920, 851, 824, 772, 734, 538, 535, 527, 442, 433, 428, 416, 407, 306, 294, 290, 277, 233, 224, 220, 214, 208, 202, 200, 190, 173, 171, 165, 62, 54, 35, 31, 15, 8]",272.5,76.0,0.5578595452456578,0.4423805110340556,1862.9999999999998,0.9999999999999998
"[8464, 7530, 4499, 2347, 2180, 1687, 1420, 920, 772, 527, 220, 141, 40, 15, 8]",103.57,15.000000000000002,0.6671803100226503,0.6840171400367241,539.9999999999999,0.0
"[8572, 8464, 8376, 8120, 7530, 7016, 6964, 6905, 6394, 6380, 5819, 5813, 4535, 4499, 3948, 3703, 3490, 3403, 3327, 3310, 2180, 2030, 1420, 1369, 1013, 920, 883, 824, 772, 527, 310, 277, 245, 141, 54, 15, 8]",145.89,37.0,0.6274474505242325,0.5049842014351649,740.9999999999998,0.0
"[8462, 7445, 7318, 4499, 4250, 3738, 3227, 2324, 2180, 1687, 1681, 1556, 1420, 1226, 1184, 772, 416, 277, 155, 150, 58, 54, 15, 8]",127.36,24.0,0.6463521463169591,0.6110799025369128,675.9999999999999,0.0
"[8467, 8464, 8449, 8447, 4499, 4475, 3490, 3374, 3368, 3363, 3227, 2926, 2180, 2134, 2126, 1873, 1872, 1698, 1697, 1687, 1582, 1556, 1534, 1420, 1369, 1332, 1324, 1296, 1277, 1231, 1184, 1128, 951, 920, 851, 824, 808, 772, 734, 627, 614, 600, 596, 590, 582, 527, 442, 433, 382, 370, 277, 240, 233, 231, 224, 220, 214, 208, 202, 200, 190, 173, 171, 163, 162, 150, 144, 86, 73, 62, 54, 38, 35, 32, 30, 26, 15, 14, 8]",310.08,79.0,0.5620971257409559,0.6250491427884408,2678.0,0.9999999999999998
"[8464, 8307, 7445, 7439, 7294, 6470, 4631, 4499, 3854, 3819, 3227, 2656, 2433, 2324, 2180, 1781, 1698, 1582, 1420, 1299, 1246, 1184, 920, 825, 824, 772, 627, 527, 428, 407, 370, 290, 277, 233, 150, 35, 31, 15, 14, 8]",170.01,40.0,0.6102244366128622,0.5338421508085199,989.0000000000001,0.0
"[8120, 7439, 7221, 6073, 4535, 3490, 3227, 1420, 951, 920, 772, 54, 15, 8, 1]",81.84,15.000000000000002,0.62108487661908,0.6475695757188595,466.00000000000017,0.9999999999999998
"[8592, 8464, 8307, 7445, 7439, 7318, 7294, 6787, 6470, 5282, 5252, 4631, 4499, 4250, 3819, 3227, 2656, 2433, 2324, 1781, 1698, 1582, 1299, 1246, 1201, 1184, 920, 825, 824, 689, 627, 428, 407, 370, 290, 277, 233, 172, 35, 31, 4]",148.13,41.0,0.6261954619002453,0.47861352894289866,753.9999999999999,0.0
"[8307, 8176, 8134, 7895, 7521, 7447, 7371, 7115, 6997, 6858, 6856, 6787, 6439, 6380, 6373, 6254, 5813, 5064, 5054, 4535, 4491, 4315, 3948, 3787, 3703, 3490, 3416, 3327, 3310, 3273, 3023, 2811, 2387, 2374, 2030, 2011, 1828, 1546, 1491, 1484, 1369, 1274, 1246, 1235, 1201, 1013, 977, 906, 883, 789, 745, 627, 618, 172, 15]",136.57,55.0,0.6140703313220577,0.3692624443542176,623.9999999999998,0.9999999999999998
"[8397, 8307, 8255, 7895, 7756, 7445, 7371, 7318, 6380, 6373, 6256, 5705, 4692, 4688, 4499, 4315, 4250, 4169, 3787, 3738, 3310, 3227, 3063, 2433, 2324, 2180, 1873, 1846, 1687, 1681, 1652, 1614, 1556, 1420, 1246, 1231, 1184, 920, 851, 772, 745, 734, 627, 600, 416, 277, 214, 208, 202, 194, 190, 173, 172, 171, 155, 150, 64, 54, 15, 8]",210.26,60.00000000000001,0.5565067748807347,0.40111987339876554,1267.0,0.0
"[4492, 2786, 2180, 382, 15]",35.62,5.0000000000000036,0.7506000469663147,0.7575997155833271,166.99999999999997,0.9999999999999998
"[8464, 8437, 8397, 8288, 8161, 8135, 8120, 8119, 7895, 7676, 7445, 7439, 7371, 7167, 7143, 7115, 6245, 6073, 5934, 5813, 5795, 5595, 5563, 5101, 5094, 5064, 4535, 4499, 4489, 4185, 4064, 3979, 3787, 3490, 3374, 3044, 3037, 3023, 2650, 2499, 2488, 2479, 2433, 2324, 2180, 2028, 2026, 2001, 1966, 1873, 1828, 1809, 1556, 1497, 1491, 1484, 1461, 1443, 1420, 1369, 1332, 1299, 1231, 978, 951, 948, 920, 851, 824, 772, 734, 691, 527, 486, 458, 442, 433, 428, 416, 407, 310, 294, 290, 233, 231, 224, 220, 214, 208, 202, 200, 190, 173, 171, 62, 54, 35, 15, 8]",306.6,99.0,0.5319022982550873,0.3483675019842104,1976.9999999999998,0.0
"[5252, 4875, 2433, 1299, 772, 537]",18.64,6.000000000000004,0.751684011149799,0.7269351612393755,82.00000000000021,2.0
"[8464, 8437, 8397, 8161, 8135, 8120, 8119, 7895, 7676, 7521, 7445, 7439, 7371, 7143, 7115, 6997, 6696, 6373, 6245, 6073, 5795, 5595, 5563, 5443, 5094, 5064, 4927, 4585, 4535, 4486, 4455, 4250, 4185, 4064, 3949, 3948, 3854, 3787, 3490, 3445, 3416, 3374, 3323, 3310, 3227, 3044, 3034, 3023, 2650, 2488, 2479, 2387, 2374, 2180, 2030, 2028, 1896, 1846, 1497, 1494, 1484, 1461, 1456, 1443, 1369, 1231, 978, 948, 851, 824, 772, 745, 734, 486, 458, 433, 416, 366, 325, 233, 224, 220, 208, 202, 200, 190, 173, 171, 165, 62, 54, 35, 31]",261.31,93.0,0.5485441465939779,0.336934172767543,1420.0,0.0
"[8462, 8397, 8255, 7756, 7445, 7371, 7318, 6380, 5705, 4688, 4499, 4250, 4169, 3787, 3738, 3310, 3227, 2324, 2180, 1873, 1846, 1698, 1687, 1681, 1614, 1556, 1420, 1231, 1184, 920, 851, 772, 416, 277, 208, 202, 194, 190, 173, 172, 171, 155, 150, 58, 54, 15, 8]",185.33,47.0,0.5922764746487134,0.481958312708888,1085.9999999999998,0.9999999999999998
"[8462, 8307, 7447, 7445, 7318, 5795, 4499, 4250, 3490, 3227, 2324, 2180, 1698, 1697, 1687, 1681, 1556, 1420, 1184, 920, 772, 627, 416, 290, 277, 202, 155, 150, 58, 54, 35, 31, 15]",158.35,33.0,0.6120444161528954,0.5667395399465623,929.9999999999998,0.0
"[8464, 8437, 8397, 8288, 8161, 8135, 8120, 8119, 7895, 7676, 7445, 7439, 7371, 7167, 7143, 7126, 6245, 6073, 5934, 5813, 5795, 5595, 5563, 5094, 4535, 4499, 4185, 4064, 3787, 3490, 3374, 3044, 3037, 2650, 2499, 2488, 2479, 2433, 2180, 2028, 2026, 1966, 1873, 1828, 1556, 1497, 1491, 1461, 1443, 1420, 1369, 1332, 1299, 1231, 1022, 978, 951, 948, 920, 851, 824, 772, 734, 691, 527, 486, 458, 442, 433, 428, 416, 407, 310, 294, 290, 233, 231, 224, 220, 214, 208, 202, 200, 190, 173, 171, 165, 62, 54, 35, 15, 1]",294.74,92.0,0.5323939353782482,0.3512966358480356,1954.0,0.0
"[8462, 7445, 7318, 4499, 3227, 2324, 2180, 1698, 1687, 1681, 1556, 1420, 1184, 920, 824, 772, 277, 202, 58, 54, 35, 15]",125.33,21.999999999999996,0.6418503315613178,0.6236963440125131,694.0000000000001,0.9999999999999998
"[8464, 8307, 7521, 7447, 5795, 4499, 4250, 3490, 3327, 3227, 2180, 1698, 1697, 1687, 1556, 1420, 1207, 1184, 920, 627, 527, 416, 305, 290, 277, 155, 58, 54, 35, 31, 15, 8]",159.54,32.00000000000001,0.6129310260921595,0.576962161527213,962.9999999999998,0.0
"[8464, 7756, 7445, 7439, 6696, 5934, 5795, 5705, 4692, 4688, 4499, 3854, 3490, 3374, 3227, 3096, 3044, 2479, 2433, 2324, 2180, 2026, 1873, 1716, 1687, 1582, 1546, 1443, 1420, 1369, 1332, 1305, 1299, 1231, 1128, 1042, 951, 920, 906, 851, 824, 811, 798, 772, 627, 614, 600, 553, 442, 433, 428, 416, 407, 299, 290, 277, 233, 231, 224, 214, 208, 202, 200, 190, 173, 171, 165, 141, 54, 35, 15, 14, 8]",281.23,73.0,0.5383566749615667,0.48117272897070906,2050.0,0.0
"[8464, 8161, 7676, 7167, 7143, 5831, 5595, 5094, 4905, 4499, 4064, 3090, 3044, 3037, 2842, 2180, 2028, 1687, 1497, 1420, 1369, 1022, 920, 772, 486, 419, 306, 277, 15, 8]",119.98,30.000000000000004,0.6456107232812072,0.527793500122025,595.9999999999998,0.9999999999999998
"[8161, 7167, 7159, 7143, 7117, 5828, 5101, 4584, 4499, 4395, 4064, 2180, 1687, 1546, 1420, 1128, 920, 486, 15, 8]",86.36,19.999999999999993,0.6716103357477974,0.5990706478255661,442.99999999999983,0.9999999999999998
"[8455, 8307, 8161, 8135, 8120, 8119, 7895, 7676, 7521, 7445, 7439, 7371, 7318, 7167, 7143, 6439, 6380, 6373, 6256, 6073, 5595, 5563, 5094, 5054, 4905, 4875, 4688, 4535, 4499, 4455, 4437, 4315, 4064, 3949, 3948, 3876, 3787, 3738, 3490, 3445, 3310, 3044, 3037, 2499, 2488, 2479, 2433, 2400, 2324, 2180, 2028, 2026, 1889, 1882, 1828, 1681, 1497, 1491, 1461, 1443, 1420, 1369, 1299, 1246, 1022, 978, 948, 920, 851, 801, 772, 745, 486, 458, 442, 433, 428, 67, 64, 54, 15, 8]",228.29,82.0,0.5554631081824474,0.32114845476940534,1173.0,0.0
"[8572, 8464, 8120, 7521, 6964, 6373, 5819, 5813, 4535, 4499, 4169, 3490, 3416, 3403, 3374, 3131, 2433, 2180, 2134, 2126, 2030, 2011, 1966, 1873, 1828, 1582, 1369, 1332, 1246, 1231, 1128, 1013, 951, 880, 851, 824, 772, 734, 691, 618, 614, 600, 596, 590, 582, 527, 442, 433, 310, 224, 220, 214, 208, 202, 200, 190, 86, 62, 58, 54, 38, 15, 8]",248.37,63.0,0.548668887175969,0.4976623742998074,1706.0,0.9999999999999998
"[8397, 8307, 8255, 7895, 7756, 7752, 7445, 7371, 7318, 6380, 6373, 6256, 5705, 4692, 4499, 4315, 4250, 4169, 3787, 3738, 3310, 3227, 3063, 2433, 2324, 2180, 1846, 1687, 1681, 1614, 1556, 1420, 1246, 1184, 920, 772, 745, 627, 416, 277, 194, 172, 171, 155, 150, 64, 54, 15, 8]",169.09,49.0,0.593952059714142,0.4079370401271054,906.9999999999999,0.9999999999999998
"[8453, 4499, 2180, 1687, 1546, 1420, 824, 772, 15, 14, 8]",80.39,10.999999999999998,0.6895355619270758,0.7197347140506261,422.9999999999999,0.9999999999999998
"[8464, 8437, 8397, 8288, 8161, 8135, 8120, 8119, 7895, 7676, 7530, 7445, 7439, 7371, 7167, 7143, 7126, 6245, 6073, 5934, 5813, 5795, 5595, 5563, 5094, 4535, 4499, 4064, 3787, 3490, 3374, 3044, 3037, 2499, 2488, 2479, 2433, 2347, 2180, 2028, 2026, 1966, 1873, 1828, 1687, 1497, 1491, 1461, 1443, 1420, 1369, 1332, 1299, 1231, 1022, 978, 951, 948, 920, 851, 824, 772, 734, 691, 527, 486, 458, 442, 433, 428, 416, 407, 310, 294, 290, 233, 231, 224, 220, 214, 208, 202, 200, 190, 173, 171, 165, 40, 15, 8]",289.69,90.0,0.5287905584496899,0.3682627234061626,1859.0,0.0
"[8464, 8178, 6964, 4499, 3490, 2842, 2180, 1420, 1369, 920, 772, 527, 277, 220, 141, 15, 8]",107.33,17.000000000000004,0.6593555699844974,0.673443533378807,586.9999999999999,0.0
"[8464, 4499, 2650, 2180, 1556, 1420, 920, 772, 527, 220, 62, 54, 35, 15, 1]",105.91,15.000000000000002,0.6679769972349118,0.7108432617752454,589.9999999999999,0.0
"[8397, 8255, 8135, 8120, 7756, 7445, 6696, 6073, 5795, 5705, 5595, 5563, 4692, 4688, 4499, 4207, 3490, 3374, 3227, 3063, 2499, 2488, 2479, 2324, 2180, 1873, 1848, 1697, 1687, 1630, 1582, 1546, 1497, 1491, 1443, 1332, 1305, 1231, 1042, 978, 951, 920, 906, 851, 824, 772, 600, 553, 458, 442, 433, 428, 416, 290, 277, 214, 208, 202, 200, 194, 190, 173, 171, 165, 162, 141, 62, 54, 35, 15, 14]",259.25,71.0,0.5508365274733724,0.45567918436928134,1785.0,0.9999999999999998
"[8462, 8397, 8307, 7895, 7756, 7447, 7445, 7371, 7318, 5795, 5705, 4692, 4688, 4499, 4315, 4250, 3787, 3490, 3227, 2324, 2180, 1873, 1698, 1697, 1687, 1681, 1556, 1420, 1231, 1184, 920, 851, 772, 627, 600, 416, 290, 277, 214, 208, 202, 155, 150, 61, 58, 54, 35, 15]",189.32,48.0,0.5845665323741652,0.48206393643257295,1145.9999999999998,0.9999999999999998
"[8462, 8255, 7445, 7318, 4499, 4250, 3738, 3667, 3227, 2324, 2180, 1846, 1687, 1681, 1614, 1556, 1420, 1184, 920, 772, 416, 277, 202, 194, 190, 173, 172, 171, 155, 150, 58, 54, 35, 15]",154.66,33.99999999999999,0.6271552329478414,0.5622205570374971,901.9999999999998,0.0
"[8462, 7445, 7318, 4499, 4250, 3738, 3227, 2324, 2180, 1846, 1687, 1681, 1556, 1420, 1184, 920, 772, 416, 359, 277, 190, 173, 172, 171, 155, 150, 58, 54, 35, 15]",150.84,30.000000000000004,0.6245219673624686,0.5840390734481665,856.9999999999999,0.9999999999999998
"[8464, 8437, 8397, 8161, 8135, 8120, 8119, 7895, 7676, 7445, 7439, 7143, 6073, 5934, 5595, 5563, 5094, 5048, 4688, 4535, 4499, 4064, 3854, 3490, 3374, 3227, 3073, 3044, 3037, 2499, 2488, 2479, 2433, 2324, 2028, 2026, 1873, 1698, 1697, 1687, 1546, 1497, 1491, 1461, 1443, 1420, 1332, 1299, 1246, 1231, 1184, 978, 951, 948, 920, 851, 824, 734, 566, 527, 515, 458, 442, 428, 416, 407, 306, 294, 290, 277, 233, 231, 224, 220, 214, 208, 202, 200, 190, 173, 171, 150, 62, 54, 35, 32, 31, 15]",296.98,88.0,0.5296977365114202,0.4033519916390975,2076.0,0.0
"[8467, 8459, 8447, 4499, 4475, 3490, 3227, 2926, 2180, 2134, 2126, 1698, 1697, 1687, 1582, 1556, 1534, 1420, 1296, 1277, 1231, 1184, 1128, 951, 920, 772, 734, 627, 614, 600, 596, 590, 582, 529, 527, 442, 433, 416, 382, 277, 240, 233, 231, 224, 220, 214, 208, 202, 200, 190, 173, 171, 163, 162, 150, 144, 86, 73, 62, 54, 38, 35, 32, 30, 26, 15, 14, 8]",278.96,68.0,0.5715690980712522,0.6397405691208176,2319.0,0.9999999999999998
"[8464, 7521, 7003, 6766, 4965, 4499, 3327, 3227, 2214, 2180, 1687, 1556, 1420, 1184, 920, 824, 305, 277, 58, 54, 35, 15, 8]",128.23,22.999999999999996,0.6517900853585542,0.6215796246142355,714.9999999999999,0.9999999999999998
"[8464, 8178, 6964, 4499, 3490, 2842, 2180, 1420, 1369, 1258, 920, 772, 527, 428, 277, 220, 141, 15, 8]",115.14,19.000000000000004,0.6571231124272373,0.659145513954677,621.0000000000002,0.0
"[8464, 8161, 7177, 7143, 5831, 5595, 5094, 4905, 4471, 4064, 3090, 3044, 3037, 2842, 2180, 2028, 1687, 1497, 1420, 1369, 920, 772, 486, 419, 306, 277, 15, 8]",113.08,28.0,0.6520323375045507,0.5351326323682037,567.0,0.9999999999999998
"[8464, 8437, 8397, 8135, 8120, 8119, 7895, 7445, 7439, 7371, 6245, 6073, 5934, 5795, 5563, 4723, 4535, 4499, 3854, 3787, 3490, 3374, 2650, 2499, 2488, 2479, 2433, 2324, 2180, 1873, 1698, 1582, 1491, 1461, 1443, 1420, 1369, 1332, 1299, 1231, 978, 951, 948, 920, 851, 824, 772, 734, 538, 458, 442, 433, 431, 428, 416, 407, 306, 294, 290, 277, 233, 231, 224, 220, 214, 208, 202, 200, 190, 173, 171, 165, 62, 35, 31, 15, 8]",266.96,77.0,0.5408838306215386,0.4286138087264151,1828.0000000000002,0.9999999999999998
"[8178, 7895, 6439, 4535, 4492, 3493, 3490, 2842, 2786, 2324, 2180, 1925, 1369, 977, 811, 220, 15]",69.61,17.000000000000004,0.6856107402194848,0.620001791073415,347.9999999999999,0.9999999999999998
"[8464, 8449, 8447, 7445, 7439, 4499, 4478, 4477, 4476, 4475, 4472, 4469, 4333, 3490, 3374, 3368, 3227, 2433, 2324, 2180, 2134, 2126, 1873, 1872, 1698, 1697, 1687, 1685, 1582, 1556, 1420, 1369, 1332, 1324, 1299, 1296, 1277, 1231, 1184, 1128, 951, 920, 880, 851, 824, 808, 772, 734, 614, 600, 596, 590, 582, 527, 442, 433, 416, 407, 386, 370, 277, 240, 224, 220, 214, 208, 202, 200, 190, 173, 171, 163, 150, 86, 73, 64, 62, 54, 38, 35, 32, 31, 15, 8]",313.48,84.0,0.5561295642895963,0.6027408837472065,2710.0,0.9999999999999998
"[1204, 772, 529, 382]",15.8,4.000000000000003,0.765247835379654,0.7649456075645287,75.0,2.0
"[8572, 8464, 8135, 8120, 7521, 6964, 6373, 5819, 5813, 4535, 4499, 4169, 3490, 3416, 3403, 3374, 3130, 2433, 2180, 2134, 2126, 2030, 2011, 1966, 1873, 1828, 1582, 1369, 1332, 1246, 1231, 1128, 1013, 951, 880, 851, 824, 772, 734, 691, 618, 614, 600, 596, 590, 582, 527, 442, 433, 310, 224, 220, 214, 208, 202, 200, 190, 86, 62, 58, 54, 38, 15, 8]",249.74999999999997,64.0,0.5558293082533659,0.4947660701986949,1711.0000000000002,0.0
"[8464, 4499, 3854, 3490, 3374, 2433, 2324, 2180, 1873, 1697, 1687, 1546, 1420, 1332, 1231, 1184, 1128, 1042, 904, 851, 824, 734, 596, 416, 407, 224, 220, 214, 208, 202, 200, 190, 173, 171, 141, 86, 15, 14, 8]",198.64,39.0,0.5776695623953481,0.5889623155123589,1335.9999999999998,0.0
"[1978, 1896, 1]",14.54,3.0000000000000018,0.7769902644276945,0.7855877710969988,55.999999999999936,2.0
"[8464, 8120, 7773, 7521, 7445, 6964, 6373, 5819, 5813, 4535, 4499, 3854, 3490, 3416, 3403, 3374, 3131, 2479, 2433, 2324, 2180, 2030, 2011, 2003, 1966, 1828, 1443, 1369, 1299, 1246, 1206, 1013, 951, 851, 824, 772, 734, 691, 618, 603, 527, 442, 433, 416, 310, 233, 231, 54, 38, 15, 8]",199.1,51.0,0.5664419051656941,0.4694522100662115,1164.0,0.0
"[8464, 7773, 7445, 7115, 5595, 5563, 4499, 4064, 3854, 3490, 3439, 3374, 3227, 3096, 3034, 3023, 2609, 2488, 2479, 2433, 2377, 2324, 2180, 2003, 1687, 1546, 1491, 1484, 1443, 1420, 1305, 1299, 1042, 951, 920, 906, 851, 772, 734, 627, 458, 442, 433, 416, 382, 277, 233, 231, 224, 141, 15, 14, 8]",216.13,53.0,0.5681571054326707,0.48326626469926337,1327.0000000000002,0.0
"[8464, 8449, 8447, 7445, 7439, 6936, 4499, 4478, 4477, 4476, 4475, 4472, 4469, 4333, 3490, 3374, 3368, 3227, 2433, 2324, 2180, 2134, 2126, 1873, 1872, 1698, 1697, 1687, 1685, 1582, 1420, 1369, 1332, 1324, 1299, 1296, 1277, 1231, 1184, 1128, 951, 920, 880, 851, 824, 808, 772, 734, 614, 600, 596, 590, 582, 527, 442, 433, 416, 407, 386, 370, 277, 240, 224, 220, 214, 208, 202, 200, 190, 173, 171, 163, 150, 141, 86, 73, 64, 62, 54, 38, 35, 32, 31, 15, 8]",315.03,85.0,0.5577145556547101,0.5957523451344094,2723.0,0.9999999999999998
"[8572, 8464, 8135, 8120, 7521, 6964, 6373, 5819, 5813, 4535, 4499, 4169, 3490, 3416, 3403, 3374, 3130, 2180, 2141, 2134, 2126, 2030, 2011, 1873, 1582, 1546, 1491, 1420, 1369, 1332, 1246, 1231, 1128, 1013, 951, 880, 851, 824, 772, 734, 691, 618, 614, 600, 596, 590, 582, 442, 433, 233, 224, 220, 214, 208, 202, 200, 190, 86, 62, 58, 54, 38, 15, 8]",247.69,64.0,0.548951926502647,0.48356594829189004,1748.0,0.9999999999999998
"[8455, 8307, 8161, 8135, 8120, 8119, 7895, 7676, 7521, 7445, 7439, 7371, 7318, 7282, 7143, 6439, 6380, 6373, 6256, 6073, 5595, 5563, 5094, 5054, 4905, 4875, 4688, 4535, 4499, 4455, 4437, 4315, 4064, 3949, 3948, 3876, 3787, 3738, 3490, 3445, 3310, 3044, 3037, 2499, 2488, 2479, 2433, 2400, 2324, 2180, 2028, 2026, 1889, 1882, 1828, 1681, 1497, 1491, 1461, 1443, 1420, 1369, 1299, 1246, 978, 948, 920, 851, 801, 772, 745, 486, 458, 442, 433, 428, 64, 54, 15, 8]",221.51,80.0,0.558913342069226,0.3232060424944885,1099.0000000000002,0.0
"[8467, 8135, 7445, 7115, 5563, 5064, 4499, 3854, 3490, 3374, 3023, 2488, 2479, 2433, 2377, 2324, 2180, 1556, 1491, 1484, 1443, 1420, 1299, 1206, 951, 772, 734, 627, 529, 527, 458, 442, 433, 416, 150, 144, 67, 26, 15, 8]",169.07,40.0,0.5963048895849851,0.5309103906801005,986.0000000000001,0.0
"[8464, 8453, 8135, 8120, 7521, 6373, 5819, 4535, 4499, 4169, 3490, 3416, 3403, 3374, 3130, 2180, 2134, 2126, 2030, 2011, 1873, 1687, 1582, 1556, 1546, 1420, 1369, 1332, 1246, 1231, 1128, 1013, 951, 880, 851, 824, 772, 734, 618, 614, 600, 596, 590, 582, 442, 433, 386, 310, 277, 224, 220, 214, 208, 202, 200, 190, 86, 62, 58, 54, 38, 15, 8]",257.04,63.0,0.5603721178331266,0.5497876727672625,1881.0,0.0
"[8464, 7445, 7439, 7167, 4499, 4395, 3854, 3490, 3374, 2324, 2180, 1873, 1697, 1687, 1556, 1420, 1332, 1299, 1231, 1128, 1109, 920, 851, 824, 772, 734, 596, 582, 442, 416, 407, 277, 224, 220, 214, 208, 202, 200, 190, 173, 171, 150, 86, 54, 15, 8, 1]",218.52,47.0,0.5675681001867051,0.5701645774569849,1511.0000000000002,0.9999999999999998
"[8464, 8462, 4499, 3227, 2482, 2180, 1687, 1420, 920, 277, 15, 8]",85.19,11.999999999999998,0.6955963919253528,0.7298843368244288,455.99999999999994,0.0
"[8462, 7445, 7318, 4499, 3227, 2354, 2180, 1698, 1687, 1681, 1556, 1420, 1184, 920, 824, 772, 277, 58, 54, 35, 15]",122.54,20.999999999999996,0.652069918557616,0.6242017571744879,664.0,0.0
"[8462, 8161, 8135, 8120, 8119, 7676, 7521, 7445, 7167, 7143, 6439, 6073, 5595, 5563, 5094, 5054, 4905, 4535, 4499, 4455, 4437, 4064, 3949, 3948, 3490, 3445, 3227, 3044, 3037, 2818, 2499, 2488, 2479, 2433, 2400, 2324, 2180, 2028, 2026, 1889, 1882, 1828, 1698, 1687, 1681, 1556, 1497, 1491, 1461, 1443, 1420, 1369, 1184, 1022, 978, 948, 920, 851, 824, 772, 486, 458, 442, 433, 428, 277, 202, 58, 54, 35, 15]",230.88,71.0,0.5588296416542434,0.3826277453713114,1309.0,0.0
"[8455, 8397, 8307, 7895, 7756, 7752, 7445, 7439, 7371, 7318, 6439, 6380, 6373, 6256, 5705, 4905, 4875, 4692, 4688, 4499, 4437, 4315, 3876, 3787, 3738, 3524, 3310, 3063, 2433, 2324, 2180, 1828, 1681, 1420, 1369, 1299, 1246, 1184, 920, 851, 801, 772, 745, 627, 416, 171, 64, 54, 15, 8]",162.23,50.0,0.6006444961667301,0.4003250357982835,803.0,0.0
"[8464, 8437, 8397, 8135, 8120, 8119, 8102, 7895, 7445, 7439, 6073, 5934, 5563, 5048, 4535, 4499, 3854, 3490, 3374, 3227, 2499, 2488, 2479, 2433, 2324, 2180, 1873, 1698, 1697, 1687, 1598, 1497, 1491, 1461, 1443, 1420, 1332, 1299, 1246, 1231, 1184, 978, 951, 948, 920, 851, 824, 772, 734, 527, 458, 442, 433, 428, 416, 407, 306, 294, 290, 277, 233, 231, 224, 220, 214, 208, 202, 200, 190, 173, 171, 150, 62, 54, 32, 31, 15, 14, 8]",279.01,79.0,0.5428858991567931,0.44871097579559904,2018.9999999999998,0.0
"[8467, 8464, 8449, 8447, 7445, 7439, 7273, 7167, 5795, 4499, 4478, 4477, 4476, 4475, 4472, 4469, 4395, 3854, 3490, 3374, 3368, 3227, 2926, 2782, 2479, 2324, 2180, 2028, 1873, 1872, 1698, 1697, 1687, 1556, 1443, 1420, 1403, 1369, 1332, 1324, 1296, 1277, 1231, 1184, 1128, 1109, 1022, 1013, 978, 951, 920, 851, 824, 808, 772, 734, 596, 582, 458, 442, 433, 416, 407, 386, 370, 290, 277, 240, 233, 231, 224, 220, 214, 208, 202, 200, 190, 173, 171, 163, 162, 155, 150, 86, 54, 15, 8, 1]",320.07,88.0,0.55582747439276,0.577014158167248,2585.0,0.0
"[8464, 8437, 8397, 8161, 8135, 8120, 8119, 7895, 7445, 7439, 7143, 6073, 5934, 5595, 5563, 5094, 5048, 4535, 4499, 4064, 3854, 3490, 3374, 3227, 3044, 3037, 2499, 2488, 2479, 2433, 2324, 2180, 2026, 1873, 1698, 1697, 1687, 1598, 1497, 1491, 1461, 1443, 1420, 1332, 1299, 1246, 1231, 1184, 978, 951, 948, 920, 851, 824, 772, 734, 527, 458, 433, 428, 416, 407, 306, 294, 290, 277, 233, 231, 224, 220, 214, 208, 202, 200, 190, 173, 171, 150, 62, 54, 35, 32, 31, 15, 14, 8]",292.0799999999999,86.0,0.5255714246429803,0.40707064203361476,2079.0,0.0
"[8161, 7676, 7167, 7143, 5831, 5828, 5595, 5094, 4905, 4499, 4064, 3044, 3037, 2842, 2180, 2028, 1687, 1546, 1497, 1420, 1369, 1128, 1022, 936, 920, 486, 419, 306, 277, 15, 8]",123.16,31.000000000000004,0.6262088974562338,0.503495095399919,644.0000000000001,0.9999999999999998
"[8464, 8437, 8397, 8161, 8135, 8120, 8119, 7895, 7445, 7439, 6073, 5934, 5595, 5563, 5048, 4535, 4499, 4064, 3854, 3490, 3374, 3227, 3037, 2499, 2488, 2479, 2433, 2324, 2180, 1873, 1698, 1697, 1687, 1598, 1497, 1491, 1461, 1443, 1420, 1332, 1299, 1246, 1231, 1184, 978, 951, 948, 920, 851, 824, 772, 734, 527, 458, 442, 433, 428, 407, 306, 294, 290, 277, 233, 231, 224, 220, 214, 208, 202, 200, 190, 173, 171, 150, 62, 54, 35, 32, 31, 15, 14, 8]",283.79,82.0,0.5376036269495683,0.4403157348259594,2062.0,0.0
"[2180, 529, 382, 15]",28.110000000000003,4.000000000000003,0.7290087657265413,0.7730845035858718,150.0,0.9999999999999998
"[8464, 8307, 7756, 7445, 6696, 6380, 6373, 6256, 5795, 5705, 4782, 4692, 4688, 4499, 3854, 3490, 3310, 3227, 3096, 3063, 2433, 2324, 2180, 1928, 1873, 1716, 1687, 1546, 1443, 1420, 1305, 1231, 1042, 920, 906, 851, 798, 772, 745, 734, 627, 600, 553, 428, 416, 299, 290, 277, 214, 208, 202, 190, 173, 171, 165, 141, 54, 35, 15, 14, 8]",236.15,61.0,0.5670018973453466,0.47222047159486524,1582.0,0.0
"[8467, 8464, 8449, 8447, 4499, 4494, 4478, 4477, 4475, 4472, 4469, 3490, 3374, 3368, 3227, 2926, 2786, 2180, 2134, 2126, 1873, 1872, 1698, 1697, 1687, 1582, 1556, 1534, 1420, 1369, 1332, 1324, 1296, 1277, 1231, 1184, 1128, 951, 920, 851, 824, 808, 772, 734, 627, 614, 600, 596, 590, 582, 527, 442, 433, 416, 407, 386, 382, 370, 277, 240, 233, 231, 224, 220, 214, 208, 202, 200, 190, 173, 171, 163, 162, 150, 144, 86, 73, 62, 54, 38, 35, 32, 30, 26, 15, 14, 8]",324.13,87.0,0.5612964488187469,0.6380577418621237,2923.0,0.9999999999999998
"[8462, 8397, 8255, 7895, 7756, 7722, 7445, 7439, 7371, 7318, 5934, 5705, 4692, 4688, 4499, 4315, 4250, 4169, 3787, 3738, 3374, 3227, 3044, 2479, 2324, 2180, 2026, 1873, 1846, 1687, 1681, 1614, 1582, 1556, 1420, 1369, 1332, 1299, 1246, 1231, 1184, 1128, 951, 920, 851, 824, 811, 772, 627, 614, 600, 442, 433, 416, 407, 277, 233, 231, 224, 214, 208, 202, 200, 194, 190, 173, 172, 171, 155, 150, 58, 54, 15, 8]",260.6,74.0,0.5457528358026449,0.42917136614272855,1739.0000000000002,0.0
"[4486, 930, 15]",25.15,3.0000000000000018,0.7809252513437559,0.7966890355909458,99.00000000000017,0.9999999999999998
"[8464, 4499, 2868, 2180, 1420, 26, 15, 8]",65.75,7.999999999999995,0.7232974430162245,0.7474469342170681,299.00000000000017,0.9999999999999998
"[8464, 8437, 8397, 8288, 8120, 8119, 7895, 7530, 7445, 7371, 6245, 6073, 5934, 5813, 5795, 5563, 4535, 4499, 3937, 3787, 3490, 3374, 2488, 2479, 2433, 2347, 2180, 1873, 1828, 1687, 1461, 1443, 1420, 1369, 1332, 1299, 1231, 951, 948, 920, 851, 824, 794, 772, 734, 691, 527, 442, 433, 428, 416, 407, 310, 294, 290, 233, 231, 224, 220, 214, 208, 202, 200, 190, 173, 171, 165, 40, 15, 1]",254.99000000000004,70.0,0.5616318091103176,0.45580000498991935,1662.9999999999998,0.0
"[8464, 7439, 4499, 3490, 3374, 2180, 2134, 2126, 1873, 1697, 1687, 1591, 1582, 1420, 1332, 1231, 1128, 920, 851, 824, 772, 734, 627, 614, 600, 596, 590, 582, 553, 527, 442, 416, 407, 277, 224, 220, 214, 208, 202, 200, 190, 171, 150, 144, 86, 73, 62, 54, 38, 35, 32, 31, 15, 14, 8]",246.6,55.0,0.5658438959379,0.6186827534779595,1932.0,0.9999999999999998
"[8307, 6256, 5098, 4509, 4492, 4054, 3490, 3063, 2479, 2450, 2180, 2003, 1443, 627, 433, 416, 382, 15]",73.27,18.000000000000004,0.6876343748627223,0.6075520990324761,361.00000000000006,0.9999999999999998
"[8464, 7445, 6696, 5795, 4782, 4499, 3854, 3490, 3374, 3227, 3096, 2433, 2324, 2180, 2134, 2126, 1873, 1716, 1687, 1582, 1546, 1443, 1420, 1332, 1305, 1231, 1128, 1042, 951, 920, 906, 851, 824, 798, 772, 734, 614, 600, 596, 553, 442, 433, 428, 416, 299, 290, 277, 224, 220, 214, 208, 202, 200, 190, 173, 171, 165, 141, 86, 54, 35, 15, 14, 8]",269.56,64.0,0.5471497733777316,0.5493550679314506,2031.0,0.0
"[8464, 7676, 7445, 7439, 7167, 7143, 5101, 5094, 4499, 4316, 3854, 3490, 2324, 2180, 2028, 2026, 1697, 1556, 1443, 1420, 1299, 1184, 920, 824, 772, 486, 407, 290, 277, 162, 150, 54, 35, 15, 8]",161.62,35.0,0.6105012545209338,0.5528751054979203,921.0000000000002,0.9999999999999998
"[8464, 7445, 7003, 6766, 5185, 4965, 4499, 3327, 3227, 2324, 2214, 2180, 1687, 1556, 1420, 920, 824, 277, 58, 54, 35, 15, 8]",120.92,22.999999999999996,0.6490891681121017,0.5978319178407016,689.0,0.9999999999999998
"[8464, 8453, 8437, 8397, 8161, 8135, 8120, 8119, 7895, 7445, 7371, 7143, 6696, 6245, 6073, 5934, 5795, 5595, 5563, 4535, 4499, 4478, 4477, 4476, 4472, 4185, 4064, 3854, 3787, 3490, 3374, 3044, 3037, 2748, 2650, 2499, 2488, 2479, 2433, 2324, 2180, 2028, 1873, 1556, 1546, 1497, 1491, 1461, 1443, 1420, 1369, 1332, 1299, 1231, 1022, 1013, 978, 951, 948, 920, 851, 824, 772, 734, 538, 486, 458, 442, 433, 428, 416, 407, 386, 294, 290, 277, 233, 231, 224, 220, 214, 208, 202, 200, 190, 173, 171, 165, 62, 54, 35, 31, 15, 8]",307.0,94.0,0.5587562719789512,0.4265127433073066,2209.0,0.9999999999999998
"[8464, 7445, 7439, 4499, 4395, 3854, 3490, 3374, 2324, 2180, 1697, 1687, 1556, 1420, 1403, 1332, 1251, 1231, 1109, 920, 824, 772, 582, 442, 407, 277, 208, 202, 200, 190, 173, 171, 150, 54, 15, 8, 1]",174.54,37.0,0.6011093263790046,0.5768075026327415,1117.0,0.9999999999999998
"[8462, 8397, 8307, 8255, 7895, 7756, 7445, 7371, 7318, 6380, 6373, 6256, 5705, 4782, 4692, 4688, 4499, 4315, 4250, 4169, 3787, 3738, 3310, 3227, 3063, 2324, 2180, 1873, 1846, 1687, 1681, 1614, 1556, 1420, 1246, 1231, 1184, 920, 851, 745, 734, 627, 600, 529, 416, 277, 214, 208, 202, 194, 190, 173, 172, 155, 150, 58, 54, 15, 8]",209.87,59.00000000000001,0.5786319569444073,0.40550956872526966,1244.0000000000002,0.0
"[4486, 15]",24.3,2.000000000000001,0.777505581267128,0.8170472826337538,91.00000000000011,0.9999999999999998
"[8464, 8307, 7756, 7445, 7439, 6777, 6380, 6373, 6256, 5705, 4692, 4688, 4499, 3490, 3310, 3227, 3063, 2433, 2324, 2180, 1928, 1873, 1698, 1697, 1687, 1685, 1556, 1420, 1299, 1231, 1184, 920, 880, 851, 772, 745, 734, 627, 600, 590, 527, 416, 407, 277, 214, 208, 202, 190, 173, 171, 163, 150, 73, 64, 62, 54, 38, 35, 32, 31, 15, 8]",240.82,62.0,0.5544635993300193,0.4739366637937905,1698.0,0.9999999999999998
"[8592, 8307, 8161, 7676, 7445, 7318, 7294, 7143, 6787, 6470, 5595, 5282, 5254, 5094, 5054, 4631, 4499, 4250, 4064, 3819, 3596, 3227, 3090, 3044, 3037, 2868, 2656, 2433, 2324, 2028, 2026, 1873, 1781, 1698, 1582, 1497, 1491, 1246, 1201, 920, 851, 825, 824, 689, 627, 428, 407, 370, 290, 277, 220, 172, 35, 31, 4]",172.39,55.0,0.5820393900232596,0.37789256626146805,892.0,0.0
"[8397, 8255, 7752, 7445, 7371, 7318, 5705, 4499, 4250, 4169, 3787, 3738, 3227, 2433, 2324, 2180, 1846, 1687, 1681, 1614, 1556, 1420, 920, 772, 416, 246, 194, 172, 155, 150, 64, 15, 8]",128.09,33.0,0.6234442100018845,0.49883972787697206,649.0000000000002,0.9999999999999998
"[8464, 7756, 7444, 7439, 6696, 5934, 5795, 5705, 4782, 4692, 4688, 4499, 3854, 3490, 3374, 3227, 3096, 3044, 2479, 2433, 2324, 2180, 2026, 1873, 1716, 1687, 1582, 1546, 1443, 1420, 1369, 1332, 1305, 1299, 1231, 1128, 1042, 951, 920, 906, 851, 824, 811, 798, 772, 627, 614, 600, 553, 442, 433, 428, 416, 299, 290, 277, 233, 231, 224, 214, 208, 202, 200, 190, 173, 171, 165, 141, 54, 35, 15, 14, 8]",277.02,73.0,0.5427726551566424,0.48062076702438783,2029.0,0.0
"[8572, 8307, 8176, 8135, 7895, 7521, 7445, 7371, 7115, 6997, 6905, 6858, 6855, 6439, 6373, 6256, 6254, 5813, 5064, 4898, 4535, 4486, 4414, 4315, 3948, 3787, 3703, 3490, 3416, 3327, 3310, 3273, 3236, 3227, 3023, 2942, 2811, 2770, 2387, 2374, 2324, 2030, 1846, 1828, 1491, 1484, 1369, 1274, 1246, 1235, 1201, 1013, 977, 883, 830, 745, 627, 618, 400, 172, 163, 15]",152.03,62.0,0.6023315063171324,0.33996157021124396,656.9999999999999,0.9999999999999998
"[8464, 7756, 7444, 6696, 5934, 5795, 5705, 4782, 4692, 4688, 4499, 3854, 3490, 3374, 3227, 3096, 3044, 2479, 2433, 2324, 2180, 1873, 1716, 1687, 1582, 1546, 1443, 1420, 1332, 1305, 1299, 1231, 1138, 1128, 1042, 951, 920, 906, 851, 824, 811, 798, 772, 627, 614, 600, 553, 442, 433, 428, 416, 299, 290, 277, 224, 214, 208, 202, 190, 173, 171, 165, 141, 54, 35, 15, 14, 8]",265.62,68.0,0.5503008814538778,0.4916882472828302,1890.9999999999998,0.0
"[8464, 7756, 7445, 7439, 6696, 5934, 5795, 5705, 5563, 4688, 4499, 3854, 3490, 3374, 3227, 3096, 2488, 2479, 2433, 2324, 2180, 1911, 1846, 1697, 1687, 1582, 1546, 1443, 1420, 1332, 1305, 1299, 1231, 1042, 978, 951, 920, 906, 824, 811, 798, 772, 553, 458, 442, 433, 428, 416, 407, 299, 290, 277, 208, 202, 200, 190, 173, 171, 165, 141, 54, 35, 15, 14, 8]",251.77,65.0,0.5661286991940426,0.48401504263367123,1724.9999999999998,0.0
"[8464, 8397, 8255, 7445, 7439, 7371, 5705, 4499, 4316, 4250, 4169, 3854, 3787, 3227, 2324, 2180, 1846, 1687, 1614, 1556, 1420, 1299, 920, 772, 416, 407, 277, 194, 172, 150, 15, 8]",135.6,32.00000000000001,0.6391117124459127,0.5347449886095846,712.9999999999998,0.9999999999999998
"[8462, 7445, 7318, 4499, 3227, 2180, 1769, 1687, 1681, 1420, 920, 772, 277, 35, 15]",85.69,15.000000000000002,0.6837354508488268,0.6609554715812869,461.00000000000006,0.9999999999999998
"[4692, 3295, 3190, 1873, 1464, 1369, 1152, 851, 772, 600, 233, 231]",48.77,11.999999999999998,0.6609689128452387,0.6640770133592843,275.0,0.9999999999999998
"[7338, 2433, 1299, 772]",14.61,4.000000000000003,0.774447065712397,0.7641300786393277,66.00000000000011,2.0
"[8464, 7445, 6373, 4499, 3490, 3227, 3131, 2324, 2180, 2011, 1698, 1697, 1687, 1685, 1556, 1546, 1420, 1369, 1299, 1184, 920, 880, 824, 772, 745, 627, 416, 407, 386, 277, 171, 163, 150, 64, 62, 54, 38, 35, 32, 31, 15, 8]",199.03,42.0,0.5871494179806478,0.5646077307568288,1361.0000000000002,0.9999999999999998
"[8464, 7445, 6696, 5795, 4782, 4499, 3854, 3490, 3374, 3227, 3096, 2433, 2324, 2180, 2134, 2126, 1873, 1716, 1687, 1582, 1546, 1443, 1420, 1332, 1305, 1231, 1042, 951, 920, 906, 851, 824, 798, 772, 596, 561, 553, 442, 433, 428, 416, 299, 290, 277, 214, 208, 202, 200, 173, 171, 165, 141, 54, 35, 15, 14, 8]",241.95,57.00000000000001,0.568057819265863,0.5487952724490516,1743.0,0.9999999999999998
"[7445, 7318, 7167, 7143, 7105, 5101, 5094, 4499, 3738, 3490, 2433, 2324, 2180, 2028, 2026, 1697, 1681, 1556, 1443, 1420, 1184, 920, 824, 772, 486, 290, 246, 162, 155, 150, 64, 54, 35, 15, 8]",151.49,35.0,0.5967824514261608,0.5438449558694303,856.9999999999999,0.9999999999999998
"[8462, 8397, 8307, 8120, 8119, 7756, 7447, 7445, 7371, 7318, 7143, 6087, 6073, 5795, 5563, 5094, 4692, 4688, 4535, 4499, 4455, 4250, 3949, 3876, 3787, 3490, 3227, 2324, 2180, 2142, 1873, 1698, 1697, 1687, 1681, 1556, 1461, 1231, 1184, 948, 920, 851, 772, 627, 433, 416, 290, 277, 266, 208, 202, 155, 150, 61, 58, 54, 35, 15]",205.89,58.00000000000001,0.575744364242236,0.4340390588665626,1168.0,0.9999999999999998
"[8464, 8453, 8437, 8397, 8288, 8161, 8135, 8120, 8119, 7895, 7676, 7521, 7445, 7439, 7371, 7143, 7115, 6245, 6073, 5934, 5813, 5795, 5595, 5563, 5101, 5094, 5064, 4535, 4499, 4489, 4185, 4064, 3979, 3787, 3493, 3490, 3374, 3044, 3037, 3023, 2786, 2650, 2499, 2488, 2479, 2433, 2324, 2180, 2028, 2026, 2001, 1966, 1873, 1828, 1809, 1546, 1497, 1491, 1484, 1461, 1443, 1420, 1369, 1332, 1299, 1231, 978, 951, 948, 920, 851, 824, 772, 734, 691, 486, 458, 442, 433, 428, 416, 407, 310, 294, 290, 233, 231, 224, 220, 214, 208, 202, 200, 190, 173, 171, 62, 15]",303.41,98.0,0.538348207150774,0.35519076996653876,1852.9999999999998,0.0
"[8464, 7445, 4499, 3854, 3227, 3096, 2433, 2324, 2180, 1687, 1546, 1420, 1305, 1042, 920, 906, 824, 798, 772, 382, 277, 141, 54, 15, 14, 8]",143.94,26.0,0.6254284856566816,0.6218037306107783,859.0,0.0
"[8464, 8437, 8397, 8288, 8135, 8120, 8119, 8102, 7895, 7445, 7439, 7318, 6900, 6073, 5934, 5563, 5048, 4535, 4499, 3854, 3490, 3374, 3227, 2499, 2488, 2479, 2433, 2324, 1873, 1698, 1697, 1687, 1497, 1491, 1461, 1443, 1420, 1332, 1299, 1246, 1231, 978, 951, 948, 920, 851, 824, 734, 527, 458, 442, 433, 428, 416, 407, 306, 294, 290, 277, 233, 231, 224, 220, 214, 208, 202, 200, 190, 173, 171, 150, 138, 62, 54, 40, 32, 31, 15, 1]",276.79,79.0,0.5368255600709715,0.4438861711636477,1967.0000000000002,0.9999999999999998
"[4535, 4492, 3493, 2786, 1201, 811, 15, 1]",43.97,7.999999999999995,0.7329673091019278,0.7229479160090962,202.00000000000014,0.9999999999999998
"[8464, 8449, 8447, 5831, 5595, 4905, 4499, 4494, 4478, 4477, 4475, 4472, 4469, 3490, 3374, 3368, 3227, 3090, 3037, 2926, 2842, 2180, 2134, 2126, 1873, 1872, 1698, 1697, 1687, 1582, 1534, 1497, 1420, 1369, 1332, 1324, 1296, 1277, 1231, 1184, 1128, 990, 951, 920, 851, 824, 808, 772, 734, 627, 614, 600, 596, 590, 442, 433, 419, 416, 407, 386, 370, 306, 277, 240, 233, 231, 224, 220, 214, 208, 202, 200, 190, 173, 171, 163, 162, 86, 73, 62, 54, 38, 35, 32, 30, 15, 8]",317.1,87.0,0.5537189643231301,0.5888693022083985,2697.0,0.9999999999999998
"[8464, 8307, 7445, 6964, 6373, 6338, 6256, 6254, 4499, 3703, 3490, 3376, 3327, 3310, 3227, 3131, 2811, 2324, 2180, 2011, 1698, 1697, 1687, 1685, 1556, 1546, 1420, 1369, 1299, 1184, 1013, 920, 883, 880, 824, 772, 745, 627, 416, 407, 386, 277, 171, 163, 150, 64, 62, 54, 38, 35, 32, 31, 15, 8]",219.07,54.0,0.5735879177144151,0.4686172800066706,1420.0,0.0
"[8464, 7773, 7445, 6696, 5795, 5563, 4499, 3854, 3490, 3374, 3227, 3096, 2488, 2479, 2433, 2324, 2180, 2003, 1697, 1687, 1546, 1443, 1420, 1305, 1299, 1206, 1042, 951, 920, 906, 851, 798, 772, 734, 553, 458, 442, 416, 407, 290, 277, 250, 233, 231, 224, 165, 141, 35, 15, 14, 8]",224.94,51.0,0.5605459279130556,0.5147660846837724,1466.0000000000002,0.0
"[8462, 7682, 7576, 7445, 6373, 4499, 3490, 3227, 3131, 2433, 2324, 2180, 2011, 1698, 1697, 1687, 1592, 1556, 1546, 1420, 1369, 1299, 1184, 920, 880, 824, 772, 745, 627, 527, 416, 407, 277, 172, 163, 150, 62, 58, 54, 38, 32, 31, 15, 8]",206.25999999999996,44.00000000000001,0.5792828012792977,0.5297054484094176,1340.0,0.0
"[8462, 8397, 8307, 7447, 7445, 7371, 7318, 6522, 5795, 4499, 4250, 3490, 3227, 2180, 2142, 1698, 1697, 1687, 1681, 1556, 1184, 920, 627, 416, 290, 277, 266, 202, 155, 150, 61, 58, 54, 35, 15]",155.36,35.0,0.6314713582375644,0.5512917362155869,839.9999999999999,0.9999999999999998
"[8307, 7895, 7756, 7722, 7445, 7371, 7318, 6338, 6256, 5784, 4692, 4499, 4315, 3738, 3703, 3327, 3044, 2811, 2324, 2180, 2026, 1849, 1681, 1420, 1369, 1274, 1246, 1128, 1013, 920, 883, 824, 772, 627, 614, 600, 233, 231, 224, 202, 58, 54, 35, 15, 8]",165.93,44.99999999999999,0.6026369497130409,0.4588451180729898,917.9999999999999,0.9999999999999998
"[5505, 5098, 4509, 4499, 3490, 3063, 2180, 2003, 1556, 1546, 1420, 772, 627, 416, 386, 382, 15, 8]",97.26,18.000000000000004,0.645074121706213,0.6213787425386171,533.9999999999999,0.9999999999999998
"[8464, 8397, 8255, 7752, 7445, 7371, 5705, 4499, 4250, 4169, 3787, 3227, 2433, 2324, 2180, 1846, 1687, 1614, 1609, 1420, 920, 772, 527, 416, 277, 246, 194, 172, 155, 150, 15, 14, 8]",139.3,33.0,0.6271239842792198,0.5239038655015844,738.0000000000002,0.0
"[4486, 24, 15]",31.74,3.0000000000000018,0.7681640791686913,0.8132446237794723,127.00000000000013,0.9999999999999998
"[8467, 8449, 8447, 4499, 4475, 3903, 3490, 3227, 2926, 2786, 2180, 2134, 2126, 1698, 1697, 1687, 1582, 1556, 1534, 1420, 1324, 1296, 1277, 1231, 1184, 1128, 951, 920, 824, 808, 772, 734, 627, 614, 600, 596, 590, 582, 527, 442, 433, 382, 240, 233, 231, 224, 220, 214, 208, 202, 200, 190, 173, 171, 163, 162, 150, 144, 86, 73, 62, 54, 38, 35, 32, 30, 26, 15, 14, 8]",282.14,70.0,0.5671160174294644,0.6275440922457278,2322.0,0.0
"[8307, 6256, 5394, 5098, 4509, 4499, 4054, 3063, 2450, 2180, 2003, 1681, 1420, 772, 627, 433, 382, 15, 8]",84.4,19.000000000000004,0.6794606302315829,0.6065829803225811,395.9999999999998,0.9999999999999998
"[8462, 8397, 8255, 7895, 7756, 7445, 7371, 7318, 6380, 6373, 5705, 4692, 4688, 4499, 4315, 4250, 4169, 3787, 3738, 3227, 2324, 2180, 1873, 1846, 1687, 1614, 1556, 1420, 1246, 1231, 1184, 920, 851, 772, 745, 734, 600, 416, 277, 214, 208, 202, 194, 190, 173, 172, 171, 155, 150, 58, 54, 15, 8]",201.98,53.0,0.5855789354164185,0.4345882786563866,1205.0000000000002,0.0
"[8307, 7895, 7756, 7445, 7371, 7318, 6338, 6256, 5885, 5784, 4692, 4499, 4315, 3738, 3327, 3044, 2811, 2324, 2180, 2026, 1681, 1420, 1369, 1246, 1128, 920, 824, 772, 627, 614, 600, 233, 231, 224, 214, 202, 58, 54, 35, 15, 8]",158.43,41.0,0.6019557460728364,0.483977728970999,890.9999999999998,0.9999999999999998
"[8464, 7773, 7445, 6696, 5795, 5563, 4499, 3854, 3490, 3374, 3227, 3096, 2488, 2479, 2324, 2180, 2003, 1697, 1687, 1546, 1443, 1442, 1420, 1305, 1299, 1206, 1042, 951, 920, 906, 798, 772, 734, 553, 458, 442, 416, 407, 290, 277, 250, 233, 231, 224, 165, 141, 35, 26, 15, 14, 8]",225.17,51.0,0.5632440319839875,0.5262271703880288,1473.9999999999998,0.9999999999999998
"[7338, 2433, 1299, 900, 772, 734]",21.01,6.000000000000004,0.7338188900042024,0.7274401446789983,108.00000000000006,2.0
"[8455, 8307, 7895, 7445, 7439, 7371, 7318, 6380, 6373, 6256, 4875, 4782, 4688, 4499, 4315, 3787, 3738, 3490, 3374, 2433, 2324, 2180, 2134, 2126, 1959, 1873, 1716, 1681, 1582, 1443, 1420, 1332, 1246, 1231, 1128, 951, 920, 851, 824, 772, 745, 734, 614, 600, 596, 553, 442, 433, 428, 299, 224, 220, 214, 208, 202, 200, 190, 173, 171, 86, 64, 54, 15, 8]",240.35,64.0,0.5369644231787083,0.4477216477168686,1603.0,0.0
"[6256, 5098, 2180, 1687, 1681, 1420, 824, 772, 15, 8]",54.4,9.999999999999996,0.6847129608426195,0.701126033043895,294.99999999999994,0.9999999999999998
"[8462, 7676, 7445, 7318, 7167, 4499, 4250, 3738, 3227, 2324, 2180, 2136, 1846, 1687, 1556, 1184, 1022, 936, 920, 772, 416, 277, 173, 172, 171, 155, 150, 58, 54, 15, 8]",146.67,31.000000000000004,0.6262325588631292,0.5691750296368417,790.9999999999998,0.0
"[8464, 7445, 6696, 5795, 5070, 4782, 4499, 3854, 3490, 3374, 3227, 3161, 3096, 2963, 2724, 2433, 2425, 2324, 2180, 2134, 2126, 1873, 1716, 1687, 1582, 1546, 1443, 1420, 1332, 1305, 1231, 1042, 951, 920, 906, 851, 824, 798, 772, 561, 553, 442, 433, 428, 416, 299, 290, 208, 202, 200, 173, 165, 141, 54, 35, 15, 14, 8]",237.03,58.00000000000001,0.5607152927455852,0.5149886223071063,1650.0000000000002,0.0
"[8467, 8397, 8307, 7895, 7756, 7752, 6380, 6373, 6256, 5705, 4692, 4499, 4315, 3787, 3310, 3227, 3063, 2786, 2180, 1698, 1687, 1556, 1534, 1420, 1246, 1184, 951, 920, 772, 745, 627, 590, 527, 416, 382, 171, 163, 150, 144, 73, 62, 54, 38, 32, 30, 26, 15, 14]",192.67,48.0,0.592298371530615,0.49400622195400845,1205.0000000000002,0.0
"[8464, 7445, 6787, 5168, 4499, 3854, 3227, 3096, 2433, 2324, 1687, 1546, 1420, 1305, 1042, 920, 906, 824, 798, 382, 277, 141, 54, 15, 14, 8, 4]",139.39,27.0,0.6340447631806471,0.6131979201773565,830.0000000000001,0.9999999999999998
"[7521, 6918, 6373, 5168, 4711, 3227, 3180, 2433, 2180, 2026, 1420, 1369, 1246, 1128, 976, 920, 824, 798, 772, 745, 382, 233, 220, 144, 67, 54, 15, 8]",125.76,28.0,0.5817679190223474,0.5644491497252198,732.0000000000002,0.9999999999999998
"[8492, 8455, 8307, 8161, 7895, 7814, 7676, 7647, 7521, 7445, 7439, 7432, 7371, 7318, 7309, 7241, 7159, 7143, 6997, 6439, 6380, 6373, 6256, 5911, 5595, 5568, 5565, 5264, 5252, 4898, 4875, 4688, 4584, 4536, 4315, 4250, 4169, 4064, 3948, 3876, 3854, 3848, 3787, 3738, 3538, 3416, 3310, 3227, 3037, 2942, 2830, 2433, 2387, 2374, 2324, 1846, 1828, 1799, 1687, 1681, 1546, 1497, 1491, 1468, 1246, 1231, 1184, 1022, 977, 801, 734, 627, 566, 515, 486, 370, 364, 325, 310, 299, 277, 214, 208, 190, 173, 172, 171, 155, 150, 54]",216.32,90.0,0.5575094248897602,0.3117921540055134,1078.0,0.0
"[8464, 7445, 7439, 4499, 4395, 3854, 3490, 3374, 3227, 2324, 2180, 1697, 1687, 1556, 1420, 1403, 1332, 1109, 920, 824, 772, 582, 442, 425, 407, 277, 200, 190, 173, 171, 150, 54, 15, 8, 1]",173.51,35.0,0.5903408103653035,0.5789210494074987,1071.0000000000002,0.0
"[8462, 7773, 7445, 7318, 6696, 5795, 5563, 4499, 4250, 3738, 3490, 3374, 3227, 2488, 2479, 2324, 2180, 2003, 1697, 1687, 1556, 1443, 1442, 1299, 1206, 1184, 951, 920, 798, 772, 734, 553, 458, 442, 416, 407, 290, 277, 250, 233, 231, 224, 172, 171, 165, 155, 150, 35, 15, 8]",216.09,50.0,0.5763876058070018,0.522826205307909,1318.9999999999998,0.0
"[8464, 8307, 8288, 7756, 7445, 7368, 7318, 6900, 6777, 6380, 6373, 6256, 5705, 5054, 4692, 4688, 4499, 4250, 3490, 3310, 3227, 3063, 2324, 1873, 1698, 1697, 1687, 1685, 1556, 1299, 1231, 1184, 920, 880, 851, 745, 734, 627, 600, 590, 527, 416, 407, 277, 214, 208, 202, 190, 173, 171, 163, 150, 73, 64, 62, 54, 40, 38, 35, 32, 31, 15, 1]",240.81,63.0,0.5698104228433052,0.4720281164549909,1633.0000000000002,0.0
"[8464, 7445, 5795, 4782, 4723, 4499, 3854, 3490, 3374, 3227, 3096, 2963, 2724, 2433, 2324, 2180, 1716, 1687, 1582, 1546, 1443, 1420, 1332, 1305, 1042, 951, 920, 906, 798, 772, 561, 553, 442, 433, 428, 416, 299, 290, 173, 165, 141, 54, 35, 15, 14, 8]",206.91,45.99999999999999,0.5735941822150423,0.5373821708038299,1345.0,0.0
"[8462, 7445, 7318, 5716, 4499, 3227, 2180, 1698, 1687, 1681, 1556, 1420, 1184, 920, 824, 772, 277, 54, 35, 15]",115.57,19.999999999999993,0.6582333265545125,0.6249600523074624,622.0000000000001,0.0
"[6696, 5795, 4782, 4499, 3490, 3374, 3227, 2433, 2134, 2126, 1873, 1716, 1687, 1582, 1556, 1534, 1443, 1420, 1332, 1231, 1022, 951, 920, 851, 824, 772, 600, 596, 590, 582, 561, 553, 527, 442, 433, 428, 299, 290, 214, 208, 202, 200, 173, 171, 165, 86, 73, 62, 54, 38, 35, 32, 30, 26, 15, 14, 8]",242.65,57.00000000000001,0.5510759152549163,0.6060453570311768,1912.9999999999998,0.0
"[8464, 8437, 8397, 8288, 8161, 8120, 8119, 7895, 7676, 7445, 7439, 7371, 7318, 7167, 7143, 7115, 6787, 6245, 6073, 5934, 5813, 5795, 5595, 5563, 5282, 5252, 5101, 5094, 5064, 4535, 4499, 4489, 4250, 4064, 3979, 3787, 3490, 3374, 3044, 3037, 3023, 2650, 2499, 2488, 2479, 2433, 2324, 2180, 2028, 2026, 2001, 1966, 1873, 1829, 1828, 1809, 1497, 1491, 1484, 1461, 1443, 1420, 1369, 1332, 1299, 1231, 978, 951, 948, 920, 851, 824, 772, 734, 691, 486, 458, 442, 433, 428, 416, 407, 310, 294, 290, 233, 231, 224, 220, 214, 208, 202, 200, 190, 173, 172, 171, 4]",292.48,98.0,0.5347400836336161,0.3385856143414574,1718.9999999999998,0.0
"[7895, 7338, 5004, 2433, 1299, 772, 734, 614, 172]",31.53,8.999999999999996,0.7050678365590801,0.6783972838689555,163.00000000000014,2.0
"[8462, 7445, 7318, 4499, 3227, 2354, 2180, 1698, 1687, 1556, 1420, 1184, 920, 772, 277, 54, 35, 15]",109.43,18.000000000000004,0.6519002588586429,0.646733709840978,599.0000000000002,0.9999999999999998
"[8454, 7445, 6311, 4910, 4499, 4489, 4395, 3854, 3490, 3377, 3374, 3310, 2532, 2180, 1697, 1687, 1556, 1420, 1403, 1251, 1231, 1128, 1109, 920, 904, 824, 419, 277, 208, 202, 200, 190, 173, 150, 54, 15, 8, 1]",174.78,38.0,0.6137228565862177,0.5737405790940314,1045.9999999999998,0.0
"[7722, 7445, 7318, 6373, 5784, 4499, 3738, 3490, 3227, 3131, 2324, 2180, 2011, 1698, 1697, 1687, 1681, 1420, 1369, 1299, 1184, 920, 880, 824, 772, 745, 627, 416, 407, 171, 163, 150, 64, 58, 54, 38, 35, 32, 31, 15, 8]",182.28,41.0,0.5856303465091031,0.5341694251516435,1162.0,0.9999999999999998
"[8462, 8161, 8135, 8120, 8119, 7676, 7521, 7445, 7167, 7143, 6439, 6073, 5595, 5563, 5094, 5054, 4905, 4535, 4499, 4455, 4437, 4064, 3949, 3948, 3490, 3445, 3227, 3044, 3037, 2818, 2499, 2488, 2479, 2433, 2400, 2324, 2028, 2026, 1889, 1882, 1828, 1698, 1687, 1681, 1556, 1497, 1491, 1464, 1461, 1443, 1369, 1184, 1022, 948, 920, 851, 824, 772, 537, 486, 458, 442, 433, 428, 277, 202, 194, 58, 54, 35, 15]",227.71,71.0,0.5588466843437357,0.3750982709175297,1246.9999999999998,0.0
"[8462, 8161, 8134, 8120, 8119, 7682, 7676, 7576, 7445, 7167, 7143, 6373, 6073, 5595, 5563, 5094, 5064, 4535, 4499, 3949, 3490, 3227, 3131, 3034, 2499, 2488, 2433, 2324, 2180, 2030, 2028, 2011, 1698, 1687, 1592, 1556, 1546, 1497, 1464, 1461, 1420, 1369, 1299, 1184, 1022, 978, 948, 923, 920, 880, 824, 772, 745, 627, 527, 486, 458, 433, 416, 407, 277, 172, 163, 150, 62, 58, 54, 38, 32, 31, 15, 8]",255.52,72.0,0.5470302361799387,0.44274298938001766,1634.0,0.0
"[8464, 8437, 8135, 8120, 8119, 7445, 7444, 7439, 6696, 6632, 6073, 5934, 5795, 5563, 4499, 3854, 3490, 3374, 3227, 3096, 2499, 2488, 2479, 2433, 2324, 2180, 1873, 1687, 1582, 1546, 1491, 1461, 1443, 1420, 1369, 1332, 1305, 1299, 1231, 1042, 978, 951, 948, 920, 906, 851, 824, 798, 772, 734, 458, 442, 433, 431, 428, 416, 407, 306, 294, 290, 277, 233, 231, 224, 220, 214, 208, 202, 190, 173, 171, 165, 141, 35, 15, 14, 8]",279.77,77.0,0.5496693282795561,0.47432653514511247,2001.0,0.0
"[8467, 8464, 8449, 8447, 7439, 7273, 5795, 4499, 4478, 4477, 4476, 4475, 4472, 4469, 3490, 3374, 3368, 3227, 2926, 2782, 2479, 2433, 2180, 2134, 2126, 2028, 1896, 1873, 1872, 1698, 1697, 1687, 1582, 1546, 1456, 1443, 1420, 1369, 1332, 1324, 1287, 1277, 1231, 1184, 1128, 1022, 1013, 978, 951, 920, 906, 851, 824, 808, 772, 734, 627, 614, 600, 596, 590, 553, 458, 442, 433, 416, 407, 386, 370, 292, 290, 277, 240, 233, 231, 224, 220, 214, 208, 202, 200, 190, 173, 171, 163, 162, 155, 150, 144, 86, 54, 8]",330.66,92.0,0.55048804448232,0.5865754685409312,2740.0,0.0
"[8466, 8307, 8288, 7756, 7445, 7368, 6900, 6777, 6380, 6373, 6256, 5705, 5054, 5048, 4692, 4688, 4499, 3490, 3310, 3227, 3063, 2324, 2180, 1873, 1698, 1697, 1687, 1598, 1299, 1231, 1184, 920, 880, 851, 772, 745, 734, 627, 600, 590, 527, 416, 407, 277, 214, 208, 202, 190, 173, 171, 150, 73, 64, 62, 54, 40, 38, 35, 32, 31, 15, 14, 8]",240.16,63.0,0.552523113159458,0.4519949869123667,1644.0000000000002,0.0
"[8464, 7445, 4499, 3490, 3227, 2324, 2180, 1698, 1697, 1687, 1685, 1556, 1546, 1420, 1299, 1184, 920, 824, 772, 416, 407, 386, 380, 277, 171, 163, 150, 54, 38, 35, 32, 31, 15, 8]",175.27,33.99999999999999,0.5963243421577937,0.6164221757326691,1167.0,0.0
"[8161, 7918, 7895, 7445, 7318, 7143, 6900, 6801, 6380, 6373, 5784, 5094, 4499, 4315, 3738, 3490, 3310, 3227, 3044, 2770, 2324, 2285, 2180, 2028, 2026, 1782, 1781, 1698, 1697, 1687, 1681, 1420, 1299, 1246, 1184, 920, 772, 745, 600, 486, 416, 407, 233, 150, 35, 31, 15, 8]",171.29,48.0,0.5769513931166874,0.46524065936909964,916.0000000000002,0.0
"[8464, 7445, 4660, 4499, 3854, 2324, 2180, 1681, 1420, 1299, 1042, 906, 772, 141, 15, 8]",87.97,16.0,0.6735074005233819,0.6522103878746519,422.00000000000006,0.9999999999999998
"[8464, 8397, 8307, 8255, 7895, 7756, 7444, 7371, 6380, 6373, 6256, 5705, 4782, 4692, 4688, 4499, 4315, 4169, 4078, 3854, 3787, 3310, 3227, 3063, 2433, 2324, 2180, 1873, 1846, 1687, 1614, 1546, 1420, 1305, 1246, 1231, 1042, 920, 906, 851, 772, 745, 734, 627, 600, 416, 277, 214, 208, 202, 194, 190, 173, 172, 171, 141, 54, 15, 14, 8]",217.61,60.00000000000001,0.5799575885885032,0.42532833133056647,1362.0,0.0
"[8464, 8437, 8397, 8288, 8161, 8135, 8120, 8119, 7895, 7445, 7439, 7371, 7143, 6245, 6073, 5934, 5813, 5795, 5595, 5563, 5094, 5048, 4535, 4499, 4185, 4064, 3854, 3787, 3490, 3374, 3365, 3044, 3037, 2650, 2499, 2488, 2479, 2433, 2324, 2180, 2026, 1873, 1497, 1491, 1461, 1443, 1420, 1332, 1299, 1246, 1231, 978, 951, 948, 920, 851, 824, 772, 734, 691, 527, 458, 433, 428, 416, 407, 306, 294, 290, 277, 233, 231, 224, 220, 214, 208, 202, 200, 190, 173, 171, 62, 54, 35, 15, 8]",280.45,86.0,0.5282789891347226,0.3581690269222213,1846.9999999999998,0.0
"[8462, 7682, 7576, 7445, 6373, 4499, 3490, 3227, 3131, 2324, 2180, 2011, 1698, 1697, 1687, 1592, 1556, 1546, 1464, 1369, 1299, 1184, 920, 880, 824, 772, 745, 627, 527, 416, 407, 277, 172, 163, 150, 62, 58, 54, 38, 32, 31, 15, 8]",202.3,43.00000000000001,0.5806755191330005,0.5301452279393182,1288.0000000000002,0.9999999999999998
"[8464, 8307, 7756, 7445, 6338, 6256, 6199, 4692, 4499, 4315, 3854, 3733, 3703, 3327, 3044, 2811, 2433, 2324, 2180, 2026, 1546, 1420, 1369, 1274, 1246, 1128, 1013, 920, 906, 883, 824, 772, 627, 614, 600, 277, 233, 231, 224, 202, 141, 54, 35, 15, 8]",184.24000000000004,44.99999999999999,0.5776847307348496,0.48346172573915525,1112.0,0.0
"[7722, 7445, 7318, 6373, 5784, 4499, 3738, 3490, 3227, 3131, 2433, 2324, 2180, 2011, 1698, 1697, 1687, 1546, 1420, 1369, 1184, 920, 880, 824, 772, 745, 627, 416, 407, 171, 163, 150, 77, 64, 58, 54, 38, 35, 32, 15, 8]",186.83,41.0,0.5789046743612105,0.5458939223843282,1190.9999999999998,0.0
"[8464, 7895, 7445, 4499, 2903, 2324, 2180, 1687, 1556, 1420, 920, 277, 15, 8]",87.79,14.0,0.6864373645821575,0.669836585486796,449.00000000000017,0.0
"[8456, 8437, 8397, 8307, 7895, 7445, 6338, 6256, 5048, 4499, 3703, 3490, 3327, 3227, 2811, 2324, 2180, 2026, 1697, 1687, 1598, 1420, 1369, 1274, 1246, 1013, 920, 883, 824, 772, 627, 527, 277, 233, 231, 224, 202, 150, 54, 35, 32, 31, 15, 14, 8]",189.99999999999997,44.99999999999999,0.5893855818200082,0.5019160370251127,1165.0,0.9999999999999998
"[8464, 8161, 8135, 8120, 8119, 7676, 7445, 7143, 6073, 5934, 5795, 5595, 5563, 5094, 4782, 4723, 4535, 4499, 4064, 3854, 3490, 3374, 3227, 3096, 3044, 3037, 2963, 2724, 2499, 2488, 2479, 2433, 2324, 2189, 2180, 2028, 2026, 1873, 1687, 1582, 1546, 1497, 1491, 1461, 1443, 1420, 1332, 1305, 1246, 1231, 1042, 978, 951, 948, 920, 906, 851, 824, 798, 772, 734, 561, 553, 458, 442, 433, 428, 416, 407, 306, 299, 294, 233, 231, 224, 220, 214, 208, 202, 200, 190, 173, 165, 141, 54, 35, 15, 14, 8]",303.51,89.0,0.5361838993517924,0.38067287012178985,2097.0,0.0
"[8592, 8307, 8161, 8135, 8120, 8119, 7676, 7445, 7318, 7294, 7143, 6787, 6470, 6073, 5595, 5563, 5282, 5254, 5094, 5054, 4631, 4535, 4499, 4250, 4064, 3819, 3596, 3227, 3090, 3044, 3037, 2868, 2656, 2499, 2488, 2433, 2324, 2028, 2026, 1873, 1698, 1582, 1497, 1491, 1461, 1246, 1201, 978, 951, 948, 920, 851, 825, 824, 689, 627, 458, 442, 433, 428, 407, 370, 290, 277, 220, 172, 35, 31, 4]",210.35,69.0,0.5537388612277094,0.358989387630118,1143.0000000000002,0.0
"[8464, 8437, 8397, 8161, 8135, 8120, 8119, 7895, 7676, 7445, 7439, 7421, 7371, 7167, 7143, 7115, 6245, 6073, 5934, 5813, 5795, 5595, 5563, 5101, 5094, 5064, 4535, 4499, 4489, 4064, 3979, 3787, 3490, 3374, 3044, 3037, 3023, 2786, 2499, 2488, 2479, 2433, 2324, 2180, 2028, 2026, 2001, 1966, 1873, 1828, 1809, 1556, 1497, 1491, 1484, 1461, 1443, 1420, 1369, 1332, 1299, 1231, 978, 951, 948, 920, 851, 824, 772, 734, 691, 527, 486, 458, 442, 433, 428, 416, 407, 382, 310, 294, 290, 233, 231, 224, 220, 214, 208, 202, 200, 190, 173, 171, 144, 62, 54, 35, 15, 8]",311.55,100.0,0.5285698165394505,0.36598276857665835,2040.9999999999998,0.9999999999999998
"[8467, 8464, 8454, 8449, 8447, 7439, 7273, 5795, 4499, 4478, 4477, 4476, 4475, 4472, 4469, 3490, 3374, 3368, 3227, 2926, 2782, 2479, 2180, 2134, 2126, 2028, 1896, 1873, 1872, 1698, 1697, 1687, 1582, 1546, 1456, 1443, 1420, 1369, 1332, 1324, 1287, 1277, 1231, 1184, 1128, 1022, 1013, 978, 951, 920, 906, 851, 824, 808, 734, 627, 614, 600, 596, 590, 553, 458, 442, 433, 416, 407, 386, 370, 292, 290, 277, 240, 233, 231, 220, 214, 208, 202, 200, 190, 173, 171, 163, 162, 155, 150, 144, 86, 54, 8, 1]",330.65,91.0,0.5572682158957024,0.6057495230592344,2731.0,0.0
"[8464, 8307, 7445, 7273, 6964, 6373, 6338, 6256, 6254, 4499, 3703, 3490, 3376, 3327, 3310, 3227, 2811, 2782, 2324, 2180, 2011, 1698, 1687, 1681, 1556, 1420, 1369, 1231, 1184, 1013, 920, 883, 880, 824, 772, 734, 627, 416, 407, 386, 277, 220, 214, 208, 202, 200, 190, 64, 62, 58, 54, 35, 15]",207.93,53.0,0.5766696385267374,0.47956384253013584,1295.9999999999998,0.0
"[8464, 8437, 8397, 8288, 8161, 8119, 7895, 7445, 7439, 7371, 7143, 6245, 5934, 5813, 5795, 5595, 5094, 4535, 4499, 4185, 4064, 3854, 3787, 3490, 3374, 3365, 3044, 3037, 2650, 2488, 2479, 2433, 2324, 2180, 2026, 1873, 1497, 1491, 1461, 1443, 1420, 1332, 1299, 1246, 1231, 951, 948, 920, 851, 824, 772, 734, 691, 527, 433, 428, 416, 407, 306, 294, 290, 277, 233, 231, 224, 220, 214, 208, 202, 200, 190, 173, 171, 62, 54, 35, 15, 8]",265.16,78.0,0.5343859964280301,0.38660271936182833,1762.0,0.0
"[8455, 8307, 8120, 8119, 7756, 7445, 7439, 6439, 6256, 6073, 5225, 4875, 4692, 4535, 4499, 4315, 3876, 3490, 3073, 3044, 2479, 2433, 2324, 2026, 1828, 1546, 1461, 1443, 1369, 1299, 1246, 1128, 948, 920, 801, 627, 614, 600, 566, 515, 433, 428, 233, 231, 224, 54]",164.01,45.99999999999999,0.5917094627356357,0.4588410700671919,886.9999999999999,0.9999999999999998
"[8462, 7445, 6373, 4499, 3490, 3227, 3131, 2433, 2324, 2180, 2011, 1697, 1687, 1592, 1556, 1546, 1420, 1369, 1299, 1184, 920, 880, 772, 745, 627, 416, 407, 305, 277, 172, 163, 150, 64, 62, 58, 54, 38, 32, 31, 15, 8]",195.04,41.0,0.5789661656835072,0.5540410688079422,1300.0,0.0
"[8466, 7756, 5705, 5054, 5048, 4499, 3490, 3227, 2324, 2180, 1698, 1697, 1687, 1598, 1184, 772, 733, 590, 527, 416, 277, 171, 150, 73, 64, 62, 40, 38, 35, 32, 31, 15, 14, 8]",162.91,33.99999999999999,0.5996944464478068,0.5994052388785098,1018.9999999999998,0.0
"[8464, 7676, 7445, 7167, 4499, 3854, 3096, 2324, 2180, 1873, 1846, 1687, 1546, 1497, 1491, 1420, 1305, 1246, 1042, 1022, 936, 906, 851, 772, 416, 277, 173, 167, 143, 141, 58, 54, 26, 15, 14, 8]",166.07,36.0,0.6193115960644991,0.5693693418275785,994.0000000000001,0.9999999999999998
"[8455, 8307, 8135, 8120, 7895, 7521, 7445, 7439, 7371, 7318, 6439, 6380, 6373, 6256, 6073, 5563, 5054, 4905, 4875, 4688, 4535, 4499, 4455, 4437, 4315, 3949, 3948, 3917, 3876, 3787, 3738, 3490, 3445, 3310, 2499, 2488, 2479, 2433, 2400, 2324, 2180, 1889, 1882, 1828, 1681, 1461, 1443, 1420, 1369, 1299, 1246, 948, 920, 851, 801, 772, 745, 458, 442, 433, 428, 64, 54, 15, 8]",192.7,65.0,0.5748340123634577,0.34317900950487656,982.0000000000003,0.9999999999999998
"[8455, 8307, 8161, 8135, 8120, 8119, 7895, 7814, 7676, 7521, 7445, 7439, 7371, 7167, 7143, 6900, 6439, 6380, 6373, 6256, 6073, 5595, 5563, 5252, 5094, 5054, 4905, 4875, 4688, 4535, 4499, 4455, 4437, 4315, 4064, 3949, 3948, 3787, 3490, 3445, 3310, 3044, 3037, 2963, 2499, 2488, 2479, 2433, 2400, 2324, 2028, 2026, 1889, 1882, 1828, 1782, 1781, 1546, 1497, 1491, 1461, 1443, 1369, 1299, 1246, 1022, 978, 948, 920, 851, 801, 745, 627, 566, 515, 486, 458, 442, 433, 428, 54]",212.94000000000003,81.0,0.5644983696028867,0.3029668994687291,1043.0000000000002,0.0
"[8464, 8255, 7444, 4499, 4169, 4078, 3854, 3542, 3227, 2433, 2324, 2180, 1846, 1687, 1614, 1546, 1497, 1491, 1420, 1305, 1246, 1042, 920, 906, 851, 772, 416, 277, 194, 173, 172, 141, 54, 15, 14, 8]",161.78,36.0,0.6169706841019803,0.561151872056045,990.9999999999998,0.9999999999999998
"[7445, 7318, 6787, 6470, 5282, 5254, 5054, 4631, 4499, 4250, 3819, 3596, 3227, 3090, 2868, 2656, 2433, 2324, 1698, 1201, 1148, 920, 825, 689, 627, 407, 277, 172, 31, 4]",95.77,30.000000000000004,0.6547859144344191,0.5091470812741005,444.99999999999994,0.9999999999999998
"[8376, 7895, 7676, 7445, 7371, 7318, 7167, 6858, 6856, 6855, 6373, 5816, 5813, 5282, 5054, 4994, 4250, 3787, 3490, 3273, 3131, 2770, 2433, 2324, 2180, 2011, 1829, 1369, 1022, 936, 880, 772, 745, 691, 627, 416, 325, 172, 64, 62]",103.23,40.0,0.5982591805702558,0.43742897857200513,508.99999999999994,0.9999999999999998
"[8492, 8455, 8307, 8161, 7895, 7814, 7676, 7647, 7521, 7445, 7439, 7432, 7371, 7318, 7309, 7241, 7159, 7143, 6997, 6439, 6380, 6373, 6256, 5911, 5595, 5568, 5264, 5252, 4898, 4875, 4688, 4584, 4536, 4315, 4250, 4169, 4064, 3948, 3876, 3854, 3848, 3787, 3738, 3538, 3416, 3310, 3227, 3037, 2942, 2830, 2433, 2374, 2324, 1846, 1828, 1799, 1687, 1681, 1546, 1497, 1491, 1468, 1246, 1231, 1184, 1022, 977, 801, 745, 734, 627, 566, 515, 486, 370, 364, 325, 310, 299, 277, 214, 208, 190, 173, 172, 171, 155, 150, 54]",214.58,89.0,0.550933179815418,0.3147194945567313,1077.0000000000002,0.9999999999999998
"[8462, 8120, 8119, 7682, 7576, 7445, 6809, 6373, 6073, 5054, 4535, 4499, 4478, 4477, 3490, 3227, 3131, 2488, 2479, 2433, 2324, 2180, 2028, 2011, 1698, 1697, 1687, 1592, 1556, 1546, 1464, 1461, 1443, 1420, 1369, 1299, 1184, 1022, 1013, 978, 951, 948, 920, 880, 824, 772, 745, 627, 527, 458, 442, 433, 428, 416, 407, 386, 277, 172, 163, 150, 62, 58, 54, 38, 32, 31, 15, 8]",263.2,68.0,0.5601725912447759,0.48714599126452396,1850.0000000000002,0.0
"[8467, 8453, 8449, 8447, 4499, 4475, 3903, 3490, 3458, 3227, 2926, 2180, 2134, 2126, 1698, 1697, 1687, 1582, 1556, 1546, 1534, 1420, 1332, 1320, 1296, 1277, 1231, 1184, 1128, 951, 920, 824, 808, 772, 734, 627, 614, 600, 596, 590, 582, 442, 240, 233, 231, 224, 220, 214, 208, 202, 200, 190, 173, 171, 163, 162, 150, 86, 73, 62, 54, 38, 35, 32, 30, 26, 15, 14, 8]",280.67,69.0,0.5785690719568571,0.6476780448133669,2279.0,0.0
"[8467, 8449, 8447, 8161, 7143, 5595, 5094, 5064, 4898, 4499, 4475, 3490, 3227, 3034, 2926, 2786, 2433, 2180, 2134, 2126, 2026, 1698, 1697, 1687, 1582, 1556, 1534, 1497, 1420, 1296, 1277, 1231, 1184, 1128, 978, 951, 920, 772, 734, 627, 614, 600, 596, 590, 582, 527, 458, 442, 433, 382, 240, 231, 224, 220, 214, 208, 202, 200, 190, 173, 171, 163, 162, 150, 144, 86, 73, 62, 54, 38, 35, 32, 30, 26, 15, 14, 8]",295.89,77.0,0.560848459524722,0.5683330214623329,2352.0,0.0
"[8437, 8397, 8288, 8161, 8120, 8119, 7895, 7676, 7445, 7371, 7167, 7143, 6824, 6245, 6073, 5813, 5795, 5595, 5563, 5094, 5048, 4535, 4499, 4185, 3854, 3787, 3490, 3365, 3044, 2650, 2499, 2488, 2324, 2180, 2026, 1781, 1497, 1461, 1420, 1299, 1246, 1231, 1022, 978, 948, 920, 824, 772, 734, 691, 527, 458, 433, 416, 407, 382, 306, 277, 233, 231, 224, 220, 214, 208, 202, 200, 173, 171, 62, 54, 35, 15, 8]",240.68,73.0,0.5458750661097427,0.40229351783100575,1507.9999999999998,0.0
"[8464, 8462, 8437, 8397, 8161, 8135, 8120, 8119, 7895, 7445, 7439, 7371, 7318, 7143, 6073, 5934, 5795, 5595, 5563, 5336, 5094, 5048, 4535, 4499, 4250, 4064, 3854, 3738, 3490, 3374, 3227, 3044, 3037, 2499, 2488, 2479, 2433, 2324, 2180, 2026, 1873, 1687, 1556, 1497, 1491, 1461, 1443, 1420, 1332, 1299, 1246, 1231, 1184, 978, 951, 948, 920, 851, 824, 798, 772, 734, 458, 433, 428, 416, 407, 306, 294, 290, 277, 233, 231, 224, 220, 214, 208, 202, 200, 190, 173, 171, 155, 150, 35, 15, 8]",288.04,87.0,0.541778593727054,0.39128836587244264,1888.0000000000002,0.0
"[8464, 7273, 5795, 4723, 4499, 3490, 3374, 3227, 2724, 2433, 2180, 2134, 2126, 1716, 1687, 1652, 1582, 1546, 1443, 1420, 1332, 1128, 951, 920, 906, 798, 772, 627, 614, 600, 596, 590, 561, 553, 442, 433, 428, 416, 299, 290, 173, 165, 86, 54, 35, 8]",208.8,45.99999999999999,0.5601980170788332,0.5747884723554558,1437.0,0.0
"[8466, 8447, 5048, 4499, 4475, 3903, 3490, 3458, 3227, 2926, 2324, 2180, 2134, 2126, 1698, 1697, 1687, 1598, 1582, 1556, 1534, 1332, 1320, 1277, 1231, 1184, 1128, 951, 920, 824, 808, 772, 734, 627, 614, 600, 596, 590, 582, 533, 442, 277, 240, 233, 231, 224, 220, 214, 208, 202, 200, 190, 173, 171, 163, 162, 150, 86, 73, 62, 54, 40, 38, 35, 32, 30, 26, 15, 14, 8]",276.21,70.0,0.5739918917682536,0.6017280090138968,2227.0,0.0
"[7676, 7445, 7167, 4499, 3854, 3096, 2607, 2324, 2180, 1873, 1846, 1687, 1556, 1497, 1491, 1420, 1305, 1246, 1042, 1022, 936, 906, 851, 772, 527, 416, 277, 173, 167, 143, 141, 58, 54, 26, 15, 14, 8]",166.08000000000004,37.0,0.6116638819890774,0.5519538679193494,999.0000000000002,0.9999999999999998
"[8466, 8437, 8135, 8120, 8119, 7445, 7439, 6696, 6632, 6073, 5934, 5795, 5563, 5054, 5048, 4499, 3490, 3374, 3227, 2499, 2488, 2479, 2324, 2180, 1903, 1873, 1698, 1697, 1687, 1598, 1582, 1491, 1461, 1443, 1369, 1332, 1299, 1231, 1184, 978, 951, 948, 920, 851, 824, 798, 772, 734, 458, 442, 433, 431, 428, 416, 407, 306, 294, 290, 277, 233, 231, 224, 220, 214, 208, 202, 190, 173, 171, 165, 40, 38, 35, 32, 31, 15, 14, 8]",278.82,78.0,0.5461026733711151,0.46030571701895595,1993.9999999999998,0.0
"[8397, 7756, 7445, 7371, 7287, 6380, 6373, 5705, 4898, 4692, 4688, 4486, 4236, 3787, 3703, 3227, 2811, 2324, 2142, 1873, 1846, 1759, 1633, 1614, 1274, 1246, 1235, 1231, 851, 801, 745, 734, 627, 600, 220, 214, 208, 172, 163, 86, 58, 24, 15]",152.96,43.00000000000001,0.5921591915607387,0.4522524059557085,836.9999999999999,0.9999999999999998
"[8467, 8464, 8454, 8449, 8447, 7722, 7439, 7318, 7273, 5795, 5282, 4499, 4478, 4477, 4476, 4475, 4472, 4469, 4250, 3490, 3374, 3368, 3227, 2926, 2782, 2479, 2433, 2180, 2028, 1896, 1873, 1872, 1829, 1698, 1697, 1687, 1456, 1443, 1420, 1369, 1332, 1324, 1287, 1277, 1231, 1184, 1128, 1022, 1013, 978, 951, 920, 906, 851, 824, 808, 734, 627, 614, 600, 458, 442, 433, 416, 407, 386, 370, 292, 290, 277, 240, 233, 231, 220, 214, 208, 202, 200, 190, 173, 171, 163, 162, 155, 144, 86, 55, 54, 38, 32, 4]",325.81,91.0,0.5525403031334927,0.5893717049097291,2569.0,0.0
"[8462, 8161, 8120, 8119, 7918, 7895, 7676, 7445, 7167, 7143, 6900, 6824, 6439, 6380, 6373, 6073, 5595, 5563, 5094, 5064, 4535, 4499, 4437, 4315, 3949, 3490, 3310, 3227, 3044, 3034, 2818, 2770, 2499, 2488, 2324, 2285, 2030, 2028, 2026, 1882, 1828, 1781, 1698, 1687, 1681, 1556, 1497, 1464, 1461, 1398, 1369, 1246, 1184, 1022, 978, 948, 920, 851, 824, 772, 745, 627, 600, 537, 486, 458, 433, 277, 233, 202, 58, 54, 35, 15]",233.97000000000003,74.0,0.562311876599281,0.38458126482456234,1293.0,0.9999999999999998
"[8462, 7682, 7576, 7445, 4499, 3227, 2324, 2180, 1697, 1687, 1556, 1546, 1464, 920, 772, 588, 527, 407, 277, 150, 32, 31, 15, 8]",132.16,24.0,0.6218162822941519,0.6180357072188611,762.9999999999998,0.9999999999999998
"[8455, 8307, 8120, 7895, 7521, 7445, 7371, 7318, 7143, 6439, 6380, 6373, 6256, 6087, 6073, 5563, 5094, 4905, 4875, 4688, 4535, 4499, 4455, 4437, 4315, 3949, 3948, 3937, 3876, 3787, 3738, 3490, 3445, 3310, 2400, 2324, 2180, 2142, 1889, 1882, 1828, 1681, 1461, 1369, 1299, 1246, 948, 920, 851, 801, 772, 745, 627, 433, 64, 54, 15, 8]",169.74,58.00000000000001,0.5979101317665502,0.3672937360134715,805.0000000000001,0.9999999999999998
"[5381, 2433, 2180, 1299, 772, 734, 614, 8]",40.63,7.999999999999995,0.6982866813268545,0.7074315459177148,211.9999999999999,0.9999999999999998
"[8466, 8437, 8161, 8135, 8120, 8119, 7933, 7445, 7439, 7371, 7143, 6696, 6073, 5934, 5795, 5595, 5563, 4535, 4499, 4478, 4477, 4476, 4472, 4064, 3854, 3490, 3374, 3227, 3044, 3037, 2748, 2499, 2488, 2479, 2433, 2324, 2028, 1873, 1698, 1697, 1687, 1598, 1582, 1497, 1491, 1461, 1443, 1369, 1332, 1299, 1231, 1184, 1022, 1013, 978, 951, 948, 920, 851, 824, 798, 772, 734, 486, 458, 442, 433, 428, 416, 407, 306, 294, 290, 277, 233, 231, 224, 220, 214, 208, 202, 200, 190, 173, 171, 165, 40, 38, 35, 32, 31, 15, 14, 8]",308.92,94.0,0.5476113335921523,0.45599358303287674,2241.0,0.0
"[8464, 8437, 8397, 8288, 8161, 8135, 8120, 8119, 7895, 7445, 7439, 7371, 7143, 6245, 6073, 6063, 5934, 5813, 5795, 5595, 5563, 5094, 5048, 4535, 4499, 4185, 4064, 3854, 3787, 3490, 3374, 3365, 3044, 3037, 2650, 2499, 2488, 2479, 2433, 2324, 2180, 2026, 1873, 1497, 1491, 1461, 1443, 1420, 1332, 1299, 1246, 1231, 978, 951, 948, 920, 851, 824, 772, 734, 691, 458, 433, 432, 428, 416, 407, 306, 294, 290, 277, 233, 231, 224, 220, 214, 208, 202, 200, 190, 173, 171, 62, 54, 35, 15, 8]",280.94,87.0,0.5325371719967602,0.3449087668570576,1820.0,0.0
"[8462, 7445, 6373, 4499, 4478, 3490, 3227, 3131, 2479, 2433, 2324, 2180, 2028, 2011, 1697, 1687, 1636, 1592, 1556, 1546, 1443, 1420, 1369, 1299, 1184, 1022, 1013, 978, 951, 920, 880, 772, 745, 627, 458, 442, 433, 416, 407, 305, 277, 172, 163, 150, 64, 62, 58, 54, 38, 32, 31, 15, 8]",234.26,53.0,0.5676613137142441,0.5507717006369629,1610.0000000000002,0.0
"[8462, 7773, 7445, 7318, 6696, 5795, 5563, 4499, 4250, 3738, 3490, 3374, 3227, 2488, 2479, 2324, 2003, 1697, 1687, 1556, 1546, 1443, 1442, 1299, 1206, 1184, 951, 920, 798, 734, 553, 515, 458, 442, 416, 407, 290, 277, 250, 233, 231, 224, 172, 165, 155, 150, 54, 35, 15]",209.27,49.0,0.5724613895236462,0.5241332098970488,1317.0,0.0
"[8464, 8161, 8135, 8120, 8119, 7676, 7521, 7167, 7143, 6439, 6134, 6073, 5595, 5563, 5094, 5054, 4905, 4535, 4455, 4437, 4064, 3949, 3948, 3490, 3445, 3227, 3044, 3037, 2818, 2499, 2488, 2479, 2400, 2028, 2026, 1889, 1882, 1828, 1698, 1687, 1556, 1546, 1497, 1491, 1461, 1443, 1420, 1369, 1184, 1022, 948, 920, 851, 824, 772, 486, 458, 442, 433, 428, 277, 202, 194, 58, 54, 35, 30, 26, 15, 14, 8]",231.27,71.0,0.5428597245387814,0.3945587296648413,1421.0000000000002,0.0
"[7895, 7676, 7445, 7371, 7318, 7167, 6858, 6856, 6855, 6373, 5816, 5813, 5282, 5054, 4994, 4250, 3787, 3490, 3273, 3131, 2973, 2770, 2324, 2180, 2011, 1829, 1369, 1022, 936, 880, 772, 745, 691, 627, 416, 325, 172, 64, 62, 1]",109.12,40.0,0.5909173108244886,0.43774144019508054,538.0000000000002,0.9999999999999998
"[7895, 7338, 7017, 5798, 2433, 1398, 900, 734, 172]",23.04,8.999999999999996,0.7344129317222611,0.6774794246380269,113.00000000000014,2.0
"[8455, 8376, 8161, 8135, 8120, 8119, 7918, 7895, 7676, 7521, 7445, 7439, 7371, 7318, 7167, 7143, 6900, 6858, 6856, 6855, 6439, 6380, 6373, 6073, 5843, 5819, 5817, 5813, 5595, 5563, 5282, 5094, 5054, 4875, 4798, 4535, 4499, 4486, 4455, 4437, 4315, 4282, 4064, 3949, 3948, 3876, 3787, 3773, 3490, 3445, 3310, 3273, 3044, 3037, 2770, 2499, 2488, 2479, 2433, 2400, 2324, 2285, 2235, 2028, 2026, 1889, 1882, 1828, 1782, 1781, 1497, 1491, 1461, 1443, 1369, 1299, 1246, 1201, 1022, 978, 951, 948, 920, 851, 801, 745, 689, 486, 458, 442, 433, 428, 233, 172, 64, 54, 15, 8]",245.89,98.0,0.5744793949395038,0.2890191205334337,1210.0000000000002,0.9999999999999998
"[8467, 8449, 8447, 8161, 7676, 7167, 5595, 5064, 4898, 4499, 4475, 3490, 3227, 3034, 2926, 2786, 2433, 2237, 2180, 2134, 2126, 2030, 2028, 1698, 1697, 1582, 1556, 1534, 1497, 1420, 1296, 1277, 1231, 1184, 1128, 1022, 978, 951, 920, 844, 772, 734, 627, 614, 600, 596, 590, 582, 527, 486, 458, 442, 433, 382, 240, 233, 231, 224, 220, 214, 208, 202, 200, 190, 173, 171, 163, 162, 150, 144, 86, 73, 64, 62, 54, 38, 35, 32, 30, 26, 15, 8]",304.66,82.0,0.5637638974589236,0.5561945737408623,2383.0,0.0
"[8462, 7683, 7576, 7445, 7167, 4499, 3227, 2324, 2180, 1697, 1687, 1556, 1546, 1464, 1022, 920, 772, 588, 527, 407, 277, 150, 32, 31, 15, 8]",138.33,26.0,0.6236058678840889,0.6152736116208275,792.0,0.9999999999999998
"[8464, 8161, 7676, 7444, 7294, 7167, 7143, 5094, 4905, 4499, 4064, 3490, 3037, 2451, 2196, 2180, 2028, 2026, 2003, 1873, 1687, 1546, 1497, 1491, 1420, 1022, 920, 906, 851, 824, 772, 486, 428, 290, 277, 35, 15, 8]",160.61,38.0,0.6062552773470329,0.5140262409334966,964.9999999999999,0.0
"[8376, 7722, 7445, 7371, 7318, 6858, 6856, 6855, 6373, 5816, 5813, 5443, 5282, 5054, 4652, 4250, 3787, 3490, 3273, 2433, 2324, 2180, 2011, 1829, 1369, 705, 416, 325, 172, 171, 163, 64, 58, 38, 32, 4]",116.16,36.0,0.5984692871913553,0.4826354793031502,562.9999999999998,0.9999999999999998
"[8464, 8437, 8397, 8288, 8161, 8135, 8120, 8119, 7895, 7445, 7439, 7371, 7143, 6245, 6073, 6004, 5934, 5813, 5795, 5595, 5563, 5094, 5048, 4535, 4499, 4185, 4064, 3854, 3787, 3490, 3374, 3365, 3044, 3037, 2650, 2499, 2488, 2479, 2433, 2324, 2180, 2026, 1950, 1873, 1497, 1491, 1463, 1461, 1420, 1332, 1299, 1246, 1231, 978, 951, 948, 920, 851, 824, 772, 734, 691, 527, 458, 433, 428, 416, 407, 306, 294, 290, 277, 233, 231, 224, 220, 214, 208, 202, 200, 190, 171, 62, 54, 35, 15]",276.82,86.0,0.5285840674029909,0.348003557626671,1742.0,0.9999999999999998
"[8462, 7682, 7445, 7111, 4499, 2324, 2180, 1687, 1546, 920, 772, 588, 527, 407, 277, 15, 8]",102.02,17.000000000000004,0.6546235694161168,0.6517256320074468,536.9999999999999,0.9999999999999998
"[8455, 8307, 8120, 7895, 7521, 7445, 7371, 7318, 7143, 6787, 6439, 6380, 6373, 6256, 6087, 6073, 5563, 5252, 5094, 5083, 4905, 4875, 4688, 4535, 4499, 4455, 4437, 4315, 4250, 3949, 3948, 3937, 3876, 3787, 3738, 3490, 3445, 3310, 2400, 2324, 2180, 2142, 1889, 1882, 1828, 1681, 1461, 1369, 1299, 1246, 948, 920, 851, 801, 772, 745, 627, 433, 4]",147.66,59.00000000000001,0.6036465170641262,0.3573357899001024,661.0000000000001,0.9999999999999998
"[7521, 6918, 6373, 5831, 5828, 4905, 4711, 4499, 3180, 2842, 2433, 2026, 1687, 1546, 1369, 1246, 1128, 745, 734, 566, 515, 419, 382, 306, 277, 220, 49]",103.18,27.0,0.6475346343589132,0.548301429929323,533.0000000000001,0.9999999999999998
"[8464, 7445, 4660, 4499, 2433, 2324, 2180, 2045, 1681, 1546, 1299, 1042, 906, 772, 590, 8]",74.88,16.0,0.6852614907173837,0.6395304712427067,378.0,0.9999999999999998
"[8455, 8307, 7895, 7445, 7439, 7371, 7318, 6439, 6380, 6373, 6256, 4905, 4875, 4688, 4499, 4437, 4315, 3876, 3787, 3738, 3490, 3310, 2433, 2400, 2324, 2180, 1889, 1882, 1873, 1828, 1681, 1443, 1434, 1420, 1369, 1299, 1246, 1231, 951, 920, 851, 801, 772, 745, 561, 442, 433, 428, 214, 208, 202, 173, 171, 64, 54, 15, 8]",193.81000000000003,57.00000000000001,0.5782271239870491,0.41421772045588623,1117.0,0.9999999999999998
"[8464, 7540, 7444, 4499, 4078, 3854, 3227, 2433, 2324, 2180, 1846, 1687, 1614, 1546, 1420, 1305, 1042, 920, 906, 772, 416, 277, 194, 172, 141, 54, 15, 14, 8]",145.88,29.000000000000004,0.6347496441752885,0.5943335405170386,872.0000000000001,0.0
"[8464, 4499, 2903, 2433, 2324, 2180, 1687, 1556, 1420, 920, 277, 15, 8]",86.4,13.0,0.6827636120392866,0.6857844397683411,461.9999999999999,0.9999999999999998
"[8492, 8376, 8161, 8135, 7895, 7676, 7647, 7521, 7445, 7439, 7432, 7371, 7318, 7241, 7167, 7159, 7143, 7115, 7052, 6997, 6856, 6855, 6588, 6439, 6380, 6373, 6073, 5911, 5819, 5816, 5813, 5595, 5568, 5563, 5443, 5282, 5101, 5064, 4927, 4900, 4898, 4875, 4798, 4584, 4536, 4535, 4489, 4395, 4315, 4250, 4064, 3979, 3948, 3876, 3787, 3773, 3538, 3416, 3310, 3273, 3037, 3023, 2942, 2770, 2499, 2436, 2433, 2387, 2374, 2324, 2235, 2030, 2001, 1923, 1846, 1828, 1809, 1799, 1497, 1491, 1484, 1468, 1369, 1246, 1201, 1092, 977, 811, 801, 745, 689, 486, 400, 370, 364, 325, 310, 299, 172]",180.52,99.0,0.5918414174116692,0.2706756009056852,659.0,0.9999999999999998
"[7034, 2971, 2433, 2180, 1546, 906, 824, 772, 407, 8]",46.72,9.999999999999996,0.6790902926332043,0.6859146130068752,267.99999999999983,0.9999999999999998
"[8464, 8437, 8397, 7895, 7445, 7439, 7371, 6245, 5934, 5795, 4723, 4499, 3787, 3490, 3041, 2650, 2479, 2433, 2324, 2180, 1873, 1698, 1582, 1556, 1491, 1443, 1420, 1369, 1332, 1299, 1231, 920, 851, 824, 772, 734, 538, 431, 428, 416, 407, 306, 294, 290, 277, 233, 231, 224, 220, 214, 208, 202, 200, 190, 173, 171, 165, 62, 35, 31, 15, 8]",236.61,62.0,0.5561071811060333,0.4707308419968962,1572.0000000000002,0.0
"[8161, 7676, 7167, 7143, 5831, 5828, 5595, 4905, 4499, 4064, 3676, 3044, 3037, 2842, 2433, 2180, 2028, 1687, 1497, 1369, 1128, 1022, 936, 920, 772, 734, 486, 419, 306, 277, 8]",111.47,31.000000000000004,0.6464297647824587,0.4940910940570704,550.0,0.9999999999999998
"[8464, 8437, 8397, 8288, 7895, 7445, 7439, 7371, 6245, 6004, 5934, 5813, 5795, 5048, 4535, 4499, 4185, 3854, 3787, 3490, 3374, 3365, 2650, 2488, 2479, 2433, 2324, 2180, 1950, 1873, 1463, 1461, 1420, 1332, 1299, 1246, 1231, 951, 948, 920, 851, 824, 772, 734, 691, 527, 433, 428, 416, 407, 306, 294, 290, 277, 233, 231, 224, 220, 214, 208, 202, 200, 190, 171, 62, 54, 35, 32, 15]",247.26,69.0,0.5455125635530886,0.435046450169728,1635.9999999999998,0.0
"[8467, 8464, 8449, 8447, 8161, 7895, 7143, 5595, 5094, 5064, 4898, 4692, 4499, 4475, 3490, 3227, 3034, 2926, 2786, 2433, 2180, 2134, 2126, 2026, 1873, 1698, 1697, 1687, 1582, 1556, 1534, 1497, 1420, 1296, 1277, 1231, 1184, 1128, 978, 951, 920, 772, 734, 627, 614, 600, 596, 590, 582, 458, 442, 433, 382, 277, 240, 231, 224, 220, 214, 208, 202, 200, 190, 173, 171, 163, 162, 150, 86, 73, 54, 38, 35, 32, 30]",285.75,75.0,0.5651760346056564,0.574689620248092,2184.0,0.0
"[8462, 7773, 7445, 7318, 6696, 5795, 5563, 4499, 4250, 3738, 3490, 3374, 3227, 2488, 2479, 2324, 2003, 1697, 1687, 1556, 1546, 1443, 1442, 1416, 1206, 1184, 951, 920, 798, 734, 553, 515, 458, 442, 416, 407, 290, 277, 233, 231, 224, 172, 165, 155, 150, 54, 35, 15]",205.33,48.0,0.5694364425347017,0.5239205312045699,1284.0,0.9999999999999998
"[7445, 7318, 6787, 6470, 5282, 5254, 4631, 4499, 4250, 3819, 3596, 3227, 3090, 2868, 2656, 2433, 2324, 2180, 1201, 1148, 1050, 920, 825, 689, 627, 407, 277, 172, 31, 4]",102.56,30.000000000000004,0.6327746453649493,0.5182459762950604,488.00000000000017,0.9999999999999998
"[4499, 3227, 2499, 2433, 2180, 1687, 1556, 1420, 1184, 920, 772, 277, 150, 144, 35, 15]",102.12,16.0,0.6513206297972224,0.6734391925285703,575.0,0.9999999999999998
"[8464, 8071, 6435, 5795, 4533, 4499, 4478, 4477, 4476, 4475, 4472, 4469, 3374, 3368, 2926, 2479, 2134, 2126, 2028, 1896, 1873, 1872, 1582, 1546, 1534, 1456, 1443, 1420, 1332, 1324, 1022, 1013, 978, 951, 920, 906, 851, 808, 772, 596, 590, 582, 577, 458, 442, 433, 407, 386, 370, 171, 73, 62, 54, 38, 35, 32, 30, 26, 15, 14, 8]",248.45,61.0,0.5748547313898894,0.5838414884533261,1900.0000000000002,0.0
"[8455, 8307, 7895, 7445, 7439, 7371, 7318, 6439, 6380, 6373, 6256, 6004, 4905, 4875, 4499, 4437, 4315, 3876, 3787, 3738, 3490, 3310, 2433, 2400, 2324, 2180, 1889, 1882, 1873, 1828, 1681, 1443, 1434, 1420, 1369, 1299, 1246, 1231, 951, 920, 851, 801, 772, 745, 563, 561, 527, 442, 433, 428, 220, 214, 208, 202, 173, 171, 54, 15]",200.57,58.00000000000001,0.5782272690651371,0.40958617588234136,1123.9999999999998,0.0
"[8464, 8437, 8397, 8288, 8161, 8135, 8120, 8119, 7895, 7878, 7445, 7439, 7371, 6245, 6073, 6063, 5934, 5813, 5795, 5595, 5563, 5048, 4535, 4499, 4185, 4064, 3854, 3787, 3490, 3374, 3365, 3044, 3037, 2650, 2499, 2488, 2479, 2433, 2324, 2180, 1873, 1497, 1491, 1461, 1443, 1420, 1332, 1299, 1246, 1231, 978, 951, 948, 920, 851, 824, 772, 734, 691, 458, 433, 428, 416, 407, 306, 294, 290, 277, 233, 231, 224, 220, 214, 208, 202, 200, 190, 173, 171, 62, 54, 35, 15, 8]",272.05,84.0,0.5419911786256681,0.37459182288366333,1777.0000000000002,0.0
"[8464, 8462, 8437, 8397, 8161, 8135, 8120, 8119, 7895, 7683, 7576, 7445, 7439, 7371, 7143, 6073, 6063, 5934, 5595, 5563, 5094, 5048, 4535, 4499, 4064, 3854, 3787, 3490, 3374, 3365, 3227, 3044, 3037, 2499, 2488, 2479, 2433, 2324, 2180, 2143, 2026, 1873, 1697, 1556, 1546, 1497, 1491, 1464, 1461, 1443, 1420, 1332, 1299, 1246, 1231, 1022, 978, 951, 948, 920, 851, 824, 772, 734, 588, 527, 458, 433, 432, 428, 416, 407, 306, 294, 290, 277, 233, 231, 224, 220, 214, 208, 150, 32, 31, 15, 8]",289.33,87.0,0.5391666167237387,0.3921640425792059,1885.0,0.0
"[8464, 8307, 8161, 7676, 7294, 7143, 5595, 5098, 5094, 4499, 4065, 3490, 3063, 3044, 3037, 2911, 2433, 2180, 2134, 2126, 2028, 2026, 1781, 1546, 1497, 1420, 1246, 1128, 906, 772, 627, 614, 600, 596, 590, 428, 416, 382, 370, 290, 220, 86, 35, 8]",177.06,44.00000000000001,0.5851837179384076,0.4805559329848498,1039.0,0.0
"[8464, 7895, 7318, 7143, 5094, 4804, 4499, 3673, 3227, 3044, 2180, 1769, 1687, 1420, 920, 277, 35, 15, 8]",101.21,19.000000000000004,0.6745993714657463,0.6303117320280688,514.0,0.9999999999999998
"[4499, 3490, 3374, 3227, 3015, 2180, 1716, 1687, 1582, 1556, 1443, 1420, 1332, 1184, 951, 920, 772, 606, 561, 442, 433, 416, 277, 150, 144, 54, 35, 15]",153.59,28.0,0.5992920703386392,0.6258056462602368,956.0,0.9999999999999998
"[1299, 772, 515]",14.16,3.0000000000000018,0.7716598831759554,0.7840376612631877,66.00000000000011,2.0
"[8464, 7273, 5795, 4721, 4499, 3227, 2724, 2433, 2180, 2134, 2126, 1687, 1652, 1546, 1420, 1128, 920, 906, 798, 772, 627, 614, 600, 596, 590, 553, 428, 299, 290, 173, 165, 86, 35, 8]",165.54,33.99999999999999,0.599215562735236,0.6002518124399598,1040.9999999999998,0.0
"[8455, 8307, 7895, 7445, 7439, 7371, 7318, 6439, 6380, 6373, 6256, 4905, 4875, 4688, 4499, 4437, 4315, 3876, 3787, 3738, 3310, 2400, 2324, 2180, 1889, 1882, 1873, 1828, 1681, 1434, 1420, 1369, 1299, 1246, 1231, 1094, 920, 851, 801, 772, 745, 561, 214, 208, 173, 171, 64, 54, 15, 8]",173.08,50.0,0.5941715551822196,0.42940204169265683,903.0,0.0
"[7676, 7167, 7143, 4499, 3676, 3227, 2499, 2433, 2180, 2028, 1687, 1556, 1420, 1184, 1022, 920, 772, 277, 150, 144, 15]",109.33999999999999,20.999999999999996,0.6481372491418272,0.6046401820124468,584.0,0.9999999999999998
"[8467, 8464, 8449, 8447, 8161, 7895, 7143, 7017, 5798, 5595, 5094, 5064, 4898, 4499, 4475, 3490, 3227, 3034, 2926, 2786, 2627, 2433, 2180, 2134, 2126, 2026, 1698, 1697, 1687, 1582, 1534, 1497, 1420, 1296, 1277, 1231, 1184, 1128, 978, 951, 920, 900, 772, 734, 627, 614, 600, 596, 590, 582, 458, 442, 433, 382, 277, 240, 231, 224, 220, 214, 208, 202, 200, 190, 173, 171, 163, 162, 150, 86, 73, 62, 54, 38, 35, 32, 30]",286.38,77.0,0.5680591869083477,0.5506966543297834,2161.0,0.0
"[8376, 7722, 7445, 7318, 6856, 6855, 6373, 6346, 5816, 5813, 5443, 5282, 5054, 4652, 4250, 3490, 3273, 2433, 2324, 2180, 2011, 1829, 1369, 880, 745, 691, 416, 325, 172, 171, 163, 64, 58, 54, 38, 32, 4]",130.73,37.0,0.585075048360916,0.4658340561379386,664.9999999999999,0.9999999999999998
"[8462, 7445, 4499, 2903, 2324, 2180, 1681, 1556, 1420, 920, 772, 277, 15]",78.3,13.0,0.6846219880228738,0.6647178570981572,378.99999999999983,0.9999999999999998
"[8455, 8161, 8135, 8120, 8119, 7895, 7676, 7521, 7445, 7439, 7371, 7167, 7143, 6439, 6380, 6373, 6073, 5595, 5563, 5094, 5054, 4905, 4875, 4535, 4499, 4492, 4455, 4315, 4064, 3949, 3948, 3787, 3493, 3490, 3445, 3310, 3227, 3044, 3037, 2963, 2499, 2488, 2479, 2433, 2324, 2028, 2026, 1889, 1828, 1697, 1687, 1556, 1497, 1491, 1461, 1443, 1369, 1299, 1246, 1022, 978, 920, 801, 745, 486, 458, 442, 433, 428, 407, 305, 277, 187, 150, 64, 54, 32, 31, 15, 1]",245.27,80.0,0.5626647815302809,0.33964001018996304,1351.0,0.0
"[4499, 3365, 3227, 3015, 2180, 1420, 920, 772, 527, 277, 209, 62, 54, 35, 15]",105.05,15.000000000000002,0.6582005163690704,0.6909596152824151,571.0000000000002,0.0
"[8307, 7814, 7445, 6900, 6373, 6256, 5252, 4688, 4499, 4437, 3490, 3163, 3131, 2400, 2324, 2011, 1882, 1782, 1781, 1546, 1369, 1299, 1184, 920, 880, 851, 745, 638, 627, 566, 515, 416, 163, 62, 54, 38]",140.61,36.0,0.5986652863530708,0.5021121046224751,750.9999999999999,0.9999999999999998
"[8376, 8161, 7895, 7445, 7371, 7318, 7143, 6858, 6856, 6855, 6373, 5816, 5813, 5442, 5282, 5094, 5054, 4315, 4250, 3787, 3490, 3273, 3044, 2770, 2433, 2324, 2180, 2026, 1829, 1246, 772, 745, 691, 600, 486, 416, 326, 233, 172]",89.14,39.0,0.6042847766475027,0.4427878961308245,428.0,0.9999999999999998
"[8467, 7371, 7034, 6858, 6373, 4499, 3490, 3227, 3131, 2786, 2180, 2011, 1698, 1556, 1534, 1420, 1369, 920, 881, 824, 772, 745, 638, 627, 527, 416, 382, 163, 150, 144, 73, 62, 54, 38, 32, 30, 26, 15, 14, 8]",186.36,40.0,0.5849546533039406,0.545124432732786,1182.0000000000002,0.0
"[8462, 7773, 7445, 7318, 6696, 5795, 5563, 4250, 3738, 3490, 3374, 3227, 2488, 2479, 2433, 2324, 2180, 2003, 1697, 1687, 1556, 1443, 1442, 1416, 1206, 1184, 951, 920, 798, 734, 553, 458, 442, 416, 407, 290, 277, 233, 231, 224, 172, 165, 155, 150, 54, 35, 15]",193.86,47.0,0.5524699073780163,0.5238466114858608,1232.0000000000002,0.0
"[8437, 8397, 7895, 7445, 7371, 7318, 6787, 6245, 5934, 5282, 5254, 5054, 4631, 4499, 4250, 3787, 3490, 3227, 3090, 3041, 2868, 2650, 2479, 2433, 2324, 1873, 1698, 1582, 1491, 1443, 1369, 1332, 1231, 920, 851, 824, 734, 689, 431, 428, 407, 306, 294, 290, 277, 233, 231, 224, 220, 214, 208, 202, 200, 190, 173, 172, 171, 62, 35, 31, 4]",215.73,61.0,0.5560601254213787,0.42390105175524173,1335.9999999999998,0.9999999999999998
"[8455, 8307, 8161, 8135, 8120, 8119, 7895, 7676, 7521, 7445, 7439, 7371, 7318, 7282, 7167, 7143, 6439, 6380, 6373, 6256, 6073, 5843, 5595, 5563, 5094, 5054, 4905, 4875, 4688, 4535, 4499, 4486, 4455, 4437, 4315, 4064, 3949, 3948, 3876, 3787, 3738, 3490, 3445, 3310, 3044, 3037, 2499, 2488, 2479, 2433, 2400, 2324, 2180, 2028, 2026, 1889, 1882, 1828, 1681, 1497, 1491, 1461, 1443, 1420, 1369, 1299, 1246, 1022, 978, 951, 948, 920, 851, 772, 745, 486, 458, 442, 433, 428, 86, 64, 54, 15, 8]",241.78,85.0,0.5609828493261837,0.32422826070730737,1262.0,0.0
"[8455, 8307, 8120, 7895, 7814, 7521, 7445, 7371, 7318, 7309, 7143, 6439, 6380, 6373, 6256, 6087, 6073, 5563, 5264, 5252, 5094, 4875, 4688, 4535, 4499, 4250, 3949, 3948, 3876, 3787, 3738, 3490, 3310, 3227, 2324, 2142, 1828, 1687, 1681, 1546, 1461, 1246, 1184, 948, 920, 801, 745, 627, 566, 515, 433, 173, 172, 171, 155, 150, 54]",167.53999999999996,57.00000000000001,0.6071371370487404,0.360715448559112,853.9999999999999,0.9999999999999998
"[8466, 8161, 8135, 8120, 8119, 7143, 6073, 5595, 5563, 5094, 5048, 4535, 4499, 4064, 3903, 3490, 3227, 3044, 3037, 2926, 2499, 2488, 2433, 2324, 2180, 2134, 2126, 2026, 1698, 1697, 1687, 1598, 1582, 1556, 1546, 1497, 1491, 1461, 1332, 1320, 1231, 1184, 1128, 1104, 978, 951, 920, 824, 808, 772, 734, 627, 614, 600, 596, 590, 582, 458, 442, 277, 240, 231, 224, 220, 214, 209, 208, 202, 200, 190, 173, 171, 163, 162, 150, 86, 73, 62, 40, 38, 35, 32, 30, 26, 15, 8]",302.47,86.0,0.5320473452837995,0.47458323740046127,2306.0,0.0
"[7034, 6373, 4486, 4236, 3490, 2142, 2011, 1687, 1369, 880, 824, 745, 220, 86, 58, 54, 24, 15]",106.02,18.000000000000004,0.6491906947150263,0.642026520230664,545.9999999999998,0.0
"[8464, 8161, 7676, 7444, 7296, 7167, 7143, 5094, 4905, 4499, 4064, 3490, 3037, 2451, 2196, 2028, 2026, 2003, 1873, 1687, 1546, 1497, 1491, 1420, 1022, 920, 906, 851, 824, 772, 486, 428, 290, 277, 35, 15, 8, 1]",161.7,38.0,0.6012143101595302,0.5266745101793133,972.0000000000001,0.9999999999999998
"[2383, 1546, 1299, 54]",27.42,4.000000000000003,0.7312243511864834,0.7659323900397446,142.9999999999998,0.9999999999999998
"[8455, 8307, 7895, 7521, 7445, 7371, 7318, 7143, 6439, 6380, 6373, 6256, 6087, 5094, 4905, 4875, 4688, 4499, 4455, 4437, 4315, 3949, 3948, 3937, 3876, 3787, 3738, 3490, 3445, 3310, 2400, 2324, 2180, 2142, 1889, 1882, 1828, 1681, 1369, 1339, 1299, 1246, 851, 801, 772, 745, 627, 64, 54, 15, 8]",147.44,51.0,0.6144730470550059,0.3983900204626073,653.0,0.9999999999999998
"[8455, 8307, 8135, 8120, 8119, 7895, 7814, 7521, 7445, 7439, 7371, 6900, 6439, 6380, 6373, 6256, 6073, 5563, 5252, 5094, 5054, 4905, 4875, 4688, 4535, 4499, 4455, 4437, 4315, 3949, 3787, 3490, 3445, 3310, 3044, 2963, 2499, 2488, 2479, 2433, 2400, 2324, 2162, 2028, 2026, 1889, 1882, 1828, 1782, 1781, 1546, 1497, 1491, 1461, 1443, 1369, 1299, 1246, 978, 948, 920, 851, 801, 745, 627, 566, 515, 458, 442, 433, 428, 54]",196.65,72.0,0.5556622772859484,0.3418085848310468,1003.0,0.9999999999999998
"[8455, 8397, 8307, 8255, 7895, 7756, 7603, 7445, 7371, 7318, 6787, 6380, 6373, 6256, 5705, 5252, 4875, 4782, 4692, 4688, 4499, 4315, 4250, 4169, 4078, 3787, 3738, 3490, 3310, 3227, 3063, 2324, 2180, 1873, 1846, 1687, 1681, 1614, 1305, 1299, 1246, 1231, 920, 851, 801, 772, 745, 734, 627, 600, 416, 214, 208, 202, 194, 190, 173, 172, 171, 54, 4]",198.09,61.0,0.5956904657054372,0.3815910822850932,1068.9999999999998,0.0
"[8464, 7773, 6696, 5795, 5563, 4499, 3551, 3490, 3374, 3227, 2488, 2479, 2433, 2180, 2134, 2126, 2003, 1697, 1687, 1546, 1443, 1442, 1420, 1206, 1184, 920, 906, 772, 734, 614, 600, 596, 590, 553, 458, 442, 290, 277, 233, 231, 224, 172, 165, 86, 54, 35, 8]",217.94,47.0,0.5577547253766988,0.5279011288815286,1455.0000000000002,0.0
"[8466, 5048, 4535, 4499, 3903, 3490, 3227, 2926, 2433, 2324, 2180, 2134, 2126, 1698, 1697, 1687, 1598, 1582, 1556, 1546, 1461, 1332, 1320, 1231, 1184, 1128, 1104, 951, 920, 824, 808, 772, 734, 627, 614, 600, 596, 590, 582, 442, 277, 240, 231, 224, 220, 214, 209, 208, 202, 200, 190, 173, 171, 162, 150, 86, 77, 73, 62, 40, 38, 35, 32, 30, 26, 15, 8]",270.39,66.99999999999999,0.5482522832104817,0.5799210989875417,2127.0,0.0
"[8466, 8161, 8135, 8120, 8119, 7487, 7273, 7143, 6073, 5595, 5563, 5094, 5048, 4535, 4499, 4064, 3903, 3490, 3227, 3044, 3037, 2926, 2499, 2488, 2433, 2324, 2180, 2134, 2126, 2026, 1698, 1697, 1687, 1598, 1582, 1556, 1546, 1497, 1491, 1461, 1332, 1320, 1231, 1184, 1128, 1104, 978, 951, 920, 824, 808, 772, 734, 627, 614, 600, 596, 590, 582, 458, 442, 277, 240, 231, 224, 220, 214, 209, 208, 202, 200, 190, 173, 171, 163, 162, 150, 86, 73, 62, 40, 38, 35, 32, 30, 26, 15, 8]",303.39,88.0,0.5319390014969243,0.4744297440133681,2311.0,0.0
"[8464, 8437, 7445, 7439, 7371, 7034, 6858, 6769, 5795, 4499, 3854, 3787, 3490, 3227, 3041, 2433, 2324, 2180, 2138, 2011, 1687, 1443, 1420, 1369, 1299, 920, 881, 824, 798, 772, 745, 638, 627, 416, 407, 277, 165, 163, 54, 38, 35, 32, 8]",183.06,43.00000000000001,0.5939481510257627,0.5240258805490161,1099.0000000000002,0.0
"[8464, 4499, 2433, 2180, 2134, 2126, 1546, 1420, 1128, 904, 772, 614, 600, 596, 590, 86, 8]",105.03000000000002,17.000000000000004,0.6455458051017032,0.6589894789880845,603.0,0.0
"[8464, 8397, 7895, 7445, 7439, 7371, 6245, 5934, 5795, 4723, 4499, 3787, 3514, 3490, 2650, 2479, 2433, 2324, 2180, 1698, 1582, 1556, 1491, 1443, 1420, 1369, 1332, 1299, 1231, 920, 851, 824, 772, 734, 538, 431, 428, 416, 407, 306, 294, 290, 277, 233, 231, 224, 220, 214, 208, 202, 200, 190, 173, 171, 165, 62, 35, 31, 15, 8]",231.06,60.00000000000001,0.5669909603124231,0.49146720346847583,1518.9999999999998,0.0
"[8464, 7445, 7439, 7393, 7371, 7241, 7034, 6858, 6373, 6256, 5795, 4688, 4499, 4169, 3787, 3490, 3227, 2433, 2324, 2011, 1687, 1546, 1443, 1369, 1299, 920, 881, 824, 798, 745, 638, 627, 515, 416, 407, 277, 165, 163, 54, 38, 35, 32]",174.68,42.0,0.5947705130625216,0.510452190319586,1010.0000000000002,0.0
"[8467, 8464, 8449, 8447, 7439, 5795, 4499, 4478, 4477, 4476, 4475, 4472, 4469, 3490, 3374, 3368, 3227, 2926, 2782, 2479, 2180, 2134, 2126, 2069, 2028, 1873, 1872, 1698, 1697, 1687, 1582, 1443, 1420, 1369, 1332, 1324, 1296, 1277, 1231, 1184, 1128, 1022, 1013, 978, 951, 920, 851, 824, 808, 772, 627, 614, 600, 596, 590, 582, 553, 527, 458, 442, 433, 416, 407, 386, 370, 290, 277, 240, 233, 231, 224, 220, 214, 208, 202, 200, 190, 173, 171, 163, 162, 155, 150, 144, 86, 73, 62, 54, 38, 35, 32, 31, 15, 14, 8]",339.08,95.0,0.551436656349259,0.6110617797988124,3030.0,0.9999999999999998
"[8489, 8455, 8376, 8161, 8135, 8120, 8119, 8051, 7918, 7895, 7676, 7521, 7445, 7371, 7167, 7143, 6900, 6856, 6855, 6439, 6380, 6373, 6073, 5819, 5817, 5813, 5595, 5563, 5282, 5094, 5054, 4875, 4798, 4535, 4499, 4455, 4437, 4315, 4282, 4250, 4064, 3949, 3948, 3876, 3787, 3773, 3490, 3445, 3310, 3273, 3044, 3037, 2770, 2499, 2488, 2479, 2433, 2400, 2324, 2285, 2235, 2180, 2028, 2026, 1889, 1882, 1828, 1782, 1781, 1546, 1497, 1491, 1461, 1443, 1420, 1369, 1299, 1246, 1201, 1022, 978, 951, 948, 920, 906, 851, 801, 772, 745, 486, 458, 442, 433, 428, 233, 172, 8]",251.81,97.0,0.5424506431837943,0.291646104414816,1233.0000000000002,0.0
"[8467, 8449, 8447, 8161, 7676, 7167, 5595, 5064, 5054, 4898, 4499, 4475, 3490, 3227, 3034, 2926, 2786, 2433, 2237, 2134, 2126, 2030, 2028, 1698, 1697, 1582, 1556, 1534, 1497, 1420, 1296, 1277, 1231, 1184, 1128, 1022, 978, 951, 920, 844, 772, 734, 627, 614, 600, 596, 590, 582, 527, 486, 458, 442, 433, 382, 240, 233, 231, 224, 220, 214, 208, 202, 200, 190, 173, 171, 163, 162, 150, 144, 86, 73, 64, 62, 54, 38, 35, 32, 30, 15, 8]",300.02,81.0,0.5613419266868511,0.5559829224635119,2313.0,0.0
"[8467, 8464, 8449, 8447, 7439, 7273, 5795, 5334, 4499, 4478, 4477, 4476, 4475, 4472, 4469, 3490, 3374, 3368, 3227, 2926, 2782, 2479, 2433, 2180, 2134, 2126, 2028, 1873, 1872, 1698, 1697, 1687, 1582, 1443, 1420, 1369, 1332, 1324, 1296, 1277, 1231, 1184, 1128, 1022, 1013, 978, 951, 920, 851, 824, 808, 772, 734, 627, 614, 600, 596, 590, 582, 553, 527, 458, 442, 433, 416, 407, 386, 370, 290, 277, 240, 233, 231, 224, 220, 214, 208, 202, 200, 190, 173, 171, 163, 162, 155, 150, 144, 86, 73, 62, 54, 38, 35, 32, 31, 15, 14]",344.9,97.0,0.5559008289518138,0.6011040624329128,3031.0,0.0
"[8464, 8397, 7445, 7439, 7371, 5934, 5813, 5048, 4535, 4499, 3787, 3490, 3374, 3365, 2488, 2479, 2433, 2324, 2180, 1950, 1873, 1546, 1463, 1461, 1420, 1332, 1299, 1231, 951, 948, 920, 904, 824, 772, 691, 433, 428, 416, 407, 306, 294, 290, 277, 208, 202, 190, 171, 62, 54, 35, 15, 8]",214.28,52.0,0.5691242496675807,0.4807526755411624,1377.0000000000002,0.9999999999999998
"[8466, 8397, 7371, 5813, 5048, 5037, 4535, 4499, 3787, 3490, 2488, 2433, 2324, 2180, 2134, 2126, 1873, 1698, 1697, 1556, 1546, 1463, 1461, 1332, 1231, 1184, 1128, 951, 948, 920, 824, 772, 691, 627, 614, 600, 596, 590, 306, 277, 208, 202, 190, 171, 150, 86, 62, 54, 35, 32, 30, 26, 15, 8]",234.54,54.0,0.5551655027446539,0.5232246838608632,1613.9999999999998,0.0
"[8467, 4499, 3490, 3227, 2786, 2180, 2126, 1698, 1697, 1687, 1556, 1534, 1420, 1184, 951, 920, 772, 745, 638, 590, 575, 527, 382, 163, 150, 144, 73, 62, 38, 32, 30, 26, 15, 14, 8]",179.14,35.0,0.5999266154304673,0.6039442453220142,1162.9999999999998,0.9999999999999998
"[8462, 7445, 7318, 5795, 4499, 4250, 3738, 3490, 3227, 2433, 2324, 1697, 1687, 1556, 1546, 1416, 1022, 920, 798, 416, 407, 290, 277, 155, 150, 86, 15]",131.55,27.0,0.6141337305122844,0.5830199374362178,745.9999999999998,0.9999999999999998
"[8449, 8447, 7445, 6373, 4499, 4492, 4475, 3493, 3490, 3227, 3131, 2926, 2324, 2134, 2011, 1697, 1687, 1582, 1556, 1369, 1320, 1299, 1296, 1277, 1231, 1184, 1128, 920, 880, 824, 808, 734, 691, 627, 614, 600, 596, 582, 442, 416, 407, 305, 277, 240, 233, 231, 224, 220, 214, 208, 202, 200, 190, 187, 173, 171, 163, 162, 150, 86, 62, 54, 38, 35, 32, 31, 15, 1]",276.01,68.0,0.5705993147453375,0.5821164545068735,2133.0,0.9999999999999998
"[8376, 7895, 7445, 7371, 7318, 7034, 6858, 6856, 6855, 6373, 5816, 5813, 5442, 5282, 5054, 4499, 4250, 3787, 3490, 3273, 2770, 2433, 2324, 2180, 2011, 1829, 1369, 881, 824, 802, 745, 691, 638, 627, 416, 326, 172, 163, 54, 38, 32]",140.42,41.0,0.6094498905793597,0.40793621071521646,695.0,0.9999999999999998
"[7338, 4695, 1464, 1299, 900, 772, 734]",24.33,7.000000000000005,0.7293631798979594,0.7100918612716024,108.9999999999999,2.0
"[8467, 8449, 8447, 8161, 7676, 7167, 5595, 5064, 5054, 4898, 4499, 4475, 3490, 3227, 3034, 2926, 2786, 2433, 2237, 2180, 2134, 2126, 2030, 2028, 1698, 1697, 1582, 1546, 1534, 1497, 1420, 1296, 1277, 1231, 1184, 1128, 978, 951, 920, 906, 844, 772, 734, 697, 627, 614, 600, 596, 590, 582, 486, 458, 442, 433, 407, 382, 240, 233, 231, 224, 220, 214, 208, 202, 200, 190, 173, 171, 163, 162, 150, 144, 86, 73, 64, 62, 54, 38, 35, 32, 30, 8]",301.43,82.0,0.5544619942801726,0.5357186139115885,2308.0,0.0
"[8464, 8437, 8397, 8376, 8161, 8135, 8120, 8119, 7895, 7676, 7445, 7444, 7371, 7143, 6245, 6073, 5934, 5816, 5813, 5795, 5595, 5563, 4535, 4499, 4478, 4477, 4476, 4472, 4436, 4185, 4064, 3854, 3787, 3490, 3374, 3044, 3037, 2650, 2499, 2488, 2479, 2324, 2028, 2003, 1873, 1687, 1546, 1497, 1491, 1461, 1443, 1420, 1369, 1332, 1299, 1231, 1022, 1013, 978, 951, 948, 920, 906, 851, 824, 772, 734, 486, 458, 442, 433, 428, 416, 407, 294, 290, 277, 233, 231, 224, 220, 214, 208, 200, 190, 173, 165, 62, 54, 35, 31, 15, 8, 1]",304.31,94.0,0.5540556430011067,0.41434624779204965,2131.0,0.0
"[4492, 1546, 566, 515, 15]",36.94,5.0000000000000036,0.7414124901944537,0.7632242796271208,185.0000000000002,0.9999999999999998
"[8467, 8464, 8161, 7895, 7143, 7017, 6110, 5798, 5595, 5094, 5064, 4898, 4499, 4475, 3493, 3490, 3227, 3034, 2926, 2786, 2499, 2126, 2026, 1698, 1697, 1687, 1582, 1534, 1497, 1420, 1296, 1231, 1184, 1128, 978, 951, 920, 772, 734, 627, 614, 600, 596, 590, 582, 458, 442, 433, 277, 240, 231, 224, 220, 214, 208, 202, 200, 190, 187, 173, 171, 163, 162, 150, 141, 86, 73, 64, 62, 54, 38, 35, 32, 30, 1]",284.38000000000005,75.0,0.5689807599392455,0.5374945895078722,2144.0,0.0
"[8449, 8447, 6373, 4499, 4475, 3490, 3227, 2926, 2433, 2237, 2180, 2134, 2126, 1698, 1697, 1556, 1534, 1420, 1369, 1320, 1296, 1277, 1231, 1184, 1166, 1128, 920, 824, 808, 772, 734, 627, 614, 600, 596, 590, 582, 527, 442, 240, 233, 231, 224, 220, 214, 208, 202, 200, 190, 173, 171, 163, 162, 150, 144, 86, 73, 64, 62, 54, 38, 35, 32, 30, 26, 15, 8]",274.54,66.99999999999999,0.5678716563947263,0.6090932159134611,2176.0,0.9999999999999998
"[8464, 7445, 7439, 5813, 5054, 4499, 3854, 3853, 3490, 2433, 2324, 2180, 1950, 1873, 1420, 1299, 920, 851, 772, 691, 527, 416, 407, 277, 220, 208, 171, 64, 54, 32, 15]",150.08,31.000000000000004,0.6111233858905143,0.5785159855768885,903.9999999999999,0.0
"[8376, 7445, 7318, 6856, 6855, 5816, 5442, 5282, 5054, 4499, 4250, 3490, 2433, 2324, 2180, 1829, 802, 691, 416, 326, 172, 54]",70.99,21.999999999999996,0.6841251714892923,0.5464280692084607,353.0,0.9999999999999998
"[8464, 8376, 8161, 7895, 7371, 7318, 7143, 6858, 6856, 6373, 5816, 5813, 5442, 5282, 5094, 5054, 4499, 4315, 3787, 3490, 3273, 3044, 2770, 2180, 2026, 1829, 1420, 1246, 745, 691, 600, 486, 416, 326, 233, 172, 15, 8]",120.02,38.0,0.6377382578999179,0.4474186347544966,575.9999999999999,0.9999999999999998
"[8467, 8464, 8449, 8447, 7439, 7273, 5795, 4499, 4478, 4477, 4476, 4475, 4472, 4469, 3498, 3374, 3368, 3227, 2926, 2782, 2479, 2433, 2180, 2134, 2126, 2028, 1873, 1872, 1698, 1697, 1687, 1582, 1546, 1443, 1420, 1369, 1332, 1324, 1296, 1277, 1231, 1184, 1128, 1022, 1013, 978, 951, 920, 906, 851, 824, 808, 772, 734, 627, 614, 600, 596, 590, 582, 553, 458, 442, 433, 416, 407, 386, 370, 290, 277, 240, 233, 231, 224, 220, 214, 208, 202, 200, 190, 173, 171, 163, 162, 155, 150, 144, 86, 73, 62, 54, 38, 35, 32, 31, 8]",342.26,96.0,0.5499449385757164,0.5935043022054411,2997.0,0.9999999999999998
"[8466, 7273, 5120, 5048, 4535, 4499, 4478, 4477, 4476, 4475, 4472, 4469, 3903, 3490, 3227, 2926, 2479, 2433, 2324, 2180, 2134, 2126, 2028, 1873, 1872, 1698, 1697, 1687, 1598, 1582, 1556, 1546, 1461, 1443, 1420, 1369, 1332, 1320, 1231, 1184, 1128, 1104, 1022, 1013, 978, 951, 920, 851, 824, 808, 772, 734, 627, 614, 600, 596, 590, 582, 458, 442, 433, 416, 407, 386, 370, 277, 240, 231, 224, 220, 214, 209, 208, 202, 200, 190, 173, 171, 162, 150, 86, 77, 73, 62, 40, 38, 35, 32, 30, 26, 15, 8]",329.76,92.0,0.5360857814274529,0.5725514800036026,2832.0,0.9999999999999998
"[8466, 8307, 8120, 7143, 6256, 6073, 5563, 5094, 5083, 5048, 4535, 4499, 3903, 3490, 3445, 3227, 2433, 2324, 2180, 2134, 2126, 1698, 1687, 1598, 1582, 1556, 1546, 1461, 1320, 1184, 1128, 1104, 920, 824, 808, 772, 627, 614, 600, 596, 590, 582, 277, 173, 171, 163, 162, 150, 86, 62, 40, 38, 35, 32, 30, 26, 15, 8]",229.35,58.00000000000001,0.5560683070876458,0.5023677054327712,1623.9999999999998,0.9999999999999998
"[8455, 8397, 8120, 7895, 7445, 7371, 7318, 6787, 6087, 6073, 5563, 5252, 5048, 4905, 4875, 4688, 4614, 4535, 4499, 4437, 4315, 4250, 3876, 3787, 3738, 3490, 2488, 2324, 2180, 2142, 1882, 1873, 1828, 1681, 1461, 1369, 1299, 1246, 1231, 951, 948, 920, 851, 824, 801, 772, 433, 208, 202, 190, 62, 4]",167.51,52.0,0.6023282799342797,0.39534850445179126,839.9999999999999,0.0
"[8455, 7895, 7445, 7371, 7318, 6787, 6439, 6087, 5252, 4905, 4875, 4688, 4499, 4437, 3876, 3787, 3738, 3490, 2324, 2180, 1828, 1681, 1395, 1369, 1339, 920, 801, 772, 4]",83.98,29.000000000000004,0.6847692990176252,0.5156268210075383,358.00000000000006,0.9999999999999998
"[8592, 8307, 7445, 7318, 7294, 6787, 6470, 5595, 5282, 5254, 5054, 4631, 4499, 4250, 3819, 3596, 3227, 3090, 3037, 2868, 2656, 2433, 2324, 2295, 1873, 1781, 1698, 1582, 1497, 1491, 1246, 1201, 920, 851, 825, 824, 689, 627, 428, 407, 370, 290, 277, 220, 172, 35, 31, 4]",159.97,48.0,0.5934105124442784,0.4142398494128616,839.9999999999999,0.9999999999999998
"[8464, 8397, 7445, 7439, 7371, 5934, 5813, 5048, 4535, 4499, 3787, 3490, 3374, 3365, 2488, 2479, 2433, 2324, 2180, 1950, 1546, 1463, 1461, 1420, 1334, 1332, 1299, 1231, 951, 948, 904, 824, 772, 691, 433, 428, 416, 407, 306, 294, 290, 277, 208, 202, 190, 171, 62, 54, 35, 15, 8]",206.42,51.0,0.5776301531618774,0.4919818377744424,1281.0,0.9999999999999998
"[8455, 8307, 8161, 8135, 8120, 8119, 7895, 7814, 7445, 7371, 7143, 6900, 6534, 6380, 6373, 6256, 6073, 5595, 5563, 5252, 5094, 5054, 4688, 4535, 4499, 4455, 4437, 4315, 3949, 3787, 3490, 3445, 3310, 3044, 2499, 2488, 2479, 2400, 2324, 2028, 2026, 1889, 1882, 1782, 1781, 1546, 1497, 1461, 1443, 1369, 1299, 1246, 1231, 978, 948, 920, 851, 745, 734, 627, 588, 566, 515, 458, 442, 433, 428, 233, 231, 224, 220, 214, 208, 54]",224.51,74.0,0.5532347788847748,0.3552972132464718,1240.9999999999998,0.9999999999999998
"[8467, 8464, 8447, 8161, 7895, 7143, 7017, 5798, 5595, 5094, 5064, 4898, 4499, 4475, 3493, 3490, 3227, 3034, 2926, 2786, 2627, 2499, 2433, 2180, 2126, 2026, 1698, 1697, 1687, 1582, 1534, 1497, 1420, 1296, 1277, 1231, 1200, 1184, 1128, 978, 951, 920, 772, 734, 627, 614, 600, 596, 590, 582, 458, 442, 433, 382, 277, 240, 231, 224, 220, 214, 208, 202, 200, 190, 173, 171, 163, 162, 150, 141, 86, 73, 62, 54, 38, 35, 32, 30]",290.72,78.0,0.5627983487347266,0.5360526522206625,2191.0,0.0
"[8449, 8091, 6373, 4499, 3490, 3227, 2926, 2433, 2237, 2180, 2134, 2126, 1698, 1697, 1556, 1420, 1369, 1320, 1296, 1231, 1184, 1166, 1128, 920, 824, 808, 772, 734, 614, 600, 596, 590, 582, 527, 442, 240, 233, 231, 224, 220, 214, 208, 202, 200, 190, 173, 171, 163, 162, 150, 144, 86, 73, 64, 62, 54, 38, 35, 32, 30, 26, 15, 8]",261.65,63.0,0.5551260420027648,0.6009997795393686,2059.0,0.0
"[8466, 8447, 8161, 7273, 7143, 5595, 5094, 4499, 3903, 3490, 3227, 2926, 2627, 2433, 2324, 2180, 2136, 2134, 2126, 2026, 1698, 1697, 1687, 1598, 1582, 1556, 1546, 1497, 1461, 1332, 1320, 1231, 1184, 1128, 1104, 978, 951, 920, 824, 808, 772, 734, 627, 614, 600, 596, 590, 458, 442, 382, 277, 240, 231, 224, 220, 214, 209, 208, 202, 200, 190, 173, 171, 163, 162, 150, 86, 73, 62, 40, 38, 35, 32, 30, 26, 15, 8]",294.4,77.0,0.5416383278654519,0.5564813734095706,2267.0,0.0
"[8466, 8161, 8135, 8120, 8119, 7143, 6073, 5595, 5094, 5048, 4535, 4499, 4064, 3903, 3490, 3227, 3044, 3037, 2926, 2499, 2488, 2479, 2433, 2324, 2180, 2134, 2126, 2026, 1763, 1698, 1697, 1687, 1598, 1582, 1556, 1546, 1497, 1491, 1461, 1443, 1332, 1320, 1231, 1184, 1128, 1104, 978, 951, 920, 824, 808, 772, 734, 627, 614, 600, 596, 590, 582, 458, 442, 433, 407, 277, 240, 231, 224, 220, 214, 209, 208, 202, 200, 190, 173, 171, 163, 162, 150, 86, 73, 62, 40, 38, 35, 32, 30, 26, 15, 8]",310.52,90.0,0.5154022000744662,0.46487283538946356,2403.0,0.0
"[8592, 8307, 8161, 7676, 7445, 7318, 7294, 7143, 6470, 5595, 5282, 5254, 5094, 4631, 4499, 4250, 3819, 3596, 3227, 3090, 3044, 3037, 2868, 2656, 2433, 2324, 2180, 2028, 2026, 1873, 1781, 1698, 1582, 1497, 1491, 1246, 1201, 1184, 920, 851, 825, 824, 689, 627, 428, 407, 370, 290, 277, 220, 172, 35, 31, 4]",178.84,54.0,0.5725474497133807,0.42365885573855333,950.0000000000001,0.9999999999999998
"[8462, 8161, 8135, 8120, 8119, 7676, 7445, 7318, 7167, 7143, 6073, 5795, 5595, 5563, 5094, 5054, 4535, 4499, 4486, 4455, 4250, 4064, 3949, 3948, 3738, 3490, 3445, 3227, 3044, 3037, 2499, 2488, 2479, 2433, 2324, 2028, 2026, 1981, 1889, 1697, 1687, 1556, 1546, 1497, 1491, 1461, 1443, 1416, 1022, 978, 951, 948, 920, 798, 486, 458, 442, 433, 428, 416, 407, 290, 277, 155, 150, 86, 15]",222.04,66.99999999999999,0.5673043248028456,0.3984718003444594,1229.0,0.0
"[8467, 8464, 8447, 8161, 7895, 7439, 7143, 7017, 5798, 5595, 5094, 5064, 4898, 4499, 4475, 3854, 3493, 3490, 3227, 3034, 2786, 2499, 2433, 2180, 2126, 2026, 1698, 1697, 1687, 1582, 1534, 1497, 1420, 1299, 1296, 1277, 1231, 1200, 1194, 1184, 1128, 978, 951, 920, 772, 734, 627, 614, 600, 596, 590, 582, 458, 442, 433, 382, 277, 240, 231, 224, 220, 214, 208, 202, 200, 190, 173, 171, 163, 162, 150, 141, 86, 73, 54, 35, 15, 8]",286.62,78.0,0.5631046679626978,0.5343037268780629,2160.0,0.0
"[8437, 8397, 8376, 7895, 7445, 7371, 6245, 5934, 5816, 5813, 5795, 5282, 5247, 5094, 5064, 4535, 4499, 4475, 4185, 3854, 3787, 3490, 3034, 2748, 2650, 2499, 2433, 2349, 2324, 2180, 2118, 2026, 1829, 1546, 1420, 1369, 1231, 920, 906, 824, 772, 734, 691, 433, 428, 416, 294, 290, 233, 231, 224, 220, 214, 208, 200, 190, 173, 172, 171, 165, 163, 62, 54, 38, 31, 8]",235.5,66.0,0.5600222745512052,0.4446210876232275,1493.0,0.9999999999999998
"[4499, 3227, 3015, 2180, 1420, 1272, 920, 772, 277, 54, 35, 1]",85.13,11.999999999999998,0.677394789534572,0.6925433808862084,442.99999999999983,0.9999999999999998
"[8376, 8161, 7895, 7445, 7432, 7371, 7318, 7143, 6858, 6856, 6373, 5816, 5813, 5442, 5282, 5094, 5054, 4315, 3787, 3490, 3273, 3044, 2770, 2436, 2026, 1923, 1829, 1799, 1246, 745, 691, 600, 486, 416, 326, 233, 172]",78.5,37.0,0.6287391534228165,0.440780147668816,360.0000000000002,0.9999999999999998
"[7814, 7034, 3768, 2971, 1546, 1022, 824, 527, 515, 15]",43.78,9.999999999999996,0.6704824484439849,0.6789155071154847,247.9999999999999,0.9999999999999998
"[8307, 7814, 7445, 6373, 6256, 5252, 4688, 4499, 4437, 4315, 3490, 3131, 2400, 2324, 2142, 2011, 1882, 1546, 1369, 1299, 1246, 1184, 920, 880, 851, 745, 627, 566, 515, 416, 329, 163, 62, 54, 38]",139.11,35.0,0.6030908962144322,0.49385808785771457,749.0000000000002,0.9999999999999998
"[8376, 8161, 7895, 7445, 7432, 7371, 7318, 7143, 6858, 6856, 6855, 5816, 5813, 5442, 5282, 5094, 5054, 4315, 4250, 3787, 3490, 3298, 3273, 3044, 2770, 2436, 2433, 2026, 1923, 1829, 1799, 1246, 745, 691, 600, 486, 326, 233, 172]",77.5,39.0,0.6307270852950233,0.41060441319146457,358.00000000000006,0.9999999999999998
"[7445, 7318, 5282, 4499, 4250, 3490, 2433, 2324, 2180, 1829, 691, 416, 172]",49.19,13.0,0.7195138918419126,0.637460024197724,241.99999999999997,0.9999999999999998
"[8466, 8449, 8161, 8135, 8120, 8119, 7143, 6073, 5595, 5094, 5048, 4686, 4535, 4499, 4482, 4064, 3903, 3490, 3227, 3044, 3037, 2926, 2499, 2488, 2479, 2433, 2324, 2180, 2134, 2126, 2026, 1763, 1698, 1697, 1687, 1598, 1582, 1556, 1546, 1497, 1491, 1461, 1443, 1332, 1320, 1231, 1184, 1128, 978, 951, 920, 824, 808, 734, 627, 614, 600, 596, 590, 582, 458, 442, 433, 407, 277, 240, 231, 224, 220, 214, 209, 208, 202, 200, 190, 173, 171, 163, 162, 150, 86, 73, 62, 40, 38, 35, 32, 30, 26, 15]",316.51,90.0,0.5401740878976549,0.48427669952131014,2387.0,0.0
"[8467, 8464, 8449, 8447, 7676, 7439, 7273, 7167, 7143, 7115, 5795, 5064, 4499, 4478, 4477, 4476, 4475, 4472, 4469, 3490, 3374, 3368, 3227, 3037, 3023, 2926, 2782, 2479, 2433, 2180, 2134, 2126, 1873, 1872, 1698, 1697, 1687, 1484, 1443, 1420, 1369, 1332, 1324, 1296, 1277, 1231, 1184, 1128, 951, 920, 851, 824, 808, 772, 734, 627, 614, 600, 596, 590, 582, 553, 527, 486, 442, 433, 416, 407, 386, 370, 290, 277, 240, 233, 231, 224, 220, 214, 208, 202, 200, 190, 173, 171, 163, 162, 155, 150, 144, 86, 73, 62, 54, 38, 35, 32, 31, 15, 14]",337.88,99.0,0.5559566925903462,0.5746550297745664,2901.0,0.9999999999999998
"[7895, 7445, 7318, 5813, 5054, 4804, 4499, 4250, 3490, 3227, 2324, 2180, 2134, 2126, 1950, 1873, 1687, 920, 851, 772, 691, 596, 416, 277, 220, 208, 171, 64, 54, 32]",142.14,30.000000000000004,0.6130623825217687,0.563045684086737,792.0,0.0
"[8464, 8376, 8161, 7895, 7676, 7371, 7318, 7167, 7143, 7034, 6858, 6856, 6373, 5816, 5813, 5094, 5054, 4499, 4315, 4064, 3787, 3490, 3273, 3044, 2770, 2180, 2028, 2026, 1829, 1420, 1369, 1246, 1022, 824, 745, 691, 627, 600, 486, 416, 326, 172, 54, 38, 15, 8]",152.4,45.99999999999999,0.6251772811336795,0.4104241677719902,790.9999999999998,0.9999999999999998
"[8376, 7445, 7318, 7034, 6856, 6855, 5816, 5442, 5282, 5054, 4499, 4377, 4250, 3490, 2433, 2324, 2180, 1829, 802, 691, 416, 326, 172, 54]",73.58,24.0,0.6668708691077556,0.5215619834407457,361.9999999999999,0.9999999999999998
"[8464, 7445, 7439, 5813, 5054, 4499, 3854, 3853, 3490, 2324, 1950, 1873, 1420, 1299, 976, 920, 851, 772, 691, 527, 416, 277, 220, 208, 187, 171, 64, 54, 32, 15, 1]",151.84,31.000000000000004,0.6131779793103709,0.586772994974462,899.0000000000002,0.0
"[8592, 8307, 8161, 7852, 7676, 7445, 7318, 7294, 7143, 6470, 5595, 5282, 5254, 5094, 4631, 4499, 4250, 3819, 3227, 3090, 3044, 3037, 2868, 2656, 2433, 2324, 2180, 2026, 1873, 1781, 1698, 1582, 1497, 1491, 1246, 1201, 1184, 920, 851, 825, 824, 689, 627, 428, 407, 370, 290, 277, 220, 172, 35, 31, 4]",173.49,53.0,0.5783558761935792,0.42445980659590177,928.9999999999999,0.9999999999999998
"[8464, 8161, 8135, 8120, 8119, 7445, 7439, 7143, 6073, 5813, 5595, 5094, 5054, 4535, 4499, 4064, 3854, 3853, 3490, 3044, 3037, 2499, 2488, 2479, 2454, 2324, 2026, 1950, 1873, 1763, 1497, 1491, 1461, 1443, 1420, 1299, 978, 976, 951, 920, 851, 772, 734, 691, 458, 442, 433, 416, 277, 231, 224, 220, 208, 187, 171, 64, 54, 32, 15, 1]",225.06,60.00000000000001,0.5572493467024939,0.43820978861614535,1345.0,0.0
"[8376, 7895, 7445, 7371, 7318, 7143, 7066, 6858, 6856, 6787, 6373, 5816, 5813, 5442, 5252, 5094, 5054, 4688, 4315, 3787, 3490, 3273, 3044, 2770, 2180, 2142, 2026, 1246, 745, 691, 627, 600, 486, 326, 233, 73, 4]",93.74,37.0,0.6227918593970985,0.4527308049628682,419.99999999999994,0.9999999999999998
"[8376, 8120, 7676, 7521, 7445, 7439, 7318, 7167, 6824, 6439, 6073, 5816, 5563, 5442, 5282, 5054, 5048, 4905, 4875, 4535, 4499, 4250, 4099, 4064, 3948, 3490, 3227, 2963, 2488, 2433, 2324, 2180, 1911, 1829, 1789, 1698, 1491, 1299, 1184, 1022, 978, 920, 824, 802, 801, 691, 627, 458, 433, 416, 338, 306, 277, 202, 200, 173, 172, 171, 163, 62, 54, 38, 35, 32, 30, 26]",217.98,66.0,0.5603486102029919,0.37137682804589334,1273.0,0.0
"[8449, 6186, 4499, 2433, 2237, 2180, 2134, 2126, 1698, 1697, 1556, 1420, 1369, 1320, 1296, 1231, 1184, 1166, 920, 824, 808, 772, 734, 614, 596, 590, 582, 527, 442, 224, 220, 214, 208, 202, 200, 190, 173, 171, 163, 162, 150, 144, 86, 73, 64, 62, 54, 38, 35, 32, 30, 26, 15, 8]",236.35,54.0,0.5751656736485793,0.6269404709469418,1802.9999999999998,0.0
"[8307, 7814, 7294, 6470, 5595, 5252, 5054, 5048, 4499, 3819, 3493, 3037, 2868, 2656, 2433, 2295, 1873, 1781, 1582, 1497, 1491, 1246, 1201, 951, 920, 825, 824, 689, 627, 370, 220, 54]",111.86,32.00000000000001,0.6342323877808811,0.4981059766286706,558.0000000000001,0.9999999999999998
"[8462, 7445, 7318, 5795, 4499, 4455, 3948, 3738, 3227, 2433, 2324, 1981, 1889, 1697, 1687, 1556, 1546, 1416, 1022, 920, 798, 416, 407, 290, 277, 155, 150, 86, 15]",130.5,29.000000000000004,0.626649090070287,0.5696406642131429,711.9999999999999,0.9999999999999998
"[8466, 8449, 5048, 4686, 4499, 4482, 3903, 3490, 3227, 2926, 2433, 2324, 2180, 2134, 2126, 1698, 1697, 1687, 1598, 1556, 1546, 1332, 1320, 1231, 1184, 1128, 920, 824, 808, 627, 614, 600, 596, 590, 582, 407, 277, 240, 220, 214, 209, 208, 202, 200, 190, 173, 171, 163, 162, 150, 86, 73, 62, 40, 38, 35, 32, 30, 26, 15]",253.62,60.00000000000001,0.5748566855560968,0.6076127739287853,1896.0,0.0
"[8592, 7445, 7318, 6787, 6373, 5282, 5254, 4631, 4499, 4250, 3596, 3227, 3090, 2433, 2324, 977, 920, 627, 600, 407, 277, 32, 31, 4]",93.45,24.0,0.6536933387712736,0.5629247727856505,467.99999999999983,0.9999999999999998
"[8467, 8464, 8454, 8449, 8447, 7722, 7439, 7273, 6245, 5795, 4499, 4478, 4477, 4476, 4475, 4472, 4469, 4185, 3490, 3374, 3368, 3227, 2926, 2782, 2650, 2479, 2028, 1896, 1873, 1872, 1698, 1697, 1687, 1546, 1456, 1443, 1420, 1369, 1332, 1324, 1287, 1277, 1231, 1184, 1128, 1091, 1022, 1013, 978, 951, 920, 906, 851, 824, 808, 734, 627, 614, 600, 458, 433, 416, 407, 386, 370, 292, 290, 277, 240, 233, 231, 220, 214, 208, 202, 200, 190, 173, 171, 162, 155, 144, 86, 62, 55, 54, 35, 31, 15, 8, 1]",325.87,91.0,0.5574288388698537,0.5971630617703367,2642.0,0.9999999999999998
"[7895, 7445, 5813, 5054, 4804, 4499, 3490, 3227, 2433, 2324, 2180, 2134, 2126, 1950, 1873, 1687, 920, 851, 772, 596, 416, 277, 220, 208, 171, 64, 54, 32, 8]",141.98,29.000000000000004,0.6107134826412082,0.5783048023996701,817.0,0.0
"[8455, 8135, 8120, 8119, 7895, 7814, 7445, 7371, 6073, 6044, 5563, 5252, 5054, 4688, 4535, 4499, 4437, 4315, 3787, 3490, 2499, 2488, 2479, 2324, 1882, 1546, 1461, 1443, 1369, 1299, 1231, 978, 948, 920, 851, 588, 566, 515, 458, 442, 433, 428, 214, 208, 54]",160.93,44.99999999999999,0.5912347358843715,0.4509277601535868,875.0000000000001,0.0
"[8462, 8161, 8135, 8120, 8119, 7676, 7445, 7318, 7167, 7143, 6073, 5795, 5595, 5563, 5094, 5054, 4499, 4486, 4455, 4250, 4064, 3949, 3948, 3738, 3490, 3445, 3227, 3161, 3044, 3037, 2499, 2488, 2479, 2433, 2324, 2028, 2026, 1981, 1889, 1697, 1687, 1556, 1546, 1497, 1491, 1461, 1443, 1416, 1369, 1022, 978, 951, 948, 920, 851, 798, 486, 458, 442, 433, 428, 416, 407, 290, 277, 155, 150, 86, 15]",226.03,69.0,0.5665506103962388,0.39529164016917073,1300.0,0.0
"[8467, 8455, 8453, 8449, 8161, 8135, 8120, 8119, 7676, 7521, 7445, 7371, 7143, 6439, 6380, 6087, 6073, 5595, 5563, 5094, 5048, 4905, 4875, 4535, 4499, 4455, 4437, 4064, 3949, 3948, 3937, 3787, 3490, 3227, 3044, 3037, 2926, 2499, 2488, 2400, 2324, 2265, 2180, 2026, 1889, 1882, 1828, 1789, 1698, 1687, 1556, 1546, 1497, 1491, 1461, 1420, 1369, 1332, 1299, 1296, 1184, 978, 951, 948, 920, 851, 772, 627, 458, 442, 433, 306, 277, 173, 171, 163, 150, 86, 38, 35, 32, 30, 26, 15, 14]",274.72,85.0,0.5526120405997873,0.4204442723891597,1779.0,0.0
"[8376, 8120, 7676, 7521, 7167, 6824, 6439, 6073, 5816, 5795, 5563, 5442, 5054, 5048, 4905, 4535, 4499, 4064, 3948, 3493, 3490, 3365, 2926, 2539, 2488, 2479, 1911, 1828, 1789, 1698, 1546, 1491, 1443, 1299, 1060, 1022, 1003, 978, 948, 920, 824, 801, 691, 627, 566, 458, 433, 428, 416, 338, 306, 290, 202, 200, 173, 172, 171, 163, 62, 54, 38, 35, 1]",212.29,63.0,0.556457291533724,0.3889808531551704,1237.0,0.0
"[7445, 7439, 7318, 6824, 6439, 5282, 4905, 4875, 4499, 4250, 4099, 3490, 3227, 2963, 2433, 2324, 2180, 1829, 1698, 1299, 1283, 1184, 920, 802, 691, 433, 416, 306, 277, 173, 172, 171, 163, 54, 38, 35, 32, 30, 26]",159.77,39.0,0.5982959700987007,0.5110553478112695,945.9999999999999,0.0
"[7814, 6470, 5595, 5252, 5054, 5048, 4499, 3819, 3493, 3037, 2868, 2656, 2433, 1873, 1582, 1497, 1491, 1246, 1201, 951, 920, 825, 824, 689, 370, 220, 54]",101.94,27.0,0.6351808129468991,0.5353486304373298,508.0000000000001,0.9999999999999998
"[8464, 7445, 7439, 7371, 7143, 5795, 4499, 3854, 3841, 3787, 3490, 3227, 2724, 2433, 2324, 2180, 2026, 1687, 1443, 1420, 1299, 1246, 920, 798, 772, 745, 583, 416, 407, 299, 290, 277, 173, 165, 35, 15, 8]",161.26,37.0,0.6039283775003121,0.5449666449810648,920.0,0.0
"[7814, 5252, 5054, 4499, 3493, 3227, 2868, 2433, 1687, 1660, 1582, 1201, 920, 689, 150, 35]",70.5,16.0,0.6957680753108534,0.6343830946814815,347.9999999999999,0.9999999999999998
"[8307, 7294, 6470, 6204, 5595, 5254, 5054, 4499, 3819, 3227, 3037, 2868, 2656, 2433, 2295, 2180, 1873, 1781, 1562, 1497, 1491, 1246, 1201, 920, 825, 824, 627, 370, 277, 220, 150, 54, 4]",122.87,33.0,0.6249068812261303,0.49135426114659686,628.9999999999999,0.9999999999999998
"[8307, 7895, 7814, 7445, 7439, 7371, 7273, 6380, 6373, 6256, 5252, 4723, 4688, 4499, 4315, 3787, 3490, 3374, 3310, 2724, 2433, 2324, 1716, 1652, 1582, 1546, 1443, 1332, 1299, 1246, 1128, 951, 920, 745, 627, 614, 561, 553, 442, 433, 299, 290, 173, 54]",155.09000000000003,44.00000000000001,0.5765337351741556,0.4796227508362021,884.0,0.9999999999999998
"[8455, 8307, 8120, 7895, 7814, 7521, 7445, 7371, 7318, 7309, 7143, 6439, 6380, 6373, 6256, 6087, 6073, 5563, 5264, 5252, 5094, 4875, 4688, 4535, 4499, 4250, 3949, 3948, 3876, 3787, 3738, 3490, 3438, 3310, 3227, 2433, 2324, 2142, 1828, 1687, 1681, 1546, 1461, 1246, 1184, 948, 920, 801, 745, 627, 566, 433, 173, 172, 171, 155, 150, 54]",169.32,58.00000000000001,0.6047507823885443,0.3618123239434382,855.0000000000001,0.0
"[8455, 8445, 8307, 8119, 7918, 7895, 7814, 7521, 7445, 7371, 7143, 6900, 6858, 6856, 6749, 6439, 6380, 6373, 6256, 6087, 6073, 5563, 5252, 5094, 4875, 4688, 4535, 4499, 4455, 4437, 4315, 4310, 3949, 3948, 3787, 3490, 3445, 3310, 3273, 2770, 2499, 2488, 2479, 2324, 2142, 1889, 1882, 1828, 1782, 1781, 1745, 1546, 1461, 1443, 1369, 1299, 1246, 948, 920, 851, 818, 745, 627, 566, 515, 442, 433, 428, 233, 54]",185.83,70.0,0.5810525798699551,0.3169502496974599,894.0000000000001,0.9999999999999998
"[8464, 8397, 8161, 7445, 7439, 7371, 7140, 7017, 6110, 5795, 5595, 5094, 5048, 4499, 4475, 3854, 3841, 3787, 3490, 3374, 3227, 3034, 2926, 2786, 2724, 2488, 2433, 2324, 2180, 2026, 1873, 1716, 1687, 1534, 1497, 1443, 1420, 1332, 1299, 1246, 1231, 1128, 951, 920, 824, 798, 772, 734, 627, 614, 600, 561, 553, 442, 433, 416, 407, 377, 299, 290, 277, 240, 231, 224, 220, 208, 202, 173, 165, 62, 54, 35, 15, 8]",273.49,74.0,0.5456944830819193,0.44241645274472874,1862.0,0.0
"[7814, 1546, 1299, 1226, 952, 734, 515, 15]",40.36,7.999999999999995,0.67747082407503,0.6976896968587555,228.99999999999983,0.9999999999999998
"[8449, 6186, 4499, 2433, 2180, 1698, 1697, 1556, 1420, 1320, 1296, 1184, 920, 824, 808, 772, 527, 220, 188, 173, 171, 163, 162, 150, 144, 54, 38, 35, 32, 30, 26, 15, 8]",170.33,33.0,0.6071172120254574,0.6397962303526696,1140.0,0.0
"[8455, 8120, 7895, 7676, 7521, 7445, 7371, 7318, 7167, 6787, 6439, 6380, 6373, 6073, 5563, 5442, 5252, 5054, 4905, 4875, 4688, 4535, 4499, 4315, 4250, 4064, 3948, 3787, 3738, 3490, 2488, 2324, 2180, 2142, 1911, 1789, 1681, 1491, 1299, 1246, 1231, 1022, 978, 920, 824, 801, 772, 745, 734, 627, 564, 458, 433, 338, 240, 231, 224, 220, 214, 208, 202, 200, 190, 73, 62, 4]",203.89,66.0,0.5759594220367518,0.36651311565828903,1040.0,0.0
"[8376, 7445, 7318, 5816, 5442, 5282, 5054, 4499, 4250, 3490, 3472, 2433, 2324, 2180, 1829, 802, 691, 416, 326, 172, 123, 64, 54]",78.28,22.999999999999996,0.6721132192721119,0.5368183879841915,375.00000000000006,0.9999999999999998
"[8455, 8161, 8135, 8120, 8119, 7895, 7676, 7521, 7445, 7371, 7318, 7309, 7167, 7143, 6900, 6439, 6380, 6373, 6256, 6073, 5595, 5563, 5264, 5252, 5094, 5054, 4875, 4688, 4535, 4499, 4455, 4437, 4315, 4250, 4064, 3949, 3948, 3876, 3787, 3738, 3490, 3445, 3310, 3227, 3044, 3037, 2499, 2488, 2028, 2026, 1889, 1882, 1828, 1782, 1781, 1687, 1681, 1546, 1497, 1491, 1461, 1246, 1184, 1022, 978, 948, 920, 801, 745, 566, 560, 515, 486, 458, 442, 433, 172, 171, 155, 150, 54]",212.23,81.0,0.5678136717482698,0.2801299864407403,1043.0000000000002,0.0
"[8376, 7445, 7432, 7318, 5816, 5813, 5282, 3490, 2436, 2279, 1923, 1829, 691, 416, 172]",34.93,15.000000000000002,0.7108937418014754,0.6154488438602502,167.9999999999998,2.0
"[8492, 8397, 8376, 8161, 7445, 7439, 7432, 7371, 7318, 7140, 7052, 7017, 6110, 6073, 5819, 5816, 5813, 5595, 5563, 5282, 5094, 5048, 4927, 4900, 4798, 4535, 4475, 4250, 3876, 3787, 3490, 3034, 2926, 2786, 2488, 2436, 2433, 2324, 2235, 2026, 1923, 1873, 1828, 1799, 1716, 1534, 1497, 1246, 1231, 1201, 951, 824, 811, 734, 689, 627, 614, 600, 442, 433, 377, 310, 299, 240, 231, 224, 220, 208, 202, 173, 172, 62, 54]",209.26,73.0,0.5475805244113918,0.3588086995975246,1153.0,0.9999999999999998
"[8455, 8161, 8135, 8120, 8119, 7895, 7676, 7521, 7445, 7371, 7318, 7309, 7167, 7143, 6900, 6439, 6380, 6373, 6073, 5595, 5563, 5264, 5252, 5094, 5054, 4875, 4535, 4499, 4455, 4437, 4315, 4250, 4064, 3949, 3948, 3876, 3787, 3738, 3490, 3445, 3310, 3227, 3044, 3037, 2499, 2488, 2322, 2028, 2026, 1889, 1882, 1828, 1782, 1781, 1687, 1681, 1497, 1491, 1464, 1461, 1246, 1184, 1022, 978, 948, 920, 801, 772, 745, 486, 458, 442, 433, 172, 171, 155, 150]",195.0,77.0,0.5864270513253903,0.2926936204203511,903.0,0.9999999999999998
"[8376, 7445, 7439, 7318, 6855, 6824, 6439, 5816, 5442, 5282, 5054, 4905, 4875, 4499, 4250, 3490, 2433, 2324, 2180, 1829, 1698, 1283, 1184, 802, 691, 433, 416, 326, 306, 277, 173, 172, 171, 163, 92, 54, 38, 35, 32]",146.55,39.0,0.6001752162211133,0.44534717661774736,790.9999999999998,0.9999999999999998
"[8307, 7294, 6470, 6204, 5595, 5254, 5054, 4499, 4315, 3819, 3227, 3037, 2868, 2656, 2433, 2295, 2180, 2142, 1873, 1781, 1562, 1497, 1491, 1246, 1201, 920, 825, 824, 627, 370, 220, 150, 54, 4]",120.38,33.99999999999999,0.6338313913032662,0.49063171386865223,591.0000000000001,0.9999999999999998
"[8467, 8453, 8437, 8397, 7895, 7676, 7445, 7439, 7371, 6245, 5048, 4723, 4499, 3787, 3490, 3227, 3041, 2650, 2324, 2180, 1960, 1873, 1789, 1698, 1687, 1556, 1546, 1491, 1420, 1369, 1299, 1296, 1231, 1184, 920, 851, 824, 772, 734, 515, 306, 233, 231, 224, 220, 214, 208, 202, 200, 173, 171, 163, 150, 62, 38, 35, 32, 30, 26, 15, 14, 8]",242.38,62.0,0.5632074987986975,0.4981183482224041,1679.0,0.0
"[8467, 7445, 7432, 7318, 7143, 6373, 5282, 5094, 5048, 4499, 3490, 3227, 2982, 2436, 2279, 2238, 2026, 1923, 1698, 1556, 1296, 1184, 920, 745, 486, 416, 306, 277, 233, 150, 38, 35, 32, 30, 26, 15, 14]",153.91,37.0,0.6109258495254619,0.5228026852594633,864.0,0.9999999999999998
"[8376, 8120, 6824, 6439, 6073, 5816, 5795, 5563, 5442, 5054, 5048, 4905, 4535, 4499, 4064, 3493, 3490, 3365, 2539, 2488, 2479, 1981, 1828, 1698, 1546, 1491, 1443, 1299, 1003, 978, 948, 920, 824, 801, 691, 566, 458, 433, 428, 416, 338, 306, 290, 202, 200, 173, 172, 171, 163, 62, 54, 38, 35, 1]",193.18,54.0,0.5646368280442673,0.42594012343020116,1144.0000000000002,0.0
"[8466, 8447, 7273, 4499, 3903, 2627, 2433, 2324, 2180, 2136, 2134, 2126, 1698, 1598, 1582, 1556, 1546, 1461, 1332, 1320, 1231, 1184, 1128, 1104, 824, 808, 772, 734, 627, 614, 600, 596, 590, 382, 277, 240, 231, 224, 220, 209, 150, 86, 73, 62, 40, 38, 35, 30, 26, 23, 15, 8]",228.72999999999996,52.0,0.5842317438520542,0.5836510867188206,1535.9999999999998,0.0
"[8464, 8397, 8161, 7445, 7439, 7371, 7140, 7017, 5795, 5595, 5094, 5048, 4499, 3854, 3841, 3787, 3490, 3374, 3227, 3034, 2786, 2724, 2433, 2324, 2180, 2026, 1873, 1716, 1687, 1497, 1443, 1420, 1332, 1299, 1246, 1231, 1128, 951, 920, 824, 798, 772, 734, 627, 614, 600, 561, 553, 442, 433, 416, 407, 377, 299, 290, 277, 231, 224, 220, 208, 202, 173, 165, 62, 54, 35, 15, 8]",256.12,68.0,0.5419081029098369,0.4604044980694384,1778.0000000000002,0.0
"[8376, 8161, 8135, 8120, 7676, 7521, 7167, 7143, 6824, 6439, 6073, 5816, 5795, 5595, 5563, 5442, 5094, 5048, 4905, 4535, 4499, 4064, 3948, 3493, 3490, 3365, 3044, 3037, 2926, 2539, 2488, 2479, 2026, 1911, 1828, 1789, 1698, 1546, 1497, 1491, 1443, 1299, 1060, 1022, 1003, 978, 948, 920, 824, 801, 691, 627, 566, 458, 433, 428, 416, 338, 306, 290, 202, 200, 173, 172, 171, 163, 62, 54, 38, 35, 1]",225.42,71.0,0.5485477843131384,0.364959912178044,1300.0,0.0
"[8467, 8120, 7676, 7521, 7445, 7439, 7167, 6824, 6439, 6073, 5048, 4905, 4875, 4535, 4499, 4099, 4064, 3948, 3490, 3227, 2963, 2488, 2433, 2324, 2180, 1950, 1911, 1789, 1698, 1687, 1556, 1546, 1491, 1420, 1299, 1296, 1184, 1022, 978, 920, 824, 801, 772, 627, 458, 433, 306, 277, 202, 200, 173, 171, 163, 150, 62, 54, 38, 35, 32, 30, 26, 15, 14, 8]",231.46,64.0,0.5678490189786711,0.41766416898394265,1550.0000000000002,0.9999999999999998
"[8447, 8161, 8135, 7487, 7273, 7143, 6188, 5795, 5595, 5094, 4499, 4064, 3490, 3227, 3044, 3037, 2926, 2782, 2433, 2180, 2134, 2126, 2026, 1698, 1697, 1687, 1582, 1560, 1497, 1491, 1332, 1277, 1231, 1184, 1128, 1022, 978, 951, 920, 824, 808, 772, 734, 627, 614, 600, 596, 590, 582, 553, 527, 442, 277, 240, 233, 231, 224, 220, 214, 208, 202, 200, 190, 173, 171, 163, 162, 155, 150, 144, 86, 73, 62, 54, 38, 35, 32, 31, 15]",290.33,79.0,0.538573748883191,0.5031052626975964,2208.0,0.9999999999999998
"[8397, 8120, 7895, 7445, 7371, 6087, 6073, 6025, 5563, 5048, 4905, 4688, 4535, 4499, 4437, 4315, 3787, 3490, 3131, 2488, 2180, 2142, 2126, 1882, 1873, 1546, 1461, 1369, 1246, 1231, 1128, 951, 920, 851, 824, 627, 614, 600, 596, 590, 433, 214, 209, 208, 202, 190, 86, 62, 54, 15, 8]",195.57,51.0,0.5558338857824948,0.46597245235591445,1229.0,0.0
"[8307, 7814, 6256, 5252, 4688, 3401, 703, 627, 566, 515, 54]",38.15,10.999999999999998,0.7063908130796906,0.6527055996067521,180.99999999999994,0.9999999999999998
"[8592, 8307, 8161, 7676, 7445, 7318, 7294, 7143, 6787, 6470, 6110, 5595, 5282, 5254, 5094, 5054, 4631, 4499, 4475, 4250, 4064, 3819, 3596, 3227, 3090, 3044, 3037, 2926, 2868, 2656, 2433, 2324, 2028, 2026, 1873, 1781, 1698, 1582, 1534, 1497, 1491, 1246, 1201, 920, 851, 825, 824, 689, 627, 428, 407, 370, 290, 277, 240, 220, 172, 31, 4]",178.49,59.00000000000001,0.5932521365225686,0.387124141959474,922.0000000000001,0.9999999999999998
"[8592, 8307, 8161, 7814, 7676, 7445, 7318, 7294, 7143, 6470, 5595, 5282, 5254, 5252, 5094, 4631, 4499, 4427, 4250, 4064, 3819, 3596, 3227, 3090, 3044, 3037, 2868, 2656, 2433, 2324, 2028, 2026, 1873, 1781, 1698, 1582, 1497, 1491, 1246, 1201, 920, 851, 825, 824, 689, 627, 428, 407, 370, 290, 277, 220, 172, 35, 31, 4]",173.62,56.00000000000001,0.5782311898551309,0.3789026850673909,908.0000000000001,0.9999999999999998
"[7895, 7445, 6852, 6439, 6373, 4905, 4875, 4499, 4315, 3787, 3490, 2433, 2324, 2180, 2126, 1546, 1246, 1231, 1128, 734, 627, 614, 600, 596, 590, 433, 277, 231, 224, 220, 214, 209, 208, 163, 86, 54, 38, 32, 15, 8]",176.36,40.0,0.5731373329330673,0.5448842631164662,1189.0,0.0
"[8453, 8449, 7895, 7445, 4499, 3490, 3227, 2324, 2180, 2134, 2126, 1873, 1687, 1546, 1420, 1296, 920, 851, 772, 596, 277, 220, 208, 171, 54, 32, 15, 14, 8]",159.49,29.000000000000004,0.6275402095926236,0.6352584676426372,1012.0,0.0
"[8161, 7852, 7445, 7318, 6470, 5595, 5282, 5094, 4631, 4499, 4250, 3227, 3044, 3037, 2868, 2656, 2324, 1873, 1698, 1687, 1582, 1497, 1491, 1299, 1246, 1201, 1184, 920, 851, 825, 824, 527, 428, 290, 220, 172, 153, 40, 35, 32, 31, 15, 14]",167.6,43.00000000000001,0.5919476632421582,0.5086574739064003,956.0,0.0
"[8161, 8135, 8120, 8119, 8073, 7895, 7676, 7521, 7445, 7371, 7167, 7157, 7143, 6900, 6439, 6380, 6373, 6073, 5595, 5563, 5094, 5054, 4535, 4455, 4437, 4315, 4250, 4064, 3949, 3948, 3876, 3787, 3738, 3490, 3445, 3310, 3227, 3044, 3037, 2499, 2488, 2322, 2196, 2180, 2028, 2026, 1889, 1882, 1828, 1782, 1781, 1546, 1497, 1491, 1464, 1461, 1246, 1184, 1022, 978, 948, 920, 801, 745, 486, 458, 442, 433, 277, 172, 171, 155, 54, 15]",198.29,74.0,0.5271400306125379,0.3402206020961579,1023.9999999999998,0.9999999999999998
"[8464, 8445, 8397, 8161, 7445, 7439, 7371, 7104, 7034, 5795, 5595, 5094, 5048, 4499, 4472, 3854, 3841, 3787, 3490, 3445, 3374, 3227, 3034, 2724, 2433, 2324, 2180, 2026, 1873, 1782, 1716, 1687, 1497, 1443, 1420, 1332, 1299, 1246, 1231, 951, 920, 824, 798, 772, 627, 600, 561, 553, 442, 433, 416, 407, 299, 290, 277, 220, 208, 202, 192, 173, 165, 62, 54, 35, 15]",246.09,65.0,0.5558302191215465,0.4818545718850731,1598.0,0.0
"[7445, 7322, 7318, 4499, 4250, 2903, 2433, 2324, 2180, 1556, 920, 802, 416, 277]",58.94,14.0,0.6943702928682467,0.6322787537926289,297.00000000000006,0.9999999999999998
"[8397, 8161, 7895, 7445, 7371, 7318, 7140, 7017, 6787, 6373, 5595, 5252, 5094, 5048, 4688, 4499, 4315, 4250, 3787, 3738, 3490, 3374, 3034, 2786, 2724, 2324, 2180, 2142, 2026, 1873, 1716, 1681, 1497, 1332, 1299, 1246, 1231, 1128, 951, 920, 824, 772, 745, 734, 627, 614, 600, 561, 553, 442, 433, 377, 299, 224, 220, 214, 209, 208, 202, 200, 190, 173, 73, 62, 54, 35, 32, 4]",237.58,68.0,0.5356832906314017,0.43298267976472693,1478.0,0.0
"[8464, 8449, 8447, 7439, 7273, 6605, 5795, 5334, 4499, 4478, 4477, 4476, 4475, 4472, 4469, 3493, 3490, 3374, 3368, 3227, 2926, 2782, 2479, 2433, 2180, 2134, 2126, 2028, 1873, 1872, 1698, 1697, 1687, 1582, 1546, 1443, 1420, 1369, 1332, 1324, 1296, 1277, 1231, 1226, 1184, 1128, 1022, 1013, 978, 952, 951, 920, 851, 824, 808, 772, 734, 627, 614, 600, 596, 590, 582, 553, 458, 442, 433, 416, 407, 386, 370, 290, 277, 240, 233, 231, 224, 220, 214, 208, 202, 200, 190, 173, 171, 163, 162, 155, 150, 144, 86, 73, 62, 54, 38, 35, 15]",341.89,97.0,0.542526404919046,0.5793180278811965,2960.0,0.0
"[8492, 8455, 8307, 8161, 7895, 7676, 7647, 7521, 7444, 7439, 7432, 7371, 7318, 7241, 7167, 7159, 7143, 6997, 6787, 6439, 6380, 6373, 5911, 5595, 5568, 5565, 5282, 5254, 5054, 4898, 4875, 4631, 4584, 4536, 4499, 4315, 4250, 4169, 4064, 3948, 3876, 3854, 3848, 3787, 3738, 3538, 3416, 3310, 3227, 3090, 3037, 2942, 2868, 2830, 2433, 2387, 2374, 2324, 1846, 1828, 1799, 1582, 1497, 1491, 1468, 1246, 1231, 1184, 1022, 977, 920, 801, 745, 734, 627, 486, 407, 370, 364, 325, 310, 299, 277, 214, 208, 190, 173, 172, 171, 155, 31, 4]",227.84,92.0,0.5778967441942913,0.3111089002467058,1059.0,0.9999999999999998
"[2436, 1923, 1546, 1226, 952, 734, 15]",31.72,7.000000000000005,0.6885682222487258,0.7173977440951782,203.99999999999983,0.9999999999999998
"[8307, 7814, 6256, 5264, 5252, 4688, 1814, 1546, 703, 627, 566, 515, 54]",47.69,13.0,0.6678272290915923,0.6228431536966765,256.9999999999998,0.9999999999999998
"[6900, 6713, 3445, 1782, 1497, 1299, 772, 515]",21.61,7.999999999999995,0.7451764443016559,0.6938711087673693,100.99999999999986,2.0
"[8467, 4499, 458, 15, 1]",43.74,5.0000000000000036,0.7514778400548288,0.7788741886765942,191.0000000000001,0.9999999999999998
"[8376, 8161, 7895, 7814, 7445, 7432, 7371, 7318, 7143, 6858, 6856, 6373, 5816, 5813, 5442, 5282, 5094, 5054, 4315, 3787, 3490, 3273, 3044, 2770, 2026, 1829, 1246, 841, 745, 691, 600, 515, 486, 416, 326, 233, 172]",78.2,37.0,0.6315084255630684,0.42021855751366255,364.0,0.9999999999999998
"[8464, 8238, 8161, 8135, 7895, 7814, 7676, 7647, 7521, 7445, 7309, 7167, 7159, 7143, 7115, 7052, 6997, 6588, 6439, 6380, 6373, 6073, 5595, 5568, 5563, 5443, 5264, 5252, 5101, 5064, 4927, 4905, 4898, 4875, 4584, 4536, 4535, 4489, 4455, 4437, 4395, 4315, 4064, 3979, 3949, 3948, 3937, 3787, 3538, 3416, 3037, 3023, 2967, 2942, 2499, 2433, 2400, 2387, 2374, 2196, 2180, 2030, 2001, 1889, 1882, 1846, 1546, 1497, 1491, 1484, 1468, 1369, 1332, 1299, 1246, 1231, 1072, 977, 906, 851, 801, 772, 745, 734, 627, 486, 400, 370, 364, 325, 277, 240, 231, 224, 220, 214, 209, 208, 54, 15]",253.14,100.0,0.5416049594787061,0.2701040417534406,1266.0000000000002,0.0
"[8467, 8453, 4499, 2926, 2180, 1687, 1556, 1546, 1420, 1324, 1311, 920, 515, 277, 150, 26, 15, 14, 8]",120.29,19.000000000000004,0.6623516506897292,0.7006383865734024,684.9999999999998,0.9999999999999998
"[8455, 8161, 7895, 7676, 7647, 7521, 7445, 7439, 7432, 7371, 7318, 7241, 7167, 7159, 7143, 7115, 6997, 6588, 6439, 6380, 6373, 5911, 5595, 5568, 5064, 4898, 4875, 4584, 4536, 4489, 4315, 4250, 4169, 4064, 3979, 3948, 3876, 3854, 3848, 3787, 3738, 3618, 3538, 3416, 3310, 3227, 3037, 3023, 2958, 2942, 2830, 2433, 2387, 2374, 2324, 2001, 1904, 1846, 1828, 1809, 1799, 1546, 1497, 1491, 1484, 1468, 1246, 1231, 1211, 1184, 977, 801, 745, 734, 486, 364, 325, 310, 299, 277, 214, 208, 190, 173, 172, 163, 155, 30, 26, 15, 8]",229.39,91.0,0.5745444529825009,0.3187448420277115,1120.0,0.9999999999999998
"[8592, 7445, 7318, 6787, 6373, 5282, 5254, 4631, 4499, 4250, 3596, 3227, 3090, 2728, 2324, 977, 920, 627, 600, 407, 277, 73, 32, 31, 4]",96.38,25.0,0.6561303733558564,0.5636777978936044,494.0000000000001,0.9999999999999998
"[8455, 8161, 8135, 8120, 8119, 7895, 7814, 7445, 7371, 6373, 6073, 5595, 5563, 5292, 5252, 5094, 5054, 4688, 4535, 4499, 4455, 4437, 4315, 3787, 3490, 3044, 2499, 2488, 2479, 2400, 2324, 2026, 1889, 1882, 1546, 1461, 1443, 1369, 1299, 1246, 1231, 948, 920, 851, 745, 734, 588, 566, 515, 458, 442, 433, 428, 233, 231, 224, 220, 214, 208, 54]",199.55999999999997,60.00000000000001,0.5698195746714524,0.39864615427805794,1114.0,0.9999999999999998
"[8449, 8397, 8120, 7895, 7371, 6087, 6073, 5563, 5048, 4905, 4688, 4535, 4499, 4437, 4315, 3787, 3490, 3227, 3131, 2488, 2180, 2142, 1873, 1687, 1461, 1369, 1246, 1231, 1184, 951, 920, 906, 851, 824, 433, 416, 305, 242, 208, 202, 190, 163, 150, 62, 54, 38, 32, 31, 24, 15]",199.53,50.0,0.5867598038914532,0.49262041214949315,1239.0,0.0
"[8453, 7895, 7445, 5075, 4499, 3490, 3227, 2324, 2180, 2134, 2126, 1873, 1687, 1546, 1420, 920, 851, 772, 596, 277, 220, 208, 171, 54, 32, 14, 8]",148.94,27.0,0.6166535176764691,0.615489037116082,899.0000000000002,0.9999999999999998
"[8592, 8307, 8161, 7814, 7676, 7445, 7318, 7294, 7143, 6470, 5595, 5254, 5252, 5094, 4631, 4499, 4427, 4250, 4064, 3819, 3596, 3227, 3090, 3044, 3037, 2868, 2656, 2324, 2028, 2026, 1873, 1857, 1781, 1698, 1582, 1497, 1491, 1246, 1201, 920, 851, 825, 824, 689, 627, 428, 407, 370, 290, 277, 220, 172, 35, 31, 4, 1]",175.65000000000003,56.00000000000001,0.5781944706067313,0.38024441061682035,939.0000000000001,0.9999999999999998
"[8397, 8161, 7895, 7445, 7371, 7318, 7140, 7017, 6787, 6373, 5595, 5252, 5094, 5048, 4688, 4499, 4315, 4250, 3787, 3738, 3490, 3374, 3034, 2786, 2724, 2439, 2433, 2324, 2180, 2142, 2026, 1873, 1716, 1681, 1497, 1332, 1299, 1246, 1231, 1128, 951, 920, 824, 772, 745, 734, 627, 614, 600, 561, 553, 442, 433, 377, 299, 224, 220, 214, 209, 208, 202, 200, 190, 173, 62, 54, 35, 32, 4]",237.05,69.0,0.5293324179887804,0.4305352400072475,1468.0,0.9999999999999998
"[8467, 8464, 8449, 8447, 7439, 7273, 7115, 5795, 5064, 4499, 4478, 4477, 4476, 4475, 4472, 4469, 3698, 3490, 3374, 3368, 3227, 2926, 2782, 2479, 2433, 2180, 2134, 2126, 1873, 1872, 1698, 1697, 1687, 1443, 1420, 1369, 1332, 1324, 1296, 1277, 1231, 1184, 951, 920, 851, 824, 808, 772, 734, 627, 614, 600, 596, 590, 582, 553, 527, 442, 433, 416, 407, 386, 370, 290, 277, 240, 233, 231, 224, 220, 214, 202, 200, 190, 173, 171, 163, 162, 155, 150, 144, 86, 73, 54, 38, 35, 32, 31, 15, 14]",326.89,90.0,0.5561542329428386,0.5973264895479549,2790.0,0.0
"[8610, 2325, 1546, 416, 210, 15]",29.78,6.000000000000004,0.7065286048496585,0.7311098021003922,171.0000000000002,0.9999999999999998
"[8466, 8449, 8161, 8135, 8120, 8119, 7487, 7273, 7143, 7050, 6186, 6073, 5595, 5563, 5094, 5048, 4535, 4499, 4064, 3903, 3490, 3227, 3044, 3037, 2926, 2499, 2488, 2433, 2324, 2180, 2134, 2126, 2026, 1698, 1697, 1687, 1556, 1497, 1491, 1461, 1420, 1332, 1320, 1296, 1231, 1184, 1128, 1104, 978, 951, 920, 824, 808, 772, 734, 627, 614, 600, 596, 590, 527, 458, 442, 277, 240, 231, 224, 220, 214, 209, 208, 202, 200, 190, 188, 173, 171, 163, 162, 150, 144, 86, 38, 35, 32, 30, 26, 15, 8]",307.08,89.0,0.5344962475652895,0.48089056075112413,2273.0,0.0
"[8376, 7445, 6856, 6855, 5816, 5442, 5054, 4905, 4486, 4437, 3490, 2180, 1546, 1461, 920, 691, 433, 326, 172, 54, 15, 8]",102.56,21.999999999999996,0.6288637749427081,0.5702031511836222,561.9999999999999,0.9999999999999998
"[8592, 8307, 7814, 7676, 7445, 7318, 7294, 7143, 7066, 6470, 5595, 5282, 5254, 5252, 5094, 4631, 4499, 4427, 4250, 4064, 3819, 3596, 3227, 3090, 3044, 3037, 2868, 2656, 2324, 2028, 2026, 1873, 1781, 1698, 1582, 1497, 1491, 1246, 1201, 920, 851, 825, 824, 689, 627, 515, 428, 407, 370, 290, 277, 220, 172, 35, 31, 4]",171.77,56.00000000000001,0.5752547187731047,0.37745067170245195,916.0000000000002,0.9999999999999998
"[8135, 8120, 7521, 7445, 7157, 6439, 6087, 6073, 5563, 4905, 4535, 4499, 4455, 4437, 3949, 3948, 3937, 3876, 3490, 2926, 2499, 2488, 2433, 2400, 1889, 1882, 1842, 1828, 1546, 1491, 1461, 1420, 1369, 1332, 978, 951, 948, 920, 906, 851, 458, 442, 433, 54, 32, 26, 8]",168.62,47.0,0.5807537602836836,0.4508093113773415,942.0,0.9999999999999998
"[8467, 8453, 4499, 3838, 3490, 2926, 2180, 1687, 1582, 1556, 1546, 1534, 1420, 1324, 1311, 920, 596, 590, 582, 515, 277, 200, 171, 150, 73, 62, 54, 26, 15, 14, 8]",169.04,31.000000000000004,0.6264107165630809,0.6480368294435571,1068.9999999999998,0.0
"[8467, 8464, 8449, 8447, 8376, 7445, 7439, 7318, 7273, 5816, 5795, 5334, 5282, 5054, 4499, 4482, 4478, 4477, 4476, 4475, 4472, 4250, 3490, 3374, 3368, 3227, 2926, 2782, 2479, 2433, 2324, 2180, 2028, 1873, 1872, 1829, 1698, 1697, 1687, 1443, 1420, 1369, 1332, 1324, 1296, 1277, 1231, 1184, 1128, 1022, 1013, 951, 920, 900, 851, 824, 808, 802, 772, 734, 691, 627, 614, 600, 458, 442, 433, 416, 407, 386, 370, 290, 277, 240, 233, 231, 224, 220, 214, 208, 202, 200, 190, 187, 173, 172, 171, 163, 162, 155, 150, 144, 123, 86, 54]",329.36,95.0,0.544620849630585,0.5188735640470926,2563.0,0.0
"[8135, 8120, 8119, 6534, 6073, 5563, 5054, 4535, 4499, 3642, 3493, 3490, 2499, 2488, 2479, 2324, 1546, 1461, 1443, 952, 948, 920, 566, 442, 433, 428, 54, 35, 15]",119.69,29.000000000000004,0.6183115505236421,0.5504155240662911,655.0000000000001,0.9999999999999998
"[8592, 7487, 7445, 7318, 6787, 6373, 5282, 5254, 4631, 4499, 4250, 3596, 3490, 3227, 3090, 2926, 2728, 2433, 2324, 1332, 1022, 978, 977, 951, 920, 824, 808, 772, 627, 600, 442, 407, 73, 32, 31, 4]",141.72000000000003,36.0,0.6026302185500026,0.5085955097579328,764.0,0.9999999999999998
"[8447, 8161, 8135, 7273, 7143, 6188, 5795, 5595, 5094, 4499, 4064, 3227, 3044, 3037, 2782, 2180, 2134, 2126, 2026, 1698, 1697, 1687, 1582, 1560, 1497, 1491, 1277, 1199, 1184, 1128, 920, 734, 627, 614, 600, 596, 590, 582, 553, 527, 277, 240, 233, 231, 224, 220, 214, 208, 202, 200, 190, 173, 171, 163, 162, 155, 150, 144, 86, 73, 62, 54, 38, 35, 32, 31, 15]",255.51,66.99999999999999,0.5660363506541501,0.5320839731905702,1882.0,0.0
"[8447, 8161, 8135, 7487, 7445, 7273, 7143, 5795, 5595, 5094, 4499, 4486, 4064, 3490, 3227, 3116, 3044, 3037, 2926, 2782, 2433, 2180, 2134, 2126, 2026, 1698, 1697, 1687, 1582, 1560, 1546, 1497, 1491, 1332, 1277, 1231, 1184, 1128, 1022, 978, 951, 920, 824, 808, 772, 734, 627, 614, 600, 596, 590, 582, 553, 442, 277, 240, 233, 231, 224, 220, 214, 208, 202, 200, 190, 173, 171, 163, 162, 155, 150, 144, 86, 73, 62, 54, 38, 35, 15, 8]",294.6,80.0,0.5504562047303699,0.49147096516160094,2232.0,0.9999999999999998
"[8453, 8376, 8120, 7676, 7521, 7167, 6073, 5816, 5795, 5563, 5442, 5054, 5048, 4905, 4535, 4499, 4064, 3948, 3493, 3490, 3365, 2926, 2539, 2488, 2479, 1911, 1828, 1789, 1698, 1546, 1491, 1443, 1299, 1060, 1022, 1003, 978, 948, 824, 801, 691, 627, 571, 566, 515, 458, 433, 428, 416, 338, 306, 290, 202, 200, 173, 172, 171, 163, 62, 54, 38, 35]",206.19,62.0,0.5696467967313071,0.3980778947182624,1182.0000000000002,0.0
"[8464, 8238, 8161, 8135, 7895, 7676, 7647, 7521, 7445, 7309, 7167, 7159, 7143, 7115, 7052, 6997, 6588, 6439, 6380, 6373, 6073, 5595, 5568, 5563, 5443, 5264, 5101, 5064, 4927, 4905, 4898, 4875, 4584, 4536, 4535, 4489, 4455, 4437, 4395, 4315, 4250, 4064, 3979, 3949, 3948, 3937, 3787, 3538, 3416, 3037, 3023, 2967, 2942, 2499, 2433, 2400, 2387, 2374, 2322, 2196, 2180, 2030, 2001, 1889, 1882, 1846, 1546, 1497, 1491, 1484, 1468, 1369, 1332, 1299, 1246, 1231, 1072, 977, 920, 906, 851, 801, 772, 745, 734, 486, 400, 370, 364, 277, 240, 231, 224, 220, 214, 209, 208, 54, 15]",251.34,99.0,0.555148426737158,0.2707644641259893,1284.9999999999998,0.0
"[8592, 8307, 7814, 7676, 7445, 7318, 7294, 7167, 7143, 7066, 6900, 6470, 5595, 5282, 5254, 5252, 5094, 4631, 4499, 4427, 4250, 4064, 3819, 3596, 3445, 3227, 3090, 3044, 3037, 2868, 2656, 2324, 2322, 2028, 2026, 1873, 1782, 1781, 1698, 1582, 1497, 1491, 1211, 1201, 1022, 920, 851, 825, 824, 689, 627, 515, 428, 407, 370, 290, 277, 220, 172, 35, 31, 4]",185.39,62.0,0.5719884256776939,0.355436049520387,975.9999999999999,0.0
"[8307, 8184, 7445, 7294, 5595, 4499, 3819, 3037, 2903, 2656, 2433, 2324, 2295, 1781, 1556, 1497, 1491, 1420, 1246, 920, 627, 370, 277, 220, 163, 15, 8]",112.73,27.0,0.6418770025274424,0.5664974308588934,595.0,0.9999999999999998
"[8455, 8161, 8135, 8120, 8119, 7895, 7521, 7445, 7371, 7318, 7309, 7143, 6900, 6439, 6380, 6373, 6256, 6073, 5620, 5595, 5563, 5264, 5252, 5094, 5054, 4875, 4688, 4535, 4499, 4455, 4437, 4315, 4250, 4064, 3949, 3948, 3876, 3787, 3738, 3490, 3445, 3310, 3044, 3037, 2499, 2488, 2028, 2026, 1889, 1882, 1828, 1782, 1781, 1687, 1681, 1546, 1497, 1491, 1461, 1246, 1184, 978, 948, 920, 801, 745, 566, 560, 515, 486, 458, 442, 433, 172, 171, 155, 150, 54]",204.37,78.0,0.5791097155518732,0.29827483656132636,983.0000000000001,0.0
"[8467, 8464, 8449, 8447, 8376, 7445, 7439, 7273, 5816, 5334, 5054, 4499, 4482, 4478, 4477, 4476, 4475, 4472, 3524, 3490, 3374, 3368, 3227, 2926, 2782, 2479, 2433, 2324, 2180, 2028, 1873, 1829, 1698, 1697, 1687, 1556, 1443, 1420, 1369, 1332, 1324, 1296, 1277, 1231, 1184, 1128, 1022, 1013, 951, 920, 900, 851, 824, 808, 802, 772, 734, 691, 627, 614, 600, 527, 458, 442, 433, 416, 407, 386, 370, 290, 277, 240, 233, 231, 224, 220, 214, 208, 202, 200, 190, 187, 173, 171, 163, 162, 150, 144, 86, 35, 32, 30, 26, 15, 8]",335.66,95.0,0.5450368544849126,0.545388489025122,2774.0,0.0
"[8467, 7895, 6188, 4499, 4120, 3490, 3227, 2324, 2180, 1873, 1687, 1420, 1332, 1296, 920, 772, 596, 527, 220, 171, 38, 35, 32, 31, 15, 14]",147.3,26.0,0.6158941506476149,0.6312178273812246,898.0,0.9999999999999998
"[8464, 8161, 7895, 7676, 7371, 7167, 7143, 7034, 6824, 6373, 5816, 5795, 5094, 4499, 4315, 4064, 3896, 3787, 3493, 3490, 3365, 3044, 2770, 2028, 2026, 1828, 1546, 1443, 1420, 1369, 1299, 1246, 1022, 920, 824, 801, 745, 691, 627, 600, 486, 416, 290, 172, 54, 38, 1]",170.06,47.0,0.5948173535847614,0.4549189066340589,911.9999999999999,0.9999999999999998
"[8464, 8455, 8135, 8120, 8119, 7895, 7521, 7445, 6824, 6439, 6380, 6373, 6087, 6073, 5795, 5563, 4905, 4875, 4535, 4499, 4455, 4437, 4315, 4179, 3949, 3948, 3937, 3876, 3493, 3490, 3365, 2926, 2499, 2488, 2479, 2433, 2400, 2324, 1889, 1882, 1828, 1698, 1546, 1491, 1461, 1443, 1420, 1369, 1332, 1299, 1246, 978, 951, 948, 920, 906, 851, 801, 772, 745, 734, 627, 458, 442, 433, 428, 416, 290, 240, 231, 224, 220, 172, 171, 38, 35, 1]",248.15,77.0,0.5593474868043878,0.40477564222744955,1481.0,0.9999999999999998
"[8464, 8161, 8135, 7895, 7676, 7647, 7521, 7445, 7309, 7167, 7159, 7143, 7115, 7052, 6997, 6588, 6439, 6380, 6373, 6073, 5595, 5568, 5563, 5443, 5264, 5101, 5064, 4927, 4905, 4898, 4875, 4584, 4536, 4535, 4489, 4455, 4437, 4395, 4315, 4250, 4064, 3979, 3949, 3948, 3937, 3787, 3538, 3416, 3037, 3023, 2967, 2942, 2499, 2433, 2400, 2387, 2374, 2322, 2196, 2180, 2030, 2001, 1889, 1882, 1846, 1546, 1497, 1491, 1484, 1468, 1369, 1332, 1299, 1246, 1231, 1072, 977, 949, 920, 906, 851, 801, 772, 745, 734, 486, 400, 370, 364, 277, 240, 231, 224, 220, 214, 209, 208, 54, 32, 15]",256.87,100.0,0.550767583089902,0.27209978699104886,1344.0000000000002,0.0
"[8592, 8437, 7814, 7676, 7445, 7318, 7143, 7066, 6470, 5595, 5282, 5254, 5252, 5094, 4723, 4631, 4499, 4250, 4064, 3819, 3596, 3227, 3090, 3044, 3037, 2868, 2656, 2324, 2026, 1873, 1789, 1698, 1582, 1497, 1491, 1246, 1201, 920, 851, 824, 689, 515, 428, 407, 290, 277, 233, 220, 172, 112, 35, 31, 4]",164.35,53.0,0.58461388148743,0.38992425167155353,855.0000000000001,0.0
"[8468, 8464, 8135, 8120, 8119, 7895, 7521, 7445, 6439, 6380, 6373, 6087, 6073, 5563, 4905, 4875, 4535, 4499, 4455, 4437, 4315, 3949, 3948, 3937, 3876, 3787, 3490, 2926, 2499, 2488, 2433, 2400, 2324, 2180, 2126, 1889, 1882, 1828, 1546, 1491, 1461, 1420, 1369, 1332, 1299, 1246, 1231, 1128, 978, 951, 948, 920, 906, 851, 801, 772, 745, 734, 627, 614, 600, 596, 590, 458, 442, 433, 240, 231, 224, 220, 214, 209, 208, 86, 24, 15]",258.63,76.0,0.5514955342823532,0.41760157528260833,1595.0,0.0
"[8161, 8135, 8120, 8119, 7167, 7143, 6824, 6439, 6073, 5816, 5795, 5595, 5563, 5442, 5094, 5054, 5048, 4535, 4499, 4455, 4064, 3949, 3948, 3493, 3490, 3445, 3365, 3044, 3037, 2973, 2782, 2499, 2488, 2479, 2028, 2026, 1889, 1828, 1697, 1546, 1497, 1491, 1461, 1443, 1299, 1246, 1231, 1022, 978, 948, 920, 824, 801, 734, 691, 566, 486, 458, 442, 433, 428, 416, 306, 290, 231, 224, 220, 214, 202, 200, 190, 173, 172, 171, 163, 162, 62, 54, 38, 35, 1]",265.89,81.0,0.5197570307576261,0.375637830642531,1670.0,0.0
"[8449, 8445, 8397, 8161, 7371, 7104, 7034, 5795, 5595, 5094, 5048, 4905, 4499, 4472, 4264, 3787, 3490, 3445, 3374, 3227, 3034, 2724, 2180, 2026, 1873, 1782, 1716, 1687, 1497, 1461, 1443, 1332, 1246, 1231, 1184, 951, 920, 906, 824, 798, 627, 600, 561, 553, 442, 433, 416, 407, 305, 299, 290, 220, 208, 202, 173, 165, 163, 150, 62, 54, 38, 35, 32, 31, 24, 15]",255.46000000000004,66.0,0.562996107566194,0.478492835807375,1729.0,0.0
"[8466, 8161, 8135, 8120, 8119, 7487, 7273, 7143, 6824, 6439, 6073, 5795, 5595, 5563, 5094, 5048, 4535, 4499, 4064, 3903, 3493, 3490, 3365, 3227, 3037, 2926, 2499, 2488, 2479, 2433, 2324, 2180, 2026, 1828, 1698, 1697, 1687, 1497, 1491, 1461, 1443, 1332, 1299, 1231, 1184, 1128, 978, 951, 920, 824, 808, 801, 772, 734, 627, 614, 600, 458, 442, 433, 428, 416, 290, 277, 240, 231, 224, 220, 214, 209, 208, 202, 200, 190, 173, 172, 171, 163, 162, 150, 86, 62, 38, 35, 15, 1]",299.58,86.0,0.5192039979071211,0.43349222448544655,2087.0,0.9999999999999998
"[8464, 8376, 8161, 8135, 8120, 7676, 7439, 7318, 7167, 7143, 6858, 6856, 6439, 6087, 6073, 5816, 5813, 5595, 5563, 5442, 5094, 5054, 5048, 4535, 4499, 4064, 3490, 3273, 3044, 3037, 2926, 2782, 2499, 2479, 2433, 2180, 2026, 1829, 1698, 1697, 1497, 1491, 1382, 1369, 1332, 1231, 978, 951, 948, 841, 824, 734, 691, 627, 566, 486, 458, 442, 433, 428, 416, 326, 306, 233, 231, 224, 220, 214, 202, 200, 190, 173, 172, 171, 163, 162, 62, 54, 38, 35, 15, 8]",266.66,82.0,0.5421617281215536,0.3373216367959412,1689.0000000000002,0.9999999999999998
"[8573, 8161, 8135, 8120, 8119, 7143, 6087, 5595, 5563, 5094, 5048, 4535, 4499, 4064, 3837, 3490, 3044, 3037, 2967, 2499, 2488, 2026, 1585, 1497, 1491, 1461, 1299, 978, 951, 948, 920, 458, 442, 433, 416, 1]",122.11,36.0,0.6148536645353376,0.4908738756250164,599.0000000000002,0.9999999999999998
"[8464, 8455, 8161, 8135, 8120, 8116, 7814, 7521, 7445, 7371, 7309, 7143, 6439, 6380, 6087, 6073, 5795, 5595, 5563, 5252, 5094, 4905, 4875, 4535, 4499, 4455, 4437, 4064, 3949, 3948, 3937, 3876, 3787, 3490, 3227, 3044, 3037, 2926, 2499, 2488, 2433, 2400, 2250, 2180, 2026, 1889, 1882, 1828, 1687, 1546, 1497, 1491, 1461, 1443, 1369, 1332, 1299, 1246, 1231, 978, 951, 948, 920, 851, 801, 798, 772, 734, 627, 458, 442, 433, 416, 407, 290, 277, 240, 231, 224, 220, 208, 202, 165, 54, 15]",268.65,85.0,0.5561707546273612,0.3560407775713892,1611.0000000000002,0.0
"[8464, 8161, 8135, 7895, 7647, 7521, 7445, 7309, 7143, 7115, 7052, 6997, 6805, 6588, 6439, 6380, 6373, 6073, 5595, 5568, 5563, 5443, 5264, 5064, 4927, 4905, 4898, 4875, 4536, 4535, 4489, 4455, 4437, 4395, 4315, 4250, 4064, 3979, 3949, 3948, 3937, 3787, 3538, 3416, 3037, 3023, 2967, 2942, 2499, 2433, 2400, 2387, 2374, 2322, 2196, 2180, 2001, 1889, 1882, 1846, 1546, 1497, 1491, 1484, 1468, 1369, 1332, 1299, 1246, 1231, 1072, 977, 920, 906, 851, 801, 772, 745, 734, 486, 400, 370, 364, 277, 240, 231, 224, 220, 214, 209, 208, 54, 32, 15]",245.58,94.0,0.5510767301282193,0.2769923547821651,1293.0,0.9999999999999998
"[8592, 7895, 7676, 7445, 7318, 7167, 7143, 7034, 6787, 6470, 6373, 5282, 5254, 5094, 5054, 4631, 4499, 4250, 3896, 3596, 3419, 3227, 3090, 3044, 2868, 2433, 2324, 2028, 2026, 1698, 1582, 1246, 1201, 920, 825, 824, 745, 689, 627, 486, 428, 407, 290, 277, 172, 31, 4]",137.83,47.0,0.604458318267652,0.3929498535020395,672.9999999999999,0.9999999999999998
"[8466, 8161, 8135, 8120, 8119, 7487, 7143, 6824, 6439, 6073, 5795, 5595, 5563, 5094, 5048, 4535, 4499, 4064, 3903, 3493, 3490, 3365, 3227, 3044, 3037, 2926, 2499, 2488, 2479, 2433, 2324, 2180, 2134, 2026, 1828, 1698, 1697, 1687, 1546, 1497, 1491, 1461, 1443, 1332, 1320, 1299, 1231, 1184, 1128, 978, 951, 920, 824, 808, 801, 772, 734, 627, 614, 600, 458, 442, 428, 416, 290, 277, 240, 231, 224, 220, 214, 209, 208, 202, 200, 190, 173, 172, 171, 163, 162, 150, 86, 62, 38, 35, 1]",299.3,87.0,0.5220929222342412,0.4315492218156016,2079.0,0.0
"[7445, 7371, 5474, 4905, 4688, 4499, 4437, 3787, 3490, 2180, 1546, 1461, 1272, 1231, 920, 588, 433, 208, 54, 15, 8]",105.28,20.999999999999996,0.6356547532527982,0.5932044901055639,582.0000000000002,0.9999999999999998
"[8467, 8453, 8445, 8161, 7895, 7104, 7034, 5094, 4499, 4472, 3490, 2180, 2026, 1687, 1556, 1546, 1420, 1311, 1092, 920, 851, 772, 627, 596, 515, 220, 171, 150, 35, 32, 15, 14, 8]",161.87,33.0,0.6288833238049263,0.5903411858011092,969.0000000000001,0.0
"[8445, 8394, 8161, 8120, 7445, 7371, 7104, 7034, 6087, 6073, 5795, 5595, 5563, 5094, 5048, 4905, 4535, 4499, 4472, 4437, 4264, 3787, 3490, 3445, 3374, 3131, 3034, 2724, 2488, 2180, 2026, 1873, 1782, 1716, 1546, 1497, 1461, 1443, 1332, 1246, 1231, 951, 920, 824, 627, 600, 561, 553, 442, 433, 416, 305, 299, 290, 220, 208, 202, 190, 173, 165, 62, 54, 38, 35, 15, 8]",234.84,66.0,0.5552460019633979,0.4195071484331293,1495.0,0.9999999999999998
"[8467, 8453, 8376, 8161, 8135, 7521, 7445, 7439, 7371, 6439, 6073, 5816, 5595, 5563, 5094, 5048, 4905, 4875, 4499, 4475, 4455, 4437, 3949, 3948, 3937, 3876, 3787, 3490, 2963, 2926, 2488, 2436, 2433, 2400, 2324, 2180, 2026, 1923, 1889, 1882, 1829, 1828, 1799, 1556, 1546, 1497, 1420, 1369, 1332, 1299, 1231, 1226, 951, 920, 824, 801, 772, 691, 627, 515, 442, 416, 377, 306, 277, 208, 202, 200, 173, 15, 14, 8]",231.61,72.0,0.5735526980835279,0.4117093365988629,1357.0,0.0
"[8592, 8161, 8135, 8120, 8119, 7814, 7521, 7445, 7371, 7318, 7143, 6470, 6439, 6087, 6073, 5595, 5563, 5282, 5254, 5252, 5094, 4905, 4631, 4535, 4499, 4455, 4437, 4250, 4064, 3949, 3948, 3937, 3876, 3787, 3596, 3227, 3090, 3044, 3037, 2926, 2868, 2499, 2488, 2400, 2324, 2250, 2026, 1889, 1882, 1873, 1698, 1671, 1582, 1497, 1491, 1461, 1369, 1332, 1246, 1231, 1201, 978, 951, 948, 920, 851, 734, 689, 515, 458, 442, 433, 428, 407, 290, 277, 231, 224, 220, 208, 202, 172, 112, 35, 31, 4]",246.19,86.0,0.5331230036734405,0.33154416865226266,1410.0000000000002,0.9999999999999998
"[7445, 6373, 5282, 5048, 4905, 4499, 4437, 3490, 3131, 2728, 2595, 2488, 2180, 1546, 1461, 977, 951, 920, 824, 627, 600, 433, 73, 54, 15, 8]",122.95,26.0,0.6218866682145309,0.5794143831472616,683.0000000000001,0.0
"[8455, 8376, 8135, 8120, 8119, 7814, 7676, 7521, 7445, 7167, 6073, 5816, 5563, 5442, 5252, 5054, 5048, 4905, 4499, 4064, 3948, 3490, 2926, 2539, 2499, 2488, 2479, 2324, 1911, 1789, 1698, 1546, 1491, 1461, 1443, 1299, 1060, 1022, 1003, 978, 948, 920, 824, 691, 627, 566, 515, 458, 442, 433, 428, 338, 306, 202, 200, 173, 172, 171, 163, 142, 62, 54, 38]",206.18,63.0,0.5648241392583028,0.3734198168550886,1199.0000000000002,0.9999999999999998
"[8592, 8449, 8307, 8161, 7676, 7445, 7318, 7294, 7143, 6787, 6470, 6110, 5595, 5282, 5254, 5094, 5054, 4631, 4499, 4475, 4250, 4064, 3819, 3596, 3490, 3227, 3090, 3044, 3037, 2926, 2868, 2656, 2479, 2433, 2324, 2028, 2026, 1873, 1781, 1698, 1582, 1534, 1497, 1491, 1443, 1420, 1332, 1296, 1246, 1201, 1022, 1013, 951, 920, 900, 851, 825, 824, 808, 772, 689, 627, 458, 442, 433, 428, 416, 407, 370, 277, 240, 220, 172, 31, 4]",239.98,75.0,0.5614008829354504,0.336791551645931,1382.0000000000002,0.0
"[8453, 8376, 8161, 7895, 7676, 7371, 7167, 7143, 7034, 6858, 6856, 6373, 5816, 5813, 5094, 5054, 4499, 4315, 4064, 3787, 3490, 3273, 3044, 2770, 2180, 2028, 2026, 1829, 1420, 1369, 1246, 1022, 824, 745, 691, 627, 515, 486, 416, 326, 172, 54, 38, 15, 8]",151.92,44.99999999999999,0.6201004903629845,0.4138226412722905,773.0,0.9999999999999998
"[8445, 8307, 8119, 7895, 7521, 7445, 7371, 7157, 7143, 6900, 6858, 6856, 6749, 6439, 6380, 6373, 6256, 6087, 6073, 5563, 5094, 4905, 4688, 4535, 4499, 4455, 4437, 4315, 4310, 3949, 3948, 3876, 3787, 3490, 3310, 3273, 2770, 2499, 2488, 2479, 2433, 2324, 2142, 1882, 1828, 1782, 1781, 1745, 1546, 1461, 1369, 1299, 1246, 948, 920, 851, 818, 745, 627, 566, 442, 433, 233, 104, 54, 32, 26, 1]",187.13000000000002,68.0,0.5631455146649013,0.3276660440365683,936.9999999999999,0.9999999999999998
"[8449, 8445, 8307, 8119, 7895, 7521, 7445, 7371, 7157, 7143, 6900, 6856, 6749, 6439, 6380, 6373, 6333, 6256, 6087, 6073, 5563, 5094, 4905, 4688, 4535, 4499, 4455, 4437, 4315, 4310, 3949, 3948, 3876, 3787, 3490, 3310, 3273, 2770, 2499, 2488, 2479, 2324, 2180, 2142, 1889, 1882, 1828, 1782, 1781, 1745, 1546, 1461, 1369, 1299, 1246, 948, 920, 851, 818, 745, 627, 566, 442, 433, 233, 54, 32, 26]",192.44,68.0,0.5895266284472958,0.32955651937627384,923.9999999999998,0.9999999999999998
"[8447, 8376, 8161, 8135, 7487, 7445, 7318, 7273, 7143, 5816, 5813, 5799, 5595, 5442, 5282, 5136, 5094, 5054, 4499, 4064, 3490, 3227, 3044, 3037, 2926, 2782, 2436, 2433, 2180, 2026, 1829, 1799, 1698, 1697, 1687, 1560, 1497, 1491, 1332, 1277, 1231, 1184, 1128, 1022, 978, 951, 920, 825, 824, 808, 772, 734, 691, 627, 614, 600, 442, 416, 326, 277, 240, 233, 231, 224, 220, 214, 208, 202, 200, 190, 173, 172, 171, 163, 162, 155, 150, 144, 86]",265.64,79.0,0.5435997682772213,0.390163003488758,1727.0000000000002,0.9999999999999998
"[8467, 8464, 8449, 8447, 7445, 7439, 5334, 4499, 4478, 4477, 4476, 4475, 4472, 4469, 4250, 3854, 3840, 3490, 3374, 3368, 3227, 2926, 2782, 2479, 2433, 2324, 2028, 1873, 1872, 1443, 1420, 1369, 1332, 1324, 1296, 1277, 1231, 1022, 1013, 978, 951, 920, 851, 824, 808, 772, 734, 458, 442, 433, 416, 407, 386, 370, 290, 277, 240, 233, 231, 224, 220, 214, 208, 202, 200, 192, 190, 173, 171, 163, 162, 86, 15]",281.43,73.0,0.5708431578755715,0.6017244723243641,2152.0,0.0
"[7371, 4905, 4688, 4499, 4437, 3787, 3490, 2180, 1546, 1461, 1299, 1272, 1231, 920, 588, 433, 208, 54, 15, 8]",107.62,19.999999999999993,0.6364051445712685,0.6130683907604123,600.9999999999999,0.9999999999999998
"[7814, 7309, 6256, 5264, 5252, 4688, 4009, 3656, 1546, 627, 566, 54]",43.37,11.999999999999998,0.6798298628569677,0.6529999013891223,222.9999999999999,0.9999999999999998
"[8455, 8161, 8135, 8120, 8119, 7895, 7855, 7521, 7445, 7371, 7318, 7309, 7143, 6900, 6439, 6380, 6373, 6256, 6073, 5620, 5595, 5563, 5264, 5252, 5094, 5054, 4875, 4688, 4535, 4499, 4455, 4437, 4315, 4250, 4064, 3949, 3948, 3876, 3787, 3738, 3490, 3445, 3044, 3037, 2499, 2488, 2180, 2028, 2026, 1889, 1882, 1828, 1782, 1781, 1687, 1681, 1546, 1497, 1491, 1461, 1246, 1184, 978, 948, 920, 801, 745, 566, 560, 486, 458, 442, 433, 172, 171, 155, 150, 54]",204.77,78.0,0.5741312143048309,0.3067538215230615,994.0000000000001,0.9999999999999998
"[8467, 8464, 8449, 8447, 8161, 7647, 7439, 7273, 7143, 7104, 6805, 5795, 5595, 4477, 4476, 4475, 4472, 4469, 4064, 3538, 3374, 3368, 3227, 3037, 3023, 2926, 2782, 2433, 2180, 2134, 2126, 2001, 1873, 1872, 1698, 1697, 1687, 1497, 1491, 1484, 1369, 1332, 1324, 1296, 1277, 1231, 1184, 1128, 977, 920, 851, 824, 808, 772, 734, 627, 614, 600, 596, 590, 582, 553, 527, 486, 370, 290, 277, 240, 233, 231, 224, 220, 214, 208, 202, 200, 190, 173, 171, 163, 162, 155, 150, 144, 86, 73, 62, 54, 38, 35, 32, 31, 15, 14]",322.6000000000001,94.0,0.568316176176637,0.529549494215419,2560.0,0.0
"[8453, 8376, 7445, 7439, 7318, 6855, 6824, 6439, 5816, 5442, 5282, 5054, 4905, 4875, 4499, 4250, 3490, 2180, 1829, 1420, 1283, 1184, 691, 515, 433, 416, 326, 306, 277, 173, 172, 171, 163, 54, 38, 35, 32, 8]",150.9,38.0,0.6330766126343262,0.4842962842426046,866.0000000000002,0.0
"[8592, 8307, 8161, 7445, 7318, 7294, 7143, 6470, 6110, 5595, 5282, 5254, 5094, 5054, 4631, 4499, 4475, 4250, 4064, 3819, 3596, 3490, 3227, 3090, 3044, 3037, 2926, 2920, 2868, 2656, 2479, 2324, 2180, 2028, 2026, 1873, 1781, 1698, 1582, 1546, 1534, 1497, 1491, 1443, 1420, 1332, 1296, 1246, 1201, 1022, 1013, 951, 920, 900, 851, 825, 824, 808, 772, 689, 627, 458, 442, 433, 428, 416, 407, 370, 277, 240, 220, 172, 31, 15, 4]",245.2,75.0,0.5394632493639198,0.3699745088681017,1492.0,0.9999999999999998
"[8453, 5356, 2433, 2180, 1546, 1420, 1296, 15, 8]",57.59,8.999999999999996,0.6951115151792705,0.7245691720536671,325.0,0.9999999999999998
"[8455, 8120, 8119, 7814, 7445, 5563, 5252, 5054, 4499, 3490, 3161, 2499, 2479, 2324, 1546, 1461, 1443, 1299, 948, 920, 566, 515, 442, 433, 428, 54]",112.59,26.0,0.6423329675430876,0.5534544341188885,592.9999999999999,0.9999999999999998
"[1464, 79, 1]",17.83,3.0000000000000018,0.7609668522682346,0.7864471141408023,77.00000000000013,2.0
"[8437, 7676, 7318, 7143, 6787, 6470, 5595, 5282, 5254, 5094, 5054, 4723, 4631, 4499, 4250, 4064, 3819, 3738, 3227, 3090, 3044, 3037, 2868, 2656, 2324, 2026, 1873, 1789, 1698, 1582, 1497, 1491, 1246, 1201, 1184, 985, 920, 851, 824, 692, 407, 277, 233, 220, 172, 163, 155, 112, 35, 32, 31, 4]",172.66,52.0,0.5823736906704426,0.40239413131757185,922.0000000000001,0.0
"[8394, 8120, 7445, 7371, 7273, 7143, 6380, 6087, 6073, 5795, 5094, 5048, 4905, 4535, 4499, 4437, 3787, 3490, 3131, 2488, 2180, 2134, 2026, 1873, 1546, 1461, 1443, 1231, 951, 920, 824, 798, 734, 627, 614, 600, 596, 433, 416, 290, 240, 231, 224, 220, 214, 208, 202, 190, 173, 165, 86, 62, 54, 38, 15, 8]",222.55,56.00000000000001,0.5472002103506146,0.456377135478481,1442.0,0.9999999999999998
"[8307, 7445, 7294, 6470, 5595, 5054, 4905, 4695, 4486, 4437, 3037, 2656, 2650, 2295, 2180, 1873, 1781, 1546, 1491, 1246, 920, 825, 824, 627, 433, 370, 220, 62, 54, 15, 8]",129.48,31.000000000000004,0.6178857083228398,0.5073420895133861,683.0000000000001,0.9999999999999998
"[8455, 8161, 8135, 8120, 8119, 7895, 7676, 7521, 7445, 7371, 7318, 7309, 7167, 7143, 6900, 6439, 6380, 6373, 6256, 6073, 5977, 5595, 5563, 5264, 5252, 5094, 5054, 4875, 4688, 4535, 4499, 4455, 4437, 4315, 4250, 4064, 3949, 3948, 3876, 3787, 3738, 3490, 3445, 3310, 3227, 3044, 3037, 2967, 2499, 2488, 2028, 2026, 1889, 1882, 1828, 1782, 1781, 1687, 1681, 1585, 1497, 1491, 1461, 1299, 1246, 1184, 1022, 978, 948, 920, 801, 745, 566, 486, 458, 442, 433, 172, 171, 155, 150, 1]",213.3,82.0,0.5687399651044422,0.27840455186943647,990.9999999999998,0.0
"[8445, 8376, 8161, 8120, 7104, 7034, 6439, 6073, 5816, 5595, 5094, 5054, 4905, 4535, 4499, 4472, 4264, 3490, 3445, 3374, 3034, 2724, 2488, 2180, 2126, 2026, 1828, 1782, 1716, 1546, 1497, 1332, 1299, 1246, 1231, 1104, 1060, 948, 920, 824, 801, 691, 627, 600, 590, 566, 561, 553, 442, 433, 306, 305, 299, 220, 209, 208, 202, 173, 163, 73, 62, 54, 35, 15, 8]",234.75,65.0,0.5548640936616284,0.429866791396628,1465.0,0.9999999999999998
"[8449, 8119, 7445, 6900, 6856, 6439, 6373, 6333, 6087, 6073, 5563, 4905, 4535, 4499, 4039, 3876, 3490, 3273, 2499, 2488, 2479, 2324, 2180, 1828, 1546, 1461, 1299, 948, 920, 818, 627, 566, 442, 433, 54, 32, 26]",139.12,37.0,0.623143977080279,0.4778449103900009,711.9999999999999,0.0
"[8449, 8376, 8120, 6439, 6073, 5816, 5563, 5442, 5410, 5054, 5048, 4905, 4535, 4499, 4482, 4478, 4477, 4476, 4475, 4472, 3787, 3524, 3490, 3374, 3368, 3227, 2926, 2488, 2479, 2433, 2324, 2180, 2028, 1873, 1829, 1828, 1698, 1697, 1546, 1443, 1420, 1369, 1332, 1324, 1299, 1296, 1231, 1128, 1060, 1022, 1013, 951, 948, 920, 900, 851, 824, 808, 802, 801, 772, 734, 691, 627, 614, 600, 566, 458, 442, 433, 416, 407, 386, 370, 306, 290, 277, 240, 231, 224, 220, 214, 208, 202, 200, 190, 173, 171, 163, 162, 86, 62, 54, 15, 8]",326.79,95.0,0.5262915957221996,0.4624837538800324,2560.0,0.0
"[7445, 7397, 5252, 4499, 2196, 2180, 1687, 1546, 772, 627, 590, 527, 277, 171, 73, 54, 16, 15]",110.6,18.000000000000004,0.6509960484859149,0.6722298558582448,603.9999999999999,0.9999999999999998
"[8464, 8376, 7895, 7371, 7318, 6858, 6856, 5816, 5813, 5054, 4499, 3787, 3490, 3273, 2770, 2180, 1829, 1420, 1369, 824, 600, 416, 326, 172, 54, 38, 15, 8]",117.79,28.0,0.6527039822575454,0.5487622464550975,597.0000000000001,0.9999999999999998
"[6900, 5356, 3571, 1420, 1299, 1296, 772, 515, 15]",41.76,8.999999999999996,0.6840478061680086,0.6796171158110382,227.99999999999997,0.9999999999999998
"[8376, 8135, 8120, 6824, 6439, 6073, 5816, 5795, 5595, 5563, 5442, 5048, 4905, 4535, 4499, 4413, 3493, 3490, 3365, 2479, 1828, 1546, 1497, 1491, 1443, 1299, 1060, 978, 948, 920, 824, 801, 691, 566, 458, 433, 428, 416, 338, 306, 290, 202, 200, 173, 172, 171, 163, 62, 54, 38, 35, 1]",192.34,52.0,0.5643808777750469,0.42762356336704355,1145.9999999999998,0.9999999999999998
"[8467, 7676, 7439, 7371, 6900, 6472, 6439, 5048, 4847, 4499, 3787, 3504, 3227, 1884, 1789, 1698, 1687, 1556, 1420, 1299, 1184, 1081, 985, 920, 772, 569, 515, 306, 277, 173, 171, 163, 150, 54, 38, 35, 32, 30, 26, 15, 14]",174.16,41.0,0.6173843220922623,0.5194626441777179,1065.0,0.9999999999999998
"[8466, 8449, 8161, 8135, 8120, 8119, 7683, 7487, 7439, 7273, 7143, 7050, 6835, 6186, 6073, 5595, 5563, 5094, 5048, 4535, 4499, 4064, 3903, 3490, 3227, 3044, 3037, 2926, 2499, 2488, 2433, 2324, 2180, 2134, 2126, 2026, 1697, 1687, 1556, 1497, 1491, 1461, 1420, 1332, 1320, 1296, 1231, 1184, 1128, 1104, 978, 951, 920, 824, 808, 772, 734, 627, 614, 600, 596, 590, 527, 458, 442, 277, 240, 231, 224, 220, 214, 209, 208, 202, 200, 190, 188, 173, 171, 163, 162, 150, 144, 86, 35, 32, 30, 26, 15, 8]",303.88,90.0,0.5384912520466879,0.46059413406743244,2221.0,0.0
"[8467, 7912, 7895, 7676, 7371, 7309, 6900, 6472, 6439, 5264, 5048, 4847, 4250, 3787, 3504, 2196, 2180, 1884, 1789, 1698, 1299, 1231, 1184, 1081, 985, 920, 772, 569, 458, 306, 277, 214, 209, 208, 173, 171, 163, 54, 38, 35, 15, 1]",159.21,42.0,0.5865180678385898,0.4984770671971194,942.9999999999999,0.9999999999999998
"[8467, 8135, 8120, 7895, 7676, 7647, 7521, 7445, 7371, 6428, 6087, 6073, 5595, 5563, 5111, 5048, 4785, 4535, 4499, 4455, 4437, 3949, 3948, 3937, 3787, 3538, 3490, 3227, 3037, 2967, 2499, 2488, 2433, 2400, 2180, 1960, 1889, 1882, 1873, 1789, 1698, 1687, 1556, 1546, 1497, 1491, 1461, 1420, 1369, 1332, 1296, 1231, 1184, 1133, 978, 977, 951, 948, 920, 906, 851, 772, 515, 458, 442, 433, 306, 214, 208, 202, 200, 173, 171, 163, 150, 38, 35, 32, 30, 26, 15, 14, 8]",273.91,83.0,0.5402820345059893,0.4245367170574842,1823.9999999999998,0.0
"[8592, 8307, 8161, 7676, 7445, 7318, 7294, 7143, 6470, 6110, 5595, 5282, 5254, 5094, 5054, 4631, 4499, 4475, 4250, 4064, 3819, 3596, 3227, 3090, 3044, 3037, 2926, 2868, 2656, 2324, 2028, 2026, 1873, 1781, 1698, 1582, 1534, 1497, 1491, 1299, 1246, 1201, 920, 851, 825, 824, 689, 627, 515, 428, 407, 370, 290, 277, 240, 220, 31, 4]",178.6,58.00000000000001,0.5996307993640048,0.39191089865833906,921.0000000000002,0.9999999999999998
"[8466, 8161, 8135, 8120, 8119, 7487, 7445, 7157, 7143, 7050, 6073, 5595, 5563, 5094, 5048, 4535, 4499, 4217, 4064, 3903, 3490, 3044, 3037, 2926, 2499, 2488, 2433, 2324, 2196, 2180, 2026, 1546, 1497, 1420, 1332, 1320, 1296, 978, 960, 951, 920, 824, 808, 772, 458, 442, 277, 54, 38, 15]",177.82,50.0,0.5794998582649072,0.4409520861281947,1017.0,0.0
"[8467, 8464, 7318, 6373, 5282, 4532, 4499, 2728, 2180, 1687, 1556, 1546, 1420, 977, 920, 627, 277, 155, 150, 73, 32, 31, 15, 14, 8]",134.69,25.0,0.6498158649597505,0.6521220607245092,767.0,0.9999999999999998
"[7445, 6485, 4499, 3490, 2180, 1546, 1296, 920, 58, 15, 8]",72.11,10.999999999999998,0.6734398724624734,0.696317922598944,395.9999999999998,0.9999999999999998
"[7445, 4905, 4789, 4499, 3490, 2180, 1546, 920, 433, 35, 15, 8]",78.48,11.999999999999998,0.6689797287015062,0.6823669913869297,414.9999999999999,0.9999999999999998
"[8464, 8449, 8376, 8120, 7318, 6439, 6073, 5816, 5563, 5442, 5410, 5054, 5048, 4905, 4535, 4499, 4482, 4478, 4477, 4476, 4475, 4472, 3787, 3524, 3490, 3374, 3368, 3227, 2926, 2488, 2479, 2433, 2324, 2180, 2028, 1873, 1829, 1828, 1698, 1697, 1443, 1420, 1369, 1332, 1324, 1296, 1231, 1194, 1128, 1060, 1022, 1013, 951, 948, 900, 851, 824, 808, 802, 772, 734, 691, 627, 614, 600, 566, 458, 442, 433, 416, 407, 386, 370, 306, 290, 277, 240, 231, 224, 220, 214, 208, 202, 200, 190, 173, 172, 171, 163, 162, 86, 62, 54, 38, 15, 8]",330.76,96.0,0.5351372658904046,0.4601360753831689,2535.0,0.0
"[7814, 7676, 7445, 7371, 7318, 7143, 6470, 5595, 5282, 5254, 5252, 5094, 4631, 4499, 4250, 4064, 3787, 3596, 3227, 3090, 3044, 3037, 2868, 2766, 2324, 2250, 2026, 1873, 1789, 1698, 1582, 1497, 1491, 1246, 1231, 1201, 920, 851, 734, 689, 515, 407, 277, 231, 224, 220, 208, 202, 172, 112, 35, 31, 4]",172.91,53.0,0.5816308832703507,0.3952904471648728,942.9999999999999,0.9999999999999998
"[8453, 7895, 7371, 6858, 6856, 5816, 5813, 5054, 4499, 3787, 3490, 3273, 2973, 2770, 2180, 1829, 1420, 824, 691, 627, 515, 416, 326, 172, 54, 38, 15, 8]",114.82,28.0,0.6530952397804757,0.546997748091237,611.9999999999999,0.9999999999999998
"[8449, 8307, 8118, 7445, 7294, 6439, 6373, 4905, 4535, 4499, 3876, 3490, 2479, 2324, 2295, 2180, 1828, 1781, 1546, 1461, 1299, 948, 920, 818, 627, 566, 433, 370, 54, 32, 26]",132.13,31.000000000000004,0.6328944928933281,0.5292942186779028,670.0,0.0
"[8467, 8464, 8453, 8449, 8447, 8375, 7445, 7439, 7273, 5816, 5334, 5054, 4499, 4482, 4478, 4477, 4476, 4475, 4472, 3524, 3490, 3374, 3368, 3227, 2926, 2782, 2479, 2433, 2324, 2180, 2028, 1873, 1829, 1698, 1697, 1687, 1546, 1443, 1420, 1369, 1332, 1324, 1296, 1277, 1231, 1184, 1128, 1022, 1013, 951, 920, 900, 851, 824, 808, 802, 772, 734, 691, 627, 614, 600, 458, 442, 433, 416, 407, 386, 370, 290, 277, 240, 233, 231, 224, 220, 214, 208, 202, 200, 190, 187, 173, 171, 163, 162, 150, 144, 86, 35, 32, 30, 26, 15, 8]",336.64,95.0,0.5453653512910013,0.554181311924316,2777.0,0.0
"[8464, 8376, 8161, 8135, 8120, 7676, 7439, 7318, 7167, 6858, 6856, 6439, 6087, 6073, 5816, 5813, 5595, 5563, 5442, 5094, 5054, 5048, 4535, 4499, 4064, 3490, 3273, 3044, 3037, 2926, 2782, 2499, 2479, 2433, 2180, 2026, 1829, 1698, 1697, 1497, 1491, 1382, 1369, 1332, 1231, 978, 948, 841, 824, 734, 691, 627, 566, 486, 458, 442, 433, 428, 416, 326, 306, 233, 231, 224, 220, 214, 202, 200, 190, 173, 172, 171, 163, 162, 62, 54, 38, 35, 15, 8]",259.33,80.0,0.5516274632672207,0.3510284265072836,1650.0000000000002,0.9999999999999998
"[8467, 7445, 7371, 7318, 5282, 4499, 4437, 4250, 4076, 3787, 3490, 3227, 2433, 2324, 2180, 1885, 1829, 1698, 1687, 1556, 1461, 1420, 1231, 1184, 802, 772, 691, 208, 172, 171, 163, 32, 30, 26]",142.75,33.99999999999999,0.6250513147287412,0.5369388640885366,792.0,0.9999999999999998
"[8161, 8135, 8120, 8073, 7895, 7676, 7521, 7371, 7167, 7157, 7143, 6900, 6439, 6380, 6373, 6073, 5893, 5595, 5563, 5094, 5054, 4905, 4535, 4499, 4455, 4437, 4315, 4264, 4064, 3949, 3948, 3787, 3490, 3445, 3374, 3310, 3044, 3037, 2724, 2499, 2488, 2180, 2028, 2026, 1889, 1882, 1828, 1782, 1781, 1546, 1497, 1491, 1332, 1299, 1246, 1060, 1022, 978, 948, 920, 801, 745, 561, 553, 486, 458, 442, 433, 299, 173, 163, 54, 35, 15, 8]",215.61,75.0,0.5545635136954657,0.31848888867673075,1121.0000000000002,0.9999999999999998
"[6485, 4499, 3490, 1752, 1546, 1296, 920, 58, 24, 15, 8]",76.29,10.999999999999998,0.6666474190156559,0.7062492529833746,397.9999999999999,0.9999999999999998
"[8464, 8161, 8135, 7895, 7814, 7676, 7647, 7521, 7445, 7309, 7159, 7143, 7115, 7052, 6997, 6588, 6439, 6380, 6373, 6073, 5595, 5568, 5563, 5443, 5264, 5252, 5101, 5064, 4927, 4905, 4898, 4875, 4584, 4536, 4535, 4489, 4455, 4435, 4395, 4315, 4064, 3979, 3949, 3948, 3937, 3787, 3538, 3416, 3037, 3023, 2967, 2942, 2499, 2400, 2387, 2374, 2196, 2180, 2030, 2001, 1889, 1882, 1846, 1546, 1497, 1491, 1484, 1468, 1369, 1332, 1299, 1246, 1231, 977, 906, 851, 801, 772, 745, 734, 627, 486, 400, 370, 364, 325, 277, 240, 231, 224, 220, 214, 209, 208, 54, 15]",250.15,96.0,0.546051347456032,0.3003051251571287,1245.0,0.0
"[8051, 7445, 4905, 4789, 4499, 3490, 2180, 1789, 1546, 920, 433, 35, 15, 8]",81.98,14.0,0.6683144851801229,0.6549004440267706,427.00000000000017,0.9999999999999998
"[1546, 952, 560, 515, 54, 15]",38.17999999999999,6.000000000000004,0.6929553173394882,0.7442782686513459,210.0000000000002,0.9999999999999998
"[8592, 7445, 7318, 4631, 4499, 4250, 3596, 3227, 3090, 2324, 2111, 1546, 920, 560, 515, 277]",59.13,16.0,0.6930185918549224,0.6299469506247981,311.00000000000006,0.9999999999999998
"[8119, 7895, 7521, 7445, 7371, 7157, 7143, 6858, 6856, 6749, 6380, 6373, 6087, 5563, 5094, 4905, 4688, 4535, 4499, 4455, 4437, 4315, 4310, 3949, 3948, 3876, 3787, 3490, 3273, 2770, 2499, 2488, 2433, 2324, 2142, 1882, 1745, 1546, 1369, 1299, 1246, 948, 920, 851, 818, 745, 627, 566, 442, 433, 233, 104, 69, 54, 32, 26, 1]",171.48,57.00000000000001,0.5714608798678877,0.37122544335586527,861.0000000000001,0.0
"[8445, 8376, 8161, 8120, 8119, 7445, 7104, 7034, 6439, 6073, 5816, 5595, 5094, 5054, 4535, 4472, 4250, 3876, 3738, 3445, 3227, 3034, 2488, 2322, 2196, 2180, 2126, 2026, 1828, 1782, 1716, 1546, 1497, 1464, 1461, 1246, 1231, 1184, 1104, 948, 920, 824, 801, 691, 627, 600, 590, 566, 442, 433, 306, 305, 277, 220, 209, 208, 202, 172, 171, 155, 73, 62, 54, 15]",223.66,64.0,0.556918770227699,0.41465311768045665,1332.0000000000002,0.9999999999999998
"[8376, 8135, 8120, 6824, 6439, 6073, 5816, 5795, 5595, 5563, 5442, 5048, 4905, 4535, 4499, 3493, 3490, 3365, 2479, 2180, 1828, 1660, 1497, 1491, 1443, 1299, 1060, 978, 948, 920, 824, 801, 691, 566, 458, 433, 428, 416, 338, 306, 290, 202, 200, 173, 172, 171, 163, 62, 54, 38, 35, 8]",193.4,52.0,0.571119755826001,0.4279797812112992,1137.0,0.0
"[7445, 5282, 5048, 4905, 4716, 4499, 4437, 3490, 3131, 2728, 2488, 2180, 1546, 1461, 977, 951, 920, 824, 600, 433, 73, 54, 15, 8]",115.83,24.0,0.6262149335071237,0.5809833806655309,639.9999999999999,0.9999999999999998
"[4499, 1556, 1546, 424, 231, 15, 8]",56.23,7.000000000000005,0.7195462092510493,0.7585987174591945,264.99999999999983,0.9999999999999998
"[8464, 8449, 8447, 7439, 7273, 5334, 4478, 4477, 4476, 3751, 3698, 3227, 2782, 2479, 2433, 2180, 2134, 2126, 2028, 1698, 1697, 1687, 1572, 1443, 1369, 1332, 1277, 1231, 1184, 1022, 1013, 978, 920, 772, 734, 627, 614, 600, 596, 590, 582, 553, 527, 458, 454, 442, 407, 386, 370, 277, 240, 233, 231, 224, 220, 214, 202, 200, 190, 150, 144, 86, 73, 54, 38, 35, 32, 31, 15, 14]",277.67,70.0,0.5752445954392729,0.6105744907525777,2090.0,0.0
"[8445, 8307, 8119, 7895, 7521, 7445, 7371, 7157, 7143, 6900, 6858, 6856, 6749, 6439, 6380, 6373, 6256, 6087, 6073, 5563, 5094, 4688, 4535, 4499, 4455, 4437, 4315, 4310, 3949, 3948, 3787, 3310, 3273, 2770, 2499, 2488, 2479, 2433, 2324, 2142, 1882, 1873, 1828, 1782, 1781, 1745, 1556, 1461, 1369, 1299, 1246, 920, 851, 745, 627, 566, 527, 442, 433, 233, 104, 54, 35, 32, 30, 26, 15, 8]",204.17,68.0,0.5620956113911323,0.34704615176237474,1101.9999999999998,0.9999999999999998
"[8184, 7814, 7445, 7318, 7294, 5595, 5254, 5252, 4631, 4499, 4250, 3596, 3090, 3037, 2902, 2324, 1582, 1497, 1491, 1246, 920, 515, 277, 220, 112, 35, 31, 4]",97.53,28.0,0.6594412748892698,0.5334216239147689,464.9999999999999,0.9999999999999998
"[8466, 8455, 8161, 8135, 8120, 8119, 7895, 7676, 7521, 7445, 7371, 7318, 7167, 7157, 7143, 6900, 6439, 6380, 6373, 6073, 5595, 5563, 5094, 5054, 4875, 4535, 4499, 4455, 4437, 4315, 4250, 4064, 3949, 3948, 3876, 3787, 3738, 3490, 3445, 3310, 3227, 3044, 3037, 2499, 2488, 2324, 2196, 2180, 2028, 2026, 1889, 1882, 1828, 1782, 1781, 1546, 1497, 1491, 1461, 1440, 1320, 1296, 1246, 1184, 1022, 978, 948, 920, 801, 772, 745, 458, 442, 433, 277, 172, 171, 155, 54, 38, 15]",232.38,81.0,0.5636110068962552,0.33352433287837724,1220.0,0.9999999999999998
"[8464, 8376, 8161, 7895, 7839, 7676, 7371, 7318, 7167, 7143, 7034, 6858, 6856, 6373, 5816, 5813, 5054, 4499, 4315, 4064, 3787, 3490, 3273, 3044, 2770, 2028, 2026, 1829, 1546, 1420, 1369, 1246, 1022, 824, 745, 691, 627, 600, 486, 416, 326, 172, 54, 38, 15, 1]",155.07,45.99999999999999,0.6149325322941851,0.4205074523462251,792.0,0.0
"[8161, 8120, 7676, 7104, 6439, 6073, 5816, 5595, 5094, 5054, 4905, 4535, 4499, 4475, 4264, 3490, 3374, 2973, 2724, 2488, 2180, 2126, 2026, 1828, 1716, 1546, 1534, 1497, 1332, 1299, 1246, 1231, 1104, 1060, 948, 920, 824, 801, 691, 627, 566, 561, 553, 442, 433, 306, 305, 299, 220, 202, 173, 163, 73, 62, 54, 35, 15, 8]",217.35,58.00000000000001,0.5732419215013085,0.4477991151549763,1340.9999999999998,0.0
"[7445, 6485, 4499, 3490, 1546, 920, 772, 58, 15, 8]",67.42,9.999999999999996,0.6872016967246253,0.7098774916271829,347.00000000000006,0.9999999999999998
"[8455, 8161, 8135, 8120, 8119, 7895, 7814, 7676, 7521, 7445, 7371, 7318, 7309, 7167, 7143, 6900, 6439, 6380, 6373, 6256, 6073, 5595, 5563, 5264, 5252, 5094, 5054, 4875, 4535, 4499, 4455, 4437, 4315, 4250, 4064, 3949, 3948, 3876, 3787, 3738, 3490, 3445, 3310, 3227, 3044, 3037, 2499, 2488, 2028, 2026, 1889, 1882, 1828, 1782, 1687, 1681, 1546, 1497, 1491, 1461, 1299, 1246, 1184, 1022, 978, 948, 920, 801, 745, 553, 515, 486, 458, 442, 433, 172, 171, 155, 150, 54]",210.68,80.0,0.5632806397941619,0.29008592005174494,1056.0,0.9999999999999998
"[8455, 8135, 8120, 8119, 7814, 7445, 6073, 5816, 5563, 5252, 5054, 4499, 3490, 2488, 2479, 2324, 1698, 1546, 1461, 1443, 1299, 948, 920, 824, 691, 566, 515, 458, 442, 433, 428, 306, 173, 172, 171, 163, 142, 54, 38]",157.75,39.0,0.596119605958723,0.49282484911167845,911.9999999999999,0.9999999999999998
"[8161, 8120, 7676, 7550, 7104, 6439, 6073, 5816, 5054, 4905, 4535, 4499, 4264, 3490, 3374, 2973, 2724, 2488, 2180, 2126, 1828, 1716, 1546, 1332, 1299, 1246, 1231, 1060, 948, 920, 824, 801, 691, 627, 566, 561, 553, 442, 433, 306, 305, 299, 202, 173, 163, 73, 62, 54, 35, 15, 8]",193.06,51.0,0.5702785582501254,0.44275475264498876,1193.0,0.0
"[8467, 7895, 7521, 7445, 7371, 6898, 6428, 6087, 6073, 5563, 4785, 4535, 4499, 4455, 4437, 3937, 3787, 3490, 3227, 2499, 2488, 2400, 2180, 1889, 1882, 1873, 1698, 1687, 1556, 1546, 1461, 1369, 1332, 1296, 1231, 1184, 948, 920, 851, 772, 515, 442, 433, 306, 214, 208, 202, 200, 173, 171, 163, 150, 38, 35, 32, 30, 26, 15, 14, 8]",229.14,60.00000000000001,0.5672817581817056,0.473657416831494,1511.0000000000002,0.0
"[7445, 6485, 4499, 3490, 2196, 2180, 2067, 1546, 1296, 920, 277, 15]",68.45,11.999999999999998,0.6733275202136134,0.669831203790955,394.99999999999994,0.9999999999999998
"[8464, 8376, 8161, 8135, 8120, 7676, 7439, 7318, 7167, 7143, 6858, 6856, 6439, 6087, 6073, 5816, 5813, 5595, 5563, 5442, 5094, 5054, 5048, 4535, 4499, 4064, 3490, 3273, 3044, 3037, 2926, 2782, 2518, 2499, 2479, 2433, 2026, 1829, 1698, 1697, 1546, 1497, 1491, 1369, 1332, 1231, 1060, 978, 951, 948, 841, 824, 734, 691, 627, 566, 486, 458, 442, 433, 428, 416, 326, 306, 233, 231, 224, 220, 214, 202, 200, 190, 173, 172, 171, 163, 162, 62, 54, 38, 35, 15, 1]",264.32,83.0,0.54614226466114,0.33695925817479466,1690.9999999999998,0.0
"[8467, 8464, 8453, 8447, 8375, 7676, 7445, 7439, 7273, 7167, 5816, 5334, 5054, 4499, 4477, 4476, 4475, 4472, 3524, 3490, 3374, 3368, 3227, 2926, 2782, 2433, 2180, 2028, 2026, 1873, 1829, 1698, 1697, 1687, 1546, 1420, 1369, 1324, 1296, 1277, 1231, 1184, 1022, 920, 851, 802, 734, 691, 668, 627, 614, 600, 458, 442, 433, 370, 290, 240, 233, 231, 224, 220, 214, 208, 202, 200, 190, 187, 173, 171, 163, 162, 150, 144, 86, 35, 32, 30, 26, 15, 8]",301.16,81.0,0.5630153088078657,0.5635234515147617,2322.0,0.0
"[8455, 8304, 8161, 8135, 8120, 8119, 7895, 7676, 7521, 7445, 7371, 7318, 7309, 7167, 7143, 6900, 6439, 6380, 6373, 6257, 6073, 5595, 5563, 5264, 5252, 5094, 5054, 4875, 4688, 4535, 4499, 4455, 4437, 4315, 4250, 4064, 3949, 3948, 3876, 3787, 3738, 3490, 3445, 3310, 3227, 3044, 3037, 2499, 2488, 2028, 2026, 1889, 1882, 1828, 1782, 1781, 1687, 1681, 1546, 1497, 1491, 1461, 1246, 1184, 1022, 978, 948, 920, 801, 745, 566, 560, 515, 486, 458, 442, 433, 172, 171, 155, 150, 54]",212.52,82.0,0.5736011561189374,0.27676200539607176,1045.0,0.9999999999999998
"[8455, 8447, 8161, 8135, 7487, 7445, 7273, 7143, 6691, 5795, 5595, 5252, 5094, 4688, 4499, 4064, 3490, 3227, 3110, 3044, 3037, 2926, 2782, 2433, 2180, 2134, 2126, 2026, 1698, 1697, 1687, 1582, 1560, 1546, 1497, 1491, 1332, 1277, 1231, 1184, 1128, 1022, 978, 951, 920, 824, 808, 772, 734, 627, 614, 600, 596, 590, 582, 566, 560, 515, 442, 277, 240, 231, 224, 220, 214, 208, 202, 200, 190, 173, 171, 163, 155, 150, 144, 86, 73, 62, 54]",286.36,79.0,0.5473827082024783,0.4653322660221666,2021.0,0.0
"[8376, 8135, 8120, 6824, 6439, 6428, 6073, 5816, 5795, 5595, 5563, 5442, 5048, 4905, 4535, 4499, 3493, 3490, 3365, 2479, 2180, 1660, 1546, 1497, 1491, 1420, 1299, 1296, 1060, 978, 948, 920, 824, 566, 515, 458, 433, 428, 350, 306, 202, 200, 173, 172, 171, 163, 62, 54, 38, 35, 14, 8]",193.76,52.0,0.5723819844809657,0.43967972025572744,1201.0,0.9999999999999998
