seed_set,spread,seed,communities,fairness,budget,time
"[8462, 8450, 2250, 2016, 1904, 1687, 1414, 1404, 1369, 1326, 1324, 1199, 1128, 1022, 946, 889, 881, 817, 614, 596, 529, 446, 290, 220, 150, 25, 12, 2]",0.017485529057652233,0.73,0.3668266576599949,0.3381191015929398,0.7769210999742997,0.19999999999999996
[8],0.0015779115536003706,1.0,0.20691992338728393,0.1674453888423022,0.9871498329478283,0.4
"[8462, 8455, 8450, 4497, 4492, 4490, 4489, 4481, 4480, 4477, 4475, 4471, 3507, 3490, 3368, 3013, 2180, 2134, 2102, 2054, 2026, 1904, 1694, 1556, 1546, 1443, 1420, 1414, 1324, 1231, 1092, 1026, 951, 920, 856, 817, 808, 665, 618, 561, 529, 442, 433, 407, 382, 283, 202, 190, 173, 132, 87, 86, 75, 62, 59, 55, 49, 40, 36, 35, 32, 28, 16, 15, 13, 1]",0.031726094003241494,0.35,0.42438810889535494,0.329940456851205,0.4489848368028785,0.19999999999999996
"[8456, 8449, 8447, 8446, 4492, 4487, 4484, 4483, 4472, 4468, 2180, 2126, 1907, 1697, 1443, 1332, 1296, 1098, 1022, 920, 904, 851, 808, 627, 600, 582, 553, 382, 290, 276, 163, 86, 58, 54, 38, 31, 30, 17, 15, 14]",0.02288840009261403,0.61,0.3774863604380352,0.3155890654889091,0.6327422256489335,0.19999999999999996
"[8460, 4494, 4477, 4469, 3374, 2926, 2102, 1907, 1694, 1553, 1420, 1254, 1013, 978, 920, 914, 906, 851, 806, 665, 618, 590, 588, 582, 564, 553, 442, 429, 402, 386, 277, 224, 200, 155, 150, 141, 132, 124, 97, 86, 76, 75, 73, 67, 62, 54, 40, 38, 26, 24, 22, 15, 13, 12, 1]",0.028668673304005556,0.46,0.4179094958632522,0.3422048148505549,0.5008995116936521,0.0
"[4472, 1907, 920, 734, 614, 290, 127, 28]",0.0065674924751099786,0.93,0.2897482150653904,0.24506467921842068,0.930609097918273,0.19999999999999996
"[8457, 4478, 4473, 2102, 1326, 906, 214, 202, 150, 97, 30, 26, 1]",0.009719842556147256,0.88,0.2828856973582867,0.23600249868576606,0.8966846569005397,0.19999999999999996
"[8463, 4496, 4493, 4486, 4482, 3227, 2016, 1443, 1324, 920, 914, 889, 564, 382, 233, 220, 208, 141, 97, 87, 86, 54, 22]",0.015113452188006485,0.78,0.34291282004152146,0.31594816730875697,0.8041634541249036,0.0
"[8453, 8451, 4925, 4486, 1094, 978, 904, 881, 808, 806, 458, 442, 252, 209, 127, 75, 54, 38, 36, 25, 20]",0.014766149571660106,0.8,0.3362143718700743,0.26838613072488227,0.8200976612695965,0.19999999999999996
"[8467, 8464, 8463, 8460, 8459, 8457, 8453, 4925, 4493, 4491, 4486, 4482, 4477, 4476, 4475, 4471, 4470, 3507, 3013, 2454, 2180, 2126, 2054, 2028, 2026, 2016, 1907, 1872, 1697, 1694, 1556, 1553, 1546, 1461, 1404, 1324, 1299, 1277, 1231, 1184, 1094, 1026, 978, 951, 906, 881, 880, 856, 851, 734, 627, 618, 614, 600, 588, 582, 553, 458, 446, 428, 413, 392, 386, 359, 294, 290, 277, 231, 219, 202, 192, 190, 173, 171, 155, 141, 132, 124, 87, 86, 80, 73, 67, 62, 59, 54, 51, 49, 38, 35, 32, 30, 16, 15, 14, 2, 1]",0.03991433202130122,0.04,0.4441563582093535,0.32913322317953897,0.19969159599074793,0.0
"[8468, 8467, 8458, 8457, 8456, 8447, 8446, 4925, 4495, 4488, 4471, 4468, 3227, 3013, 2102, 1907, 1873, 1697, 1687, 1546, 1443, 1420, 1332, 1296, 1231, 1128, 1092, 1013, 946, 914, 906, 881, 851, 817, 736, 734, 713, 588, 582, 561, 529, 407, 294, 276, 252, 240, 231, 214, 200, 172, 141, 97, 76, 67, 55, 54, 40, 38, 36, 35, 32, 26, 24, 22, 13, 12, 8, 2, 1]",0.03240912248205603,0.32,0.40834916732516824,0.29739823525341136,0.4065792855307119,0.0
"[8460, 4492, 4483, 4474, 4472, 2926, 2134, 1324, 1184, 1094, 951, 527, 442, 370, 318, 247, 240, 172, 49, 30, 26]",0.01356100949293818,0.8,0.31329698859041766,0.27755391428584664,0.8378308918015934,0.0
"[7425, 5186, 3540, 3470, 3238, 2744, 1544, 1053, 846, 27]",0.0020479277610558,0.91,0.20577507065283607,0.3180504432018979,0.986378822924698,0.6
"[8524, 8513, 8286, 8244, 8206, 7991, 7677, 7592, 7025, 6995, 6886, 6824, 6668, 6062, 6023, 5895, 5821, 5796, 5612, 5594, 5427, 4978, 4971, 4756, 4733, 4285, 4280, 4049, 3712, 3640, 3537, 3444, 3266, 3248, 2662, 2400, 2302, 2056, 1967, 1954, 1885, 1705, 1276, 1173, 1138, 863, 587, 488, 366, 346, 341]",0.009551979624913175,0.5,0.3550367585299281,0.5630850852106852,0.9324081213055769,0.19999999999999996
"[8626, 8625, 8204, 7346, 7334, 6886, 6016, 5962, 5858, 5463, 5213, 5130, 5121, 4894, 4620, 4327, 4043, 3924, 3899, 3296, 3119, 2890, 2594, 2185, 2131, 1824, 1791, 1769, 1232, 1024, 673, 333]",0.006195878675619357,0.69,0.30096351907709096,0.48672018803884365,0.953225391930095,0.4
"[8609, 8499, 8341, 8265, 8209, 8185, 7957, 7897, 7842, 7790, 7760, 7466, 7359, 7293, 7205, 7199, 6981, 6911, 6867, 6853, 6683, 6535, 6401, 6211, 6003, 5846, 5806, 5803, 5751, 5650, 5617, 5502, 5482, 5475, 5439, 5286, 5242, 5006, 4983, 4951, 4931, 4721, 4717, 4568, 4441, 4325, 4308, 4260, 4251, 4183, 3969, 3878, 3624, 3517, 2597, 2556, 2555, 2310, 2300, 2077, 1950, 1701, 1696, 1642, 1611, 1407, 1143, 1002, 940, 828, 623, 539, 355, 328, 193, 41]",0.01395809215096087,0.25,0.39180815248474543,0.579732760933893,0.9046517604728861,0.19999999999999996
"[8450, 8415, 8396, 8153, 7990, 7926, 7920, 7854, 7782, 7638, 7624, 7619, 7598, 7538, 7534, 7413, 6900, 6515, 6411, 6353, 6234, 5849, 5816, 5306, 5152, 5096, 5076, 5073, 4864, 4682, 4675, 4609, 4546, 4540, 4510, 4492, 4287, 3900, 3850, 3704, 3598, 3594, 3572, 3535, 3444, 3280, 3156, 3140, 3088, 3076, 2819, 2790, 2623, 2276, 2275, 2264, 1982, 1970, 1803, 1639, 1534, 1462, 1375, 1122, 1002, 723, 500, 223, 210, 209, 140, 80, 69, 66]",0.01678860847418384,0.27,0.33704047070262777,0.5782355335444215,0.8792084297095862,0.19999999999999996
"[8523, 8428, 8048, 7987, 7820, 7799, 7504, 7474, 7332, 7241, 6978, 6662, 6600, 5998, 5990, 5913, 5778, 5699, 5586, 5500, 5341, 5305, 5209, 5042, 4860, 4434, 4304, 3996, 3897, 3881, 3593, 3077, 2914, 2801, 2712, 2676, 2505, 2462, 2367, 2336, 2163, 2044, 1810, 1795, 1705, 1499, 1388, 999, 924, 921, 585, 307, 125]",0.009925908775179439,0.48,0.3584284806777117,0.5497089873174368,0.9290670778720124,0.19999999999999996
"[8376, 8243, 7365, 7278, 6848, 6715, 6658, 6586, 6236, 5947, 5731, 5704, 5685, 5492, 5460, 5444, 5240, 4914, 4880, 4806, 4650, 4640, 4227, 4038, 3567, 3512, 3402, 3219, 2933, 2821, 2336, 2142, 1821, 1043, 934, 224]",0.006518870108821487,0.65,0.2983736016998396,0.4856248645455804,0.9539964019532254,0.4
"[8615, 8015, 7937, 7878, 7864, 7565, 7267, 7048, 6467, 5808, 5712, 5623, 3405, 3339, 2880, 2555, 2315, 1937, 1649, 1524, 1220, 407, 324]",0.004504514934012502,0.78,0.2690135423109955,0.3440587782693961,0.9663325623233102,0.4
"[8488, 8237, 8213, 8155, 8128, 7954, 7943, 7408, 7235, 7045, 6836, 6708, 6687, 6647, 6317, 5335, 4728, 4334, 4332, 4302, 4264, 4215, 4210, 3548, 3399, 3167, 2591, 2383, 2162, 1918, 1788, 1731, 1720, 1717, 1712, 1585, 1502, 1413, 1029, 623, 378, 291]",0.00965848576059273,0.59,0.3701310321053729,0.5162628466171514,0.9190439475713185,0.19999999999999996
"[8630, 8158, 8054, 7017, 6738, 6511, 5847, 4308, 3143, 2058, 1276, 113]",0.0026626533919888863,0.89,0.2414684067863716,0.3205021531299337,0.9802107427396556,0.4
"[8601, 8398, 8252, 8155, 8037, 8026, 7978, 7895, 7701, 7605, 7524, 7339, 7178, 7000, 6897, 6892, 6757, 6677, 6555, 6342, 6290, 6281, 6236, 6204, 5560, 5447, 5343, 5073, 4996, 4858, 4754, 4705, 4488, 4323, 4280, 4244, 3119, 2875, 2636, 2630, 2517, 2472, 2456, 2441, 2437, 2370, 2007, 1955, 1929, 1801, 1785, 1489, 1288, 1263, 925, 658, 547, 399, 339, 95]",0.012218106043065525,0.41,0.31482760175931146,0.5087357753784008,0.9167309175019275,0.19999999999999996
"[8524, 8473, 8465, 8338, 8270, 8176, 8143, 7900, 7510, 7340, 7085, 7073, 6713, 6651, 6519, 6457, 6226, 6156, 6143, 6117, 6007, 5791, 5650, 5340, 5019, 4956, 4899, 4760, 4653, 4254, 4203, 3868, 3842, 3835, 3629, 3579, 3539, 3447, 3427, 3243, 3107, 3058, 2996, 2904, 2821, 2756, 2729, 2676, 2563, 2506, 2358, 2204, 2076, 1784, 1440, 1438, 1325, 1187, 1137, 1084, 940, 834, 336, 194]",0.013132669599444315,0.37,0.35476330039414905,0.5623393991265568,0.89745566692367,0.19999999999999996
"[8121, 8120, 8006, 7852, 7731, 7691, 7593, 7536, 7528, 7306, 7160, 6873, 6595, 6585, 6512, 6462, 6427, 6358, 6355, 6198, 6063, 5970, 5954, 5842, 5692, 5474, 5436, 5372, 5300, 5061, 4926, 4825, 4735, 4634, 4530, 4477, 3949, 3807, 3734, 3691, 3685, 3365, 3296, 3229, 3216, 3088, 2964, 2961, 2883, 2819, 2780, 2769, 2762, 2400, 2271, 2249, 2211, 2113, 1934, 1704, 1638, 1576, 1540, 1448, 1325, 1209, 1153, 1117, 1038, 996, 647, 443, 389, 241, 40, 9]",0.016664737207686964,0.25,0.3616001810788083,0.5635115634475529,0.8776664096633257,0.19999999999999996
"[8590, 8374, 7329, 7220, 7147, 6927, 6505, 6311, 6090, 5912, 5284, 5242, 5226, 5131, 4931, 4719, 4677, 4407, 4326, 4270, 4170, 3987, 3739, 3330, 3296, 3092, 2892, 2157, 1952, 1688, 1495, 1455, 928, 790, 616, 390]",0.006849965269738366,0.65,0.31414513915965303,0.4864963780699034,0.955538421999486,0.19999999999999996
"[8578, 8547, 8500, 8356, 8291, 8248, 8110, 7909, 7851, 7849, 7553, 7178, 7175, 7156, 7146, 7129, 7060, 6987, 6854, 6830, 6529, 6311, 6021, 6017, 5956, 5882, 5828, 5724, 5719, 5639, 5620, 5612, 5601, 5562, 5545, 5520, 5468, 5395, 5272, 5220, 5119, 5110, 4909, 4789, 4778, 4773, 4765, 4635, 4368, 4251, 4238, 4190, 4074, 4067, 3939, 3902, 3782, 3550, 3250, 3047, 3036, 2741, 2488, 2320, 2317, 2290, 2229, 2197, 2163, 2113, 1991, 1811, 1758, 1724, 1670, 1653, 1511, 1350, 1349, 1190, 1145, 1112, 1043, 878, 830, 540, 535, 355, 325, 301, 266, 169, 157, 150, 79, 61, 6, 4]",0.01890368140773327,0.03,0.4283744664548178,0.6109795974549357,0.860704189154459,0.19999999999999996
"[8533, 8506, 8394, 7994, 7824, 7763, 7491, 7369, 7249, 6816, 6213, 5970, 5905, 5692, 5420, 5312, 5177, 5140, 5035, 4396, 4382, 3372, 3314, 3105, 3095, 2855, 2816, 2585, 2403, 2218, 1987, 1906, 1647, 996, 908, 797, 235, 46, 21]",0.008084047233155823,0.62,0.33581719112196085,0.4575424097496702,0.938319198149576,0.19999999999999996
"[8386, 8218, 7168, 6793, 5529, 4490, 4237, 4131, 3420, 3220, 3204, 1674, 1671, 629]",0.0037601296596434354,0.87,0.2062851641362713,0.3496568316931912,0.9766126959650475,0.19999999999999996
"[8020, 7758, 7719, 7531, 7483, 7260, 6637, 6496, 6212, 5987, 5881, 5860, 5578, 5432, 5235, 5169, 4981, 4785, 4579, 4561, 4464, 4336, 4110, 4004, 3817, 3770, 3648, 3618, 3110, 3092, 3083, 2691, 2631, 2148, 1349, 1344, 1279, 973, 852, 461, 314, 130]",0.007799259087751795,0.59,0.32862449825769846,0.5317213582922643,0.9432022616294011,0.19999999999999996
"[8628, 8407, 7767, 7525, 6935, 6643, 5813, 4741, 4635, 4323, 3073, 1779, 468, 252]",0.0036779347071081267,0.87,0.25301290772223806,0.3358790105905194,0.9740426625546132,0.4
"[8554, 8423, 8262, 8206, 8087, 8013, 7731, 7650, 7236, 7028, 6824, 6219, 6160, 6070, 6035, 5996, 5977, 5831, 5827, 5779, 5681, 5656, 5584, 5439, 5216, 5029, 5020, 4814, 4731, 4719, 4421, 4200, 4179, 4067, 3912, 3829, 3703, 3614, 3550, 3533, 3449, 3440, 3292, 3257, 2958, 2777, 2733, 2720, 2607, 2468, 2295, 2250, 2233, 2091, 2076, 2045, 1961, 1900, 1796, 1727, 1678, 1656, 1567, 1543, 1534, 1345, 1335, 1317, 1308, 1137, 1068, 1024, 899, 882, 799, 627, 600, 468, 449, 407, 315, 284, 216]",0.01782241259550822,0.18,0.4277425820720099,0.5561102727580463,0.852994088923156,0.19999999999999996
"[7026, 7002, 6320, 5512, 4776, 3941, 3899, 3443, 3382, 2385, 1901, 1596]",0.0023361889326232923,0.89,0.22820075071829993,0.3050695298127165,0.9820097661269597,0.6
"[8399, 8316, 8296, 8235, 8189, 8164, 8092, 8081, 7990, 7733, 7654, 7464, 7416, 7400, 6979, 6819, 6817, 6757, 6749, 6709, 6268, 6160, 6137, 6092, 5986, 5821, 5549, 5359, 5276, 5203, 5112, 5070, 5058, 4902, 4885, 4826, 4447, 4364, 4222, 4012, 3910, 3837, 3818, 3791, 3743, 3719, 3639, 3536, 3520, 3506, 3219, 2972, 2813, 2778, 2702, 2594, 2527, 2506, 2359, 2328, 2169, 2101, 2074, 2064, 2045, 2031, 2026, 2002, 1896, 1745, 1498, 1434, 1398, 1344, 1335, 1286, 1170, 1161, 1158, 812, 760, 260]",0.015634406112526048,0.19,0.4044903152251772,0.6070977019233145,0.8833204831662812,0.19999999999999996
"[8600, 8598, 8573, 8548, 8435, 8395, 8367, 8234, 8112, 7849, 7755, 7543, 7503, 7466, 7343, 7220, 7187, 7081, 7044, 6935, 6719, 6441, 6361, 6360, 6309, 6215, 5841, 5757, 5648, 5643, 5497, 5437, 5386, 5190, 5003, 4898, 4801, 4671, 4578, 4546, 4509, 4343, 4230, 4115, 4058, 3985, 3776, 3416, 3368, 3127, 3033, 2921, 2835, 2781, 2758, 2703, 2603, 2564, 2521, 2453, 2382, 2361, 2319, 2297, 2279, 2247, 2088, 2075, 2058, 1859, 1851, 1826, 1512, 1473, 1411, 1375, 1247, 1240, 1239, 1219, 1218, 1212, 1156, 1145, 940, 864, 796, 630, 539, 365, 318, 257, 224]",0.018007640657559623,0.08,0.4355743093610762,0.6403544681617004,0.8594191724492418,0.19999999999999996
"[8125, 7871, 4770, 2793]",0.0006297754109747627,0.97,0.09182442632091947,0.23458386173389634,0.9969159599074788,1.0
"[8470, 8413, 8369, 7929, 7797, 7757, 7704, 7610, 7254, 7246, 7133, 7107, 7105, 6876, 6834, 6773, 6762, 6474, 6427, 6227, 6127, 6084, 5689, 5544, 5541, 5218, 5179, 4873, 4829, 4806, 4776, 4282, 4162, 4099, 4012, 3885, 3737, 3639, 3598, 3540, 3367, 3274, 3071, 3059, 2859, 2697, 2550, 2546, 2514, 2441, 2433, 2109, 2039, 1932, 1890, 1578, 1477, 1416, 1366, 1328, 1043, 713, 518, 486, 452, 412, 330, 102]",0.011759666589488307,0.33,0.35947739460054795,0.5798801181091489,0.9277820611667952,0.19999999999999996
"[8561, 8500, 8485, 8243, 8220, 8060, 8014, 7992, 7970, 7949, 7733, 7632, 7522, 7169, 7144, 7143, 6820, 6439, 6398, 6246, 6032, 5942, 5923, 5880, 5734, 5634, 5620, 5585, 5141, 4870, 4852, 4829, 4766, 4678, 4291, 4136, 4117, 4045, 4035, 4027, 3684, 3628, 3520, 3041, 2824, 2822, 2652, 2632, 2623, 2542, 2117, 2095, 2047, 1596, 1373, 1365, 1189, 903, 869, 422, 360, 293, 283, 156, 110, 17]",0.013462607084973374,0.35,0.3958501664860118,0.5575058222964575,0.899254690310974,0.19999999999999996
"[8588, 8471, 8385, 8370, 8366, 8178, 8064, 7988, 7946, 7942, 7924, 7728, 7715, 7654, 7555, 7526, 7361, 7098, 6780, 6573, 6568, 6173, 6143, 6133, 5838, 5798, 5705, 5453, 5303, 5208, 5068, 4909, 4756, 4725, 4570, 4483, 4083, 4072, 4000, 3980, 3950, 3925, 3710, 3616, 3418, 3364, 3279, 3123, 3068, 3063, 3018, 2896, 2854, 2817, 2796, 2661, 2612, 2334, 2312, 2246, 2179, 2159, 2148, 2085, 2068, 1905, 1832, 1548, 1514, 1184, 850, 844, 738, 728, 481]",0.013970826580226905,0.26,0.3211701732663512,0.6150031986061417,0.9133898740683629,0.19999999999999996
"[8637, 8540, 8436, 8377, 8302, 8291, 8181, 8159, 8104, 8053, 7926, 7789, 7771, 7655, 7378, 7343, 7256, 7190, 7086, 6967, 6862, 6861, 6774, 6292, 6218, 6206, 6010, 5796, 5787, 5739, 5692, 5639, 5566, 5516, 5492, 5481, 5415, 5348, 5316, 5314, 5269, 4984, 4859, 4843, 4756, 4680, 4602, 4580, 4443, 4199, 3900, 3858, 3610, 3506, 3491, 3441, 3298, 3202, 3101, 3083, 3064, 2983, 2705, 2540, 2493, 2333, 2315, 2269, 2140, 2120, 2085, 2079, 2016, 1813, 1808, 1803, 1622, 1567, 1550, 1491, 1376, 1340, 1319, 935, 816, 744, 643, 414, 335, 133, 43]",0.01714169946746932,0.1,0.3976253061853734,0.6020664167547866,0.8812644564379337,0.19999999999999996
"[8396, 8283, 8129, 8127, 8005, 7985, 7932, 7568, 7559, 7542, 7426, 7289, 7114, 7077, 6992, 6974, 6856, 6846, 6772, 6738, 6662, 6541, 6056, 5817, 5445, 5260, 5095, 4504, 4409, 4331, 4316, 4208, 4170, 4168, 4080, 3990, 3758, 3574, 3485, 3438, 3307, 3220, 3116, 3093, 2917, 2573, 2430, 2418, 2352, 2059, 1925, 1923, 1727, 1548, 1488, 1283, 907, 575, 432, 397, 312, 221]",0.011795554526510767,0.39,0.3843567503020282,0.531497226601761,0.909277820611668,0.19999999999999996
"[8083, 6811, 6458, 4878, 4796, 3581, 2993, 2498, 1692]",0.0015373929150266264,0.92,0.1920174784001638,0.2833208376895212,0.9889488563351324,0.6
"[8081, 6458, 5999, 5445, 5216, 4899, 3500, 2541, 2066, 1774, 799, 287]",0.002175272053716138,0.89,0.21246170024690558,0.3346367867098088,0.9845797995373939,0.6
"[8295, 7893, 7282, 6506, 6447, 5726, 5721, 5535, 4954, 3995, 3274, 2750, 2436, 1599, 1266, 683]",0.003062051400787219,0.85,0.23519861008455312,0.3640691519541486,0.9807247494217425,0.4
"[8522, 8420, 8322, 8027, 7908, 7898, 7887, 7826, 7743, 7526, 7234, 7120, 6444, 6394, 6354, 6083, 5872, 5794, 5444, 5416, 5401, 5255, 5184, 4910, 4791, 4238, 4165, 4001, 3639, 3444, 3237, 3108, 3057, 3018, 2719, 2716, 2682, 2607, 2549, 2393, 2277, 2264, 1956, 1822, 1790, 1755, 1684, 1333, 898, 857, 501, 498, 482, 308]",0.009705950451493401,0.47,0.35551907382063364,0.5675654632060639,0.9303520945772294,0.19999999999999996
"[8166, 8074, 7798, 7658, 7605, 7535, 7486, 7467, 7186, 7043, 7021, 6977, 6964, 6528, 6301, 6284, 6230, 5966, 5963, 5863, 5784, 5495, 5326, 5198, 4788, 4733, 4684, 4490, 4417, 4348, 4205, 3985, 3871, 3828, 3666, 3649, 3110, 3107, 2733, 2523, 2246, 2227, 2050, 2002, 1851, 1757, 1437, 1219, 1066, 746, 426, 233, 88]",0.011096318592266728,0.48,0.29204539150347586,0.5505762395629366,0.9162169108198407,0.19999999999999996
"[8575, 8316, 8261, 8175, 8123, 7564, 7434, 7248, 7182, 7139, 6833, 6794, 6760, 6733, 6676, 6431, 6211, 5992, 5967, 5524, 5517, 5483, 5414, 5333, 5282, 5273, 5214, 5140, 5052, 4962, 4924, 4763, 4749, 4715, 4714, 4454, 4134, 3895, 3841, 3836, 3624, 3430, 3320, 3226, 2914, 2877, 2809, 2591, 2583, 2567, 2514, 2446, 2441, 2399, 1812, 1251, 1130, 899, 805, 585, 456, 341, 203]",0.010863625839314656,0.38,0.34761941392046314,0.5162575758704482,0.9290670778720124,0.19999999999999996
"[8350, 7928, 7586, 6058, 5552, 5421, 5228, 4575, 3852, 3709, 2331, 2260, 799, 161]",0.0026996990043991666,0.87,0.2171994682828885,0.3629285697031439,0.9817527627859162,0.4
"[8403, 8322, 8221, 8147, 8089, 8005, 7666, 7538, 7052, 7037, 6922, 6889, 6852, 6709, 6344, 6223, 6205, 6198, 6187, 6179, 6164, 5394, 5244, 5130, 5058, 4871, 4742, 4604, 4532, 4505, 4205, 4058, 3982, 3716, 3715, 3633, 3250, 2778, 2622, 2614, 2395, 2337, 2252, 2204, 2163, 2047, 1879, 1628, 1601, 1407, 1370, 1242, 554, 334, 225, 214, 132, 88]",0.012229682796943737,0.43,0.3762895593637209,0.5280309851177576,0.9085068105885377,0.19999999999999996
"[8051, 7219, 6506, 6097, 5229, 4152, 3089, 3056, 2682, 1889, 836, 512]",0.001875434128270433,0.89,0.19945094484124448,0.34922387330347837,0.9856078129015677,0.8
"[8320, 8315, 8282, 8229, 7863, 7725, 7675, 7585, 7529, 7477, 7324, 7215, 7109, 7096, 6446, 6423, 6412, 6335, 6226, 6172, 6163, 6062, 5941, 5580, 4893, 4868, 4746, 4549, 4295, 3983, 3911, 3894, 3869, 3816, 3500, 3463, 3332, 3162, 3077, 2925, 2917, 2594, 2567, 2450, 2352, 2157, 1783, 1749, 1723, 1714, 1491, 1467, 1395, 1339, 1060, 993, 816, 581, 220, 216, 201, 11]",0.013136142625607779,0.39,0.3743936482854682,0.5404395288873154,0.9090208172706246,0.19999999999999996
"[7650, 7342, 6597, 6418, 5937, 5751, 5286, 4848, 4793, 4713, 4147, 3698, 2139, 1903, 1830, 1081, 986, 947, 396]",0.0038596897429960643,0.82,0.25513270168356184,0.37150420331318934,0.9748136725777435,0.4
"[8452, 8432, 8396, 8161, 8077, 7191, 7038, 6972, 6748, 6731, 6679, 6157, 6041, 6036, 5773, 5761, 5610, 5595, 5223, 4919, 4664, 4632, 4627, 4454, 4413, 4351, 4236, 4094, 4037, 3528, 3254, 3082, 3006, 2899, 2747, 2645, 2500, 1684, 1637, 1491, 1457, 1216, 1032, 932, 578, 439, 410, 251]",0.009997684649224358,0.53,0.31394451233041165,0.5293587862138125,0.9236700077101002,0.19999999999999996
"[8629, 8520, 8510, 8376, 7994, 7952, 7912, 7882, 7728, 7691, 7658, 7477, 7345, 7186, 7156, 7111, 7087, 7081, 7055, 6882, 6655, 6507, 6274, 6215, 6188, 5661, 5554, 5471, 5160, 5151, 4598, 4279, 4208, 4168, 3880, 3656, 3354, 3318, 3303, 3090, 2777, 2770, 2769, 2699, 2582, 2516, 2359, 2336, 2194, 2027, 1951, 1744, 1649, 1248, 919, 814, 742, 625, 535, 350, 332, 233, 208, 200, 26]",0.01489812456587173,0.36,0.3904051609792789,0.5610212797377782,0.870213312773066,0.19999999999999996
"[8563, 8558, 8509, 8493, 8185, 8005, 7896, 7589, 7204, 6945, 6579, 6453, 6400, 5251, 4878, 4693, 4658, 4479, 4273, 4033, 3673, 3347, 2849, 2708, 2597, 2397, 2339, 2331, 2183, 2118, 810, 705, 702, 62]",0.007314193100254688,0.67,0.3290342401139986,0.46027107186964955,0.9447442816756618,0.19999999999999996
"[8589, 8368, 8160, 7873, 7624, 7483, 7477, 7106, 6955, 6800, 6719, 6092, 6059, 5943, 5885, 5813, 5803, 5674, 5237, 5212, 5210, 5113, 5051, 5019, 4737, 4630, 4458, 4426, 4349, 4304, 3859, 3769, 3693, 3674, 3445, 2795, 2727, 2702, 2683, 2316, 2264, 2083, 1796, 1792, 1570, 1480, 1289, 1244, 1132, 990, 631, 511, 396, 133, 112, 34]",0.010501273442926602,0.45,0.35782668177778887,0.5318738006881834,0.9167309175019275,0.19999999999999996
"[8477, 8457, 8417, 8255, 8199, 8109, 7880, 7855, 7811, 7593, 7464, 7351, 7296, 7275, 6857, 6772, 6749, 6744, 6657, 6559, 6545, 6406, 6204, 5826, 5713, 5650, 5547, 5529, 4981, 4806, 4522, 4496, 4446, 4238, 4121, 3872, 3475, 2964, 2870, 2646, 2600, 2399, 2323, 1945, 1916, 1783, 1770, 1595, 1518, 1451, 1415, 1379, 1220, 966, 848, 679, 408, 309, 244, 106]",0.012732113915258162,0.41,0.30376296401063607,0.5463508483146836,0.9031097404266255,0.19999999999999996
"[7986, 1464]",0.000531373003009956,0.99,0.12508273216655008,0.19298870635127618,0.9948599331791314,0.8
"[7857, 3280, 2435, 1650, 1648, 1409]",0.0012780736281546652,0.95,0.17258464944707252,0.23563456786804904,0.9910048830634798,0.6
"[8597, 8475, 8322, 7958, 7241, 7215, 6890, 6311, 6165, 6099, 6091, 6023, 5550, 5343, 5212, 4961, 4721, 4683, 4603, 4569, 4320, 4186, 4173, 4133, 3988, 3921, 3497, 3430, 3373, 3256, 3177, 2962, 2954, 2891, 2882, 2722, 2673, 2580, 2572, 2536, 2438, 2337, 2270, 1791, 1673, 1559, 1466, 1426, 1389, 970, 933, 912, 879, 460, 447, 445, 329, 21]",0.01131164621440148,0.43,0.37886593299013627,0.563998329735403,0.9180159342071447,0.19999999999999996
"[8632, 8411, 7072, 6238, 5723, 5302, 4451, 926, 385]",0.001616114841398472,0.92,0.18600185541197445,0.2969667242474604,0.9894628630172192,0.6
"[8617, 8514, 8412, 8387, 8338, 8264, 8149, 8052, 7882, 7837, 7739, 7588, 7490, 7435, 7309, 7282, 7161, 6927, 6903, 6842, 6730, 6596, 6536, 6494, 6437, 6406, 6307, 6264, 6172, 6153, 6143, 6052, 6007, 5995, 5852, 5724, 5675, 5641, 5578, 5455, 5290, 5203, 5151, 4953, 4807, 4779, 4662, 4383, 4234, 4191, 4154, 4142, 3961, 3762, 3745, 3509, 3470, 3436, 3315, 3248, 3219, 3060, 3024, 2939, 2724, 2678, 2576, 2501, 2374, 2327, 2259, 2228, 2150, 2076, 1923, 1869, 1800, 1654, 1602, 1419, 1408, 1326, 1172, 1141, 1109, 1103, 1093, 978, 797, 659, 454, 332, 298, 246, 177]",0.019305394767307246,0.06,0.38331805752486015,0.6487660482177713,0.8625032125417631,0.19999999999999996
"[8622, 8559, 8403, 8294, 8291, 8131, 7798, 7591, 7224, 6940, 6880, 6837, 6812, 6787, 6768, 6706, 6612, 6506, 6308, 6266, 6229, 6131, 6047, 5911, 5873, 5771, 5697, 5665, 5598, 5491, 5398, 5372, 5334, 5291, 5160, 5000, 4874, 4829, 4460, 4352, 4331, 4299, 4252, 4249, 4210, 4164, 3804, 3761, 3597, 3434, 3205, 3087, 2937, 2834, 2786, 2703, 2662, 2582, 2545, 2460, 2418, 2405, 2318, 2193, 2114, 2051, 2005, 1984, 1945, 1941, 1922, 1823, 1750, 1716, 1510, 1450, 1338, 953, 907, 483, 394, 246, 187, 162, 135, 96]",0.01771359110905302,0.15,0.43247478066250156,0.6434269265351106,0.8537650989462863,0.19999999999999996
"[8574, 8494, 8476, 8442, 8276, 8262, 8128, 7890, 7866, 7789, 7729, 7563, 7549, 7526, 7365, 7240, 7166, 7145, 6946, 6670, 6668, 6631, 6579, 6536, 6495, 6369, 6288, 6013, 5989, 5886, 5833, 5768, 5498, 5411, 5307, 5139, 5082, 4904, 4380, 4277, 4218, 4083, 3833, 3454, 3419, 3332, 3270, 3123, 3026, 2821, 2782, 2712, 2691, 2479, 2384, 2362, 2350, 2302, 2247, 2239, 2222, 2125, 2103, 2035, 1905, 1772, 1566, 1450, 1421, 1305, 1270, 1197, 1174, 1093, 1070, 743, 587, 583, 520, 519, 479, 446, 260, 246, 224, 207, 178, 114, 35]",0.019628386200509378,0.12,0.39239717769209226,0.6529294358116196,0.8468260087381136,0.19999999999999996
"[7236, 7226, 4652, 3955, 3637, 340]",0.001239870340356564,0.95,0.19175362171255628,0.270916995489506,0.9897198663582627,0.6
"[8296, 8233, 8171, 7953, 7863, 7686, 7571, 7329, 6991, 6838, 6451, 6431, 6409, 5993, 5971, 5842, 5571, 5526, 5343, 5314, 5298, 5109, 4916, 3703, 3657, 3528, 3156, 3044, 2701, 2670, 2267, 2157, 2008, 1340, 1077, 1058, 894, 267, 186]",0.006413521648529752,0.62,0.2895124723101985,0.47073721953859493,0.961449498843485,0.4
"[8523, 8413, 7309, 5781, 5113, 4037, 3023, 1322, 347, 20]",0.002130122713591109,0.91,0.2031155556799058,0.3178737031614691,0.988177846312002,0.6
"[8420, 8358, 8332, 8227, 8085, 8032, 7980, 7941, 7574, 7530, 7460, 7377, 7296, 7228, 7011, 6961, 6832, 6817, 6622, 6489, 6452, 6351, 6328, 6321, 6203, 6191, 6101, 5960, 5946, 5941, 5758, 5671, 5555, 5545, 5529, 5399, 5371, 5361, 5334, 5304, 5258, 4956, 4932, 4884, 4726, 4681, 4603, 4359, 4231, 4143, 4036, 3996, 3893, 3829, 3597, 3524, 3514, 3468, 3323, 3315, 3112, 2669, 2652, 2419, 2347, 2281, 2236, 2104, 1829, 1683, 1603, 1584, 1491, 1490, 1420, 1410, 1399, 1141, 1122, 906, 858, 689, 668, 652, 623, 622, 438, 294]",0.017654549664274138,0.13,0.42633729141370225,0.6062781690131327,0.8681572860447186,0.19999999999999996
"[8586, 8498, 8487, 8441, 8427, 8392, 8061, 8046, 7916, 7841, 7736, 7514, 7292, 7232, 7122, 7101, 7092, 7059, 6981, 6976, 6954, 6920, 6749, 6362, 6338, 6333, 6260, 6027, 5974, 5627, 5495, 5452, 5318, 5187, 5167, 5095, 5078, 4995, 4991, 4936, 4834, 4707, 4448, 4437, 4197, 4134, 4120, 4028, 3920, 3750, 3677, 3560, 3417, 3327, 3287, 3165, 3141, 3037, 2972, 2950, 2878, 2820, 2796, 2787, 2776, 2727, 2650, 2401, 2316, 2108, 2019, 1953, 1894, 1875, 1795, 1543, 1532, 1379, 1330, 1307, 1274, 1219, 999, 772, 722, 699, 566, 551, 535, 424, 229, 222, 210, 209, 205]",0.018388515860152815,0.06,0.446904953566889,0.6451672332741989,0.8627602158828065,0.19999999999999996
"[8540, 8283, 8158, 8047, 7827, 7681, 7423, 7367, 7221, 7015, 6597, 6553, 6484, 6395, 6317, 6036, 5693, 5618, 5406, 4977, 4899, 4858, 4722, 4689, 4594, 4488, 4472, 4469, 4460, 4458, 4429, 4286, 4194, 3872, 3868, 3817, 3762, 3654, 3625, 3560, 3449, 3345, 3307, 3303, 2818, 2523, 2507, 2457, 2279, 2244, 2241, 2125, 2120, 2012, 2002, 1923, 1910, 1834, 1769, 1723, 1498, 1447, 1371, 1288, 1200, 1196, 1121, 1112, 1003, 920, 881, 859, 671, 617, 532, 512, 452, 364, 332, 178, 121]",0.019209307710118084,0.2,0.354130311040592,0.5499938530496788,0.8355178617322025,0.19999999999999996
"[8341, 7855, 7317, 7072, 5873, 4851, 4629, 2851, 2830, 1613, 480]",0.0017017828200972447,0.9,0.18649087329547465,0.31803149036432676,0.9886918529940889,0.8
"[8140, 7520, 6653, 6606, 6279, 6048, 3949, 3427, 2537, 2454, 2220, 1548, 1071, 829, 551, 383]",0.003696457513313267,0.85,0.26437434348249755,0.37644850046862954,0.9730146491904395,0.4
"[8563, 8038, 7848, 7718, 7502, 7435, 7281, 7002, 6758, 6726, 6719, 6624, 6518, 6187, 6130, 5952, 5599, 5518, 5367, 4430, 4422, 4301, 4298, 3648, 3532, 3489, 3466, 3444, 2989, 2701, 2149, 1995, 1832, 1772, 1766, 1591, 1422, 1418, 1414, 1374, 1344, 1302, 1017, 461, 311, 279, 16]",0.009490622829358648,0.54,0.35918202525086174,0.516624671654629,0.9252120277563608,0.19999999999999996
"[8432, 7933, 7788, 7255, 6493, 6373, 6131, 5942, 5650, 5571, 5391, 5213, 5085, 4521, 4140, 4130, 3592, 3375, 2654, 2340, 2275, 1936, 1871, 1816, 1131, 1105, 825, 823, 354, 172]",0.006104422319981477,0.71,0.3144389210216424,0.46151995729318585,0.9509123618607042,0.4
"[8562, 8524, 8450, 8433, 8171, 8169, 8047, 8023, 7835, 7823, 7820, 7805, 7625, 7575, 7484, 7327, 7140, 6999, 6921, 6835, 6806, 6746, 6743, 6728, 6701, 6361, 6352, 6289, 6201, 6160, 5970, 5918, 5838, 5572, 5433, 5345, 5341, 5269, 5260, 5128, 5098, 5075, 4956, 4954, 4879, 4823, 4725, 4697, 4538, 4407, 4140, 3909, 3703, 3590, 3534, 3516, 3419, 3399, 3350, 3324, 2995, 2944, 2865, 2529, 2484, 2209, 2063, 1996, 1877, 1798, 1795, 1658, 1533, 1238, 1222, 1067, 1023, 954, 809, 775, 763, 635, 576, 566, 539, 365, 345, 284, 283, 213, 209, 193]",0.018238018059736048,0.09,0.38915107134473015,0.6347232774728536,0.8650732459521974,0.19999999999999996
"[8588, 8587, 8482, 8233, 8098, 7878, 7309, 7274, 7265, 7127, 7036, 7015, 6916, 6885, 6828, 6633, 6601, 6555, 6538, 5967, 5717, 5550, 5433, 4907, 4544, 4477, 4437, 4365, 4327, 4219, 4171, 3320, 3309, 2782, 2470, 2415, 2269, 2177, 2028, 1968, 1736, 1719, 1692, 1565, 1451, 1169, 1145, 1067, 993, 926, 666, 592, 574, 452, 413, 34]",0.012530678397777262,0.45,0.3383985042560873,0.5644961640516685,0.9000257003341043,0.19999999999999996
[240],0.0005498958092150961,1.0,0.09597164975676398,0.1674453888423022,0.9964019532253919,0.8
"[8574, 8494, 8476, 8442, 8276, 8262, 8128, 7890, 7866, 7789, 7729, 7563, 7549, 7526, 7365, 7240, 7166, 7145, 7072, 6946, 6670, 6631, 6579, 6536, 6495, 6369, 6288, 6013, 5989, 5886, 5833, 5768, 5498, 5411, 5307, 5139, 5082, 4904, 4451, 4380, 4277, 4218, 4083, 3833, 3454, 3419, 3332, 3270, 3123, 3026, 2821, 2782, 2712, 2691, 2479, 2384, 2362, 2350, 2302, 2247, 2239, 2222, 2125, 2103, 2035, 1905, 1772, 1566, 1450, 1421, 1305, 1270, 1197, 1174, 1093, 1070, 743, 587, 583, 446, 385, 260, 246, 224, 207, 178, 114, 35]",0.01918268117619819,0.13,0.39641806807122604,0.6559065183840667,0.8455409920328965,0.19999999999999996
"[7986, 7820, 4]",0.001066219032183376,0.98,0.14988535152419558,0.21238586878508026,0.9930609097918273,0.6
"[8385, 8370, 8366, 8178, 8081, 7988, 7924, 7728, 7654, 7526, 7361, 7098, 6780, 6458, 6143, 6133, 5999, 5838, 5705, 5453, 5445, 5303, 5216, 5208, 5068, 4909, 4899, 4725, 4570, 4083, 4072, 3950, 3925, 3710, 3500, 3418, 3279, 3123, 3068, 3063, 3018, 2896, 2796, 2661, 2612, 2541, 2246, 2159, 2148, 2066, 1905, 1774, 1514, 850, 844, 799, 738, 728, 474, 287]",0.009802037508682566,0.41,0.3398318923227721,0.5859424789226721,0.9318941146234901,0.4
"[8386, 7168, 6793, 6330, 6122, 5529, 4490, 4237, 4131, 3420, 3220, 3204, 1669, 629]",0.003497337346608011,0.87,0.20208407601131984,0.34896171215748384,0.9771267026471344,0.19999999999999996
"[8460, 8101, 8051, 7219, 6506, 6097, 5229, 4494, 4477, 4469, 4152, 3374, 3089, 3056, 2102, 1907, 1889, 1553, 1254, 1013, 978, 914, 906, 836, 806, 665, 590, 588, 582, 564, 512, 429, 402, 386, 277, 200, 155, 150, 141, 132, 124, 86, 76, 75, 73, 62, 54, 40, 38, 26, 24, 22, 15, 13, 12, 1]",0.0261819865709655,0.45,0.39741270940008944,0.3965929808877723,0.5890516576715497,0.19999999999999996
"[8456, 8449, 8447, 8446, 5240, 4492, 4487, 4484, 4483, 4472, 4468, 4160, 2933, 2126, 1907, 1697, 1443, 1332, 1296, 1098, 1022, 920, 851, 808, 600, 582, 382, 290, 276, 163, 86, 58, 54, 30, 17, 14]",0.02001041907849039,0.65,0.3602140991845204,0.29596221135515444,0.7026471344127474,0.19999999999999996
"[8562, 8524, 8456, 8450, 8448, 8433, 8171, 8169, 8047, 8023, 7625, 7575, 7484, 7327, 7140, 6999, 6921, 6835, 6361, 6352, 5970, 5918, 5838, 5572, 5433, 5345, 5341, 5098, 5075, 4956, 4954, 4879, 4823, 4538, 4492, 4470, 4407, 3909, 3534, 3516, 3419, 3399, 3350, 3324, 2995, 2944, 2865, 2529, 2484, 2134, 1996, 1907, 1904, 1877, 1798, 1795, 1555, 1546, 1533, 1461, 1414, 1404, 1326, 1299, 1238, 1222, 1094, 1023, 1013, 954, 920, 904, 873, 809, 775, 763, 734, 365, 345, 318, 284, 283, 276, 213, 209, 193, 173, 76, 75, 55, 42, 38]",0.029357490159759202,0.09,0.4066004072879835,0.5448605992388814,0.6604985864816242,0.19999999999999996
"[8533, 8506, 8456, 8394, 7994, 7763, 7491, 7249, 6213, 5970, 5692, 5312, 4492, 4470, 4039, 3314, 2403, 2134, 1987, 1906, 1904, 1647, 1555, 1546, 1461, 1414, 1404, 1326, 1299, 1013, 996, 904, 734, 318, 235, 173, 76, 75, 38]",0.017091919425793006,0.62,0.344319582916895,0.3934074791064017,0.7987663839629915,0.0
"[7857, 7426, 3280, 1650, 1648]",0.0009423477656865016,0.96,0.14228241557213583,0.2147349662616631,0.9925469031097405,0.8
"[8628, 8449, 8407, 7767, 7525, 6935, 6643, 5813, 4741, 4635, 4483, 4472, 4323, 3936, 3073, 2180, 2126, 1907, 1779, 627, 553, 468, 290, 252, 38, 31, 15]",0.013183607316508451,0.74,0.3207619575821127,0.3738754515816989,0.8601901824723721,0.19999999999999996
"[8467, 8464, 8447, 7241, 6890, 6099, 6091, 5343, 5212, 4961, 4925, 4721, 4683, 4603, 4569, 4487, 4320, 4186, 4173, 3921, 3430, 3177, 2891, 2882, 2673, 2536, 2270, 2026, 2016, 1791, 1466, 1414, 1389, 1299, 1254, 1013, 970, 920, 759, 582, 561, 529, 460, 447, 445, 359, 329, 277, 141, 138, 73, 32, 26]",0.019496411206297755,0.48,0.3540739215325124,0.45521612298517133,0.7848882035466461,0.19999999999999996
"[7824, 6816, 5905, 5686, 5140, 5035, 4382, 3105, 3095, 2855, 2816, 2585, 2218, 908, 797, 383, 21]",0.00360731650845103,0.84,0.26598514038386833,0.3795300384469238,0.9701876124389617,0.4
"[8541, 8037, 7524, 7425, 6897, 6892, 5343, 5186, 4858, 4705, 4323, 3540, 3470, 3238, 2744, 1785, 1544, 1263, 1053, 846, 95, 27]",0.0037798101412363973,0.79,0.25242938013848226,0.4167701334665176,0.9755846826008738,0.4
"[7017, 6511, 6362, 3637, 3143, 2058]",0.0009110905302153276,0.95,0.1371275606745327,0.2520096507068863,0.9935749164739142,0.8
"[8464, 8460, 8457, 8189, 8164, 8081, 7990, 7900, 7654, 7464, 7416, 6979, 6137, 6092, 5986, 5549, 5359, 5112, 5070, 5058, 4902, 4885, 4493, 4486, 4471, 4447, 4364, 4012, 3910, 3837, 3818, 3536, 3520, 3507, 3506, 2972, 2813, 2527, 2506, 2454, 2359, 2328, 2126, 2054, 2031, 2026, 2016, 2002, 1896, 1694, 1556, 1498, 1461, 1434, 1398, 1344, 1335, 1286, 1184, 1094, 951, 881, 880, 851, 812, 760, 614, 582, 553, 428, 413, 277, 260, 202, 173, 171, 155, 141, 87, 80, 67, 35]",0.028933780967816625,0.19,0.40122771362773013,0.5288327043340537,0.6371112824466718,0.0
"[8554, 8423, 8262, 8206, 8087, 8013, 7731, 7236, 7028, 6824, 6219, 6160, 6070, 6035, 5996, 5977, 5831, 5827, 5779, 5681, 5656, 5584, 5439, 5216, 5029, 5020, 4814, 4731, 4719, 4421, 4200, 4179, 3912, 3829, 3703, 3614, 3550, 3533, 3449, 3440, 3292, 3257, 2958, 2733, 2720, 2607, 2468, 2295, 2250, 2233, 2091, 2076, 1961, 1900, 1796, 1727, 1678, 1656, 1567, 1543, 1345, 1335, 1317, 1308, 1137, 1068, 1024, 899, 882, 799, 627, 600, 468, 449, 407, 315, 284, 216]",0.016491085899513775,0.23,0.4233148125242393,0.5570507206233765,0.8622462092007196,0.19999999999999996
"[8376, 8243, 7365, 7278, 6848, 6715, 6658, 6586, 6236, 5947, 5731, 5704, 5685, 5492, 5444, 5063, 4914, 4880, 4806, 4650, 4640, 4227, 4038, 3567, 3512, 3402, 3219, 2821, 2336, 2180, 2142, 1821, 1043, 934, 627, 553, 224, 38, 31, 15]",0.011177355869414216,0.61,0.37144503141292595,0.5205137927381271,0.891544590079671,0.19999999999999996
"[8020, 7758, 7719, 7531, 7483, 7260, 6637, 6496, 6212, 5987, 5881, 5860, 5578, 5432, 5235, 5169, 4981, 4785, 4579, 4561, 4464, 4351, 4336, 4110, 4094, 4004, 3817, 3770, 3648, 3618, 3110, 3092, 3083, 2691, 2631, 2148, 1349, 1344, 1279, 973, 852, 472, 314, 251, 130]",0.008464922435749016,0.56,0.334476945617294,0.5452359472733916,0.9334361346697507,0.19999999999999996
"[1907, 920, 734, 614, 192, 127, 28]",0.004936327853669831,0.94,0.301766407300306,0.23177511492214553,0.94011822153688,0.19999999999999996
"[8458, 8432, 7933, 7788, 7255, 6493, 6373, 6131, 5942, 5571, 5213, 5085, 4521, 4140, 3375, 2654, 2340, 2275, 1871, 1816, 1131, 1105, 1026, 825, 823, 553, 354, 172, 141]",0.007991433202130123,0.72,0.30550560512139613,0.4452411649254304,0.9226419943459265,0.19999999999999996
"[8632, 8411, 6668, 6433, 6238, 5723, 5302, 926, 520, 519]",0.001480666821023385,0.91,0.15654331793710474,0.2977334414718096,0.9912618864045233,0.8
"[8601, 8398, 8252, 8155, 8026, 7978, 7895, 7701, 7605, 7339, 7178, 7000, 6677, 6555, 6342, 6290, 6281, 6236, 6204, 5560, 5447, 5073, 4996, 4754, 4488, 4280, 4244, 3119, 2875, 2636, 2630, 2517, 2472, 2456, 2441, 2437, 2370, 2026, 1955, 1929, 1801, 1489, 1288, 925, 658, 547, 399, 339]",0.010016207455429497,0.53,0.2970826549804255,0.4808270174111082,0.9280390645078386,0.19999999999999996
"[8619, 8606, 8339, 8323, 8143, 7884, 7818, 7743, 7662, 7592, 7440, 7384, 7316, 6626, 6418, 6401, 6386, 6353, 6123, 5996, 5914, 5905, 5889, 5864, 5844, 5582, 5431, 5406, 5320, 5131, 4990, 4847, 4683, 4549, 4507, 4133, 3894, 3861, 3630, 3604, 3588, 3532, 3513, 3367, 3266, 2976, 2909, 2822, 2720, 2624, 2287, 2065, 1964, 1854, 1631, 1363, 1345, 1287, 1245, 1049, 797, 733, 683, 584, 521, 361, 214, 116, 84]",0.01317318823801806,0.32,0.3776815912654765,0.5138322071243049,0.9031097404266255,0.19999999999999996
"[8533, 8506, 8394, 8140, 7994, 7765, 7520, 7491, 7369, 7249, 6653, 6606, 6279, 6213, 6048, 5970, 5692, 5420, 5312, 5177, 4396, 3949, 3427, 3372, 3314, 2537, 2454, 2403, 2220, 1987, 1906, 1647, 1548, 1071, 996, 829, 551, 235, 46]",0.007580458439453578,0.62,0.32672918833736386,0.4886800312711337,0.9403752248779234,0.19999999999999996
"[7226, 4652, 4037, 3955, 3637, 2588, 340]",0.0013371150729335494,0.94,0.17009106890530168,0.2892613372929056,0.9886918529940889,0.8
"[8399, 8316, 8296, 8295, 8189, 8164, 8092, 8081, 7990, 7733, 7654, 7464, 7416, 7400, 6979, 6819, 6817, 6757, 6749, 6709, 6506, 6268, 6137, 6092, 5986, 5821, 5726, 5549, 5535, 5359, 5276, 5203, 5112, 5070, 5058, 4902, 4885, 4826, 4447, 4364, 4222, 4012, 3910, 3837, 3818, 3791, 3743, 3719, 3639, 3536, 3520, 3506, 3219, 2972, 2813, 2778, 2702, 2527, 2506, 2436, 2359, 2169, 2101, 2031, 2026, 2002, 1896, 1745, 1498, 1434, 1398, 1344, 1335, 1286, 1170, 1161, 1158, 812, 760, 683, 260]",0.014718684880759435,0.2,0.39226342201751463,0.6216158121174545,0.8884605499871499,0.19999999999999996
"[8597, 8475, 8322, 7215, 6311, 6165, 6023, 5550, 4357, 4133, 3988, 3497, 3373, 3256, 2962, 2954, 2722, 2580, 2572, 2438, 2337, 1673, 1559, 1426, 933, 912, 21]",0.005049780041676314,0.74,0.2895653387416336,0.4510181557016567,0.9609354921613981,0.4
"[8588, 8587, 8482, 8233, 8160, 8098, 7878, 7309, 6916, 6828, 6601, 6555, 6538, 6288, 6092, 5967, 5550, 5433, 5237, 5212, 5210, 5113, 4907, 4544, 4458, 4365, 4349, 4304, 4171, 3693, 3674, 3445, 2795, 2683, 2470, 2264, 2177, 1968, 1736, 1719, 1692, 1565, 1451, 1244, 1169, 1132, 1067, 990, 926, 666, 631, 574, 511, 452, 413, 112, 34]",0.011552442695068303,0.44,0.4000051657849032,0.553716477090783,0.8966846569005397,0.19999999999999996
"[8460, 4492, 4483, 4474, 4472, 4093, 2134, 1464, 1324, 1184, 1094, 951, 527, 442, 370, 318, 247, 172, 49, 30, 26]",0.013381569807825885,0.8,0.314925421998697,0.28747108799545706,0.8398869185299409,0.19999999999999996
"[8452, 8432, 8396, 8161, 8077, 7191, 7038, 6972, 6748, 6731, 6679, 6157, 6041, 6036, 5773, 5761, 5610, 5595, 5223, 4919, 4664, 4632, 4627, 4454, 4413, 4236, 4099, 4037, 3528, 3254, 3082, 3006, 2899, 2747, 2645, 2500, 1684, 1637, 1491, 1457, 1216, 1032, 932, 578, 439, 410]",0.00860731650845103,0.55,0.300088425216573,0.5147031899374968,0.9329221279876638,0.19999999999999996
"[8235, 7893, 7282, 6447, 6160, 5721, 4954, 3995, 3274, 2750, 2594, 2074, 2064, 2045, 1599, 661]",0.0033491548969668905,0.85,0.24898397801737326,0.35854783781979305,0.9755846826008738,0.4
"[7986, 5571]",0.00027321139152581615,0.99,0.04453335111000345,0.19261186084938942,0.9987149832947828,1.0
"[7986, 4038]",0.00038087520259319285,0.99,0.09856178673571692,0.19318458581526843,0.9966589565664353,1.0
"[8449, 4490, 4483, 2026, 1404, 1094, 904, 665, 429, 277, 162, 87, 65, 32, 31, 26, 12]",0.012543412827043297,0.84,0.31705739174064296,0.2857907401471089,0.8653302492932409,0.0
"[8456, 8447, 8446, 7408, 6647, 4728, 4492, 4487, 4484, 4468, 4334, 4332, 4210, 3167, 2238, 2162, 1918, 1907, 1788, 1697, 1502, 1443, 1332, 1296, 1098, 1022, 920, 904, 851, 808, 623, 600, 582, 382, 378, 276, 86, 58, 54, 30, 17, 14]",0.020685343829590183,0.59,0.3780191045545296,0.3868964388049282,0.7129272680544847,0.19999999999999996
"[8498, 8487, 8441, 8427, 8392, 8061, 8046, 7916, 7841, 7736, 7514, 7292, 7232, 6981, 6976, 6954, 6920, 6749, 6362, 6338, 6333, 6260, 5974, 5495, 5452, 5318, 5187, 5167, 4936, 4707, 4448, 4437, 4197, 4134, 4120, 3920, 3750, 3677, 3417, 3327, 3287, 3165, 3141, 2878, 2820, 2796, 2787, 2776, 2727, 2650, 2401, 2316, 2108, 1894, 1875, 1795, 1543, 1379, 1330, 1307, 1274, 1219, 772, 722, 699, 566, 551, 535, 229, 222, 210, 209, 205]",0.014708265802269043,0.28,0.40669478960652505,0.5986263365268227,0.8894885633513235,0.19999999999999996
"[8523, 8468, 8467, 8458, 8457, 8456, 7309, 4925, 4495, 4488, 4037, 3227, 3023, 3013, 2102, 1873, 1687, 1546, 1443, 1420, 1332, 1322, 1296, 1092, 914, 906, 851, 817, 713, 588, 582, 561, 529, 407, 276, 200, 172, 141, 76, 67, 55, 54, 40, 36, 35, 32, 26, 24, 22, 20, 8, 2, 1]",0.026755035887937022,0.48,0.3911957402939462,0.3147586922732126,0.5733744538679002,0.0
"[8603, 8]",0.0016230608937253994,0.99,0.21179594122379475,0.19081153036680698,0.9868928296067849,0.4
"[8523, 8468, 8467, 8458, 8457, 8456, 8447, 8446, 8240, 7309, 4925, 4495, 4471, 4468, 4037, 3227, 3023, 3013, 2435, 2102, 1907, 1873, 1687, 1648, 1546, 1443, 1420, 1409, 1332, 1322, 1296, 1128, 1092, 1013, 914, 906, 881, 851, 817, 736, 734, 713, 588, 582, 561, 529, 407, 276, 252, 240, 231, 200, 172, 141, 97, 76, 67, 55, 54, 40, 38, 36, 35, 32, 26, 24, 22, 20, 8]",0.03118082889557768,0.32,0.4076538965074554,0.3301399250685815,0.4775122076586996,0.19999999999999996
"[8563, 8509, 8493, 8185, 8005, 7896, 7589, 7204, 6945, 6579, 6453, 4878, 4693, 4658, 4493, 4479, 4475, 4273, 4033, 3673, 3347, 2849, 2708, 2597, 2397, 2339, 2331, 2183, 2118, 810, 705, 702, 277, 62]",0.009840240796480666,0.67,0.28258496633641006,0.43253102221386297,0.9193009509123619,0.19999999999999996
"[8601, 8398, 8252, 8155, 8037, 8026, 7978, 7895, 7701, 7605, 7524, 7361, 7339, 7178, 7000, 6897, 6892, 6757, 6677, 6649, 6555, 6342, 6290, 6236, 6204, 5560, 5447, 5343, 5073, 4996, 4932, 4858, 4705, 4488, 4411, 4323, 4280, 4244, 3119, 2875, 2636, 2630, 2517, 2472, 2456, 2441, 2437, 2370, 2007, 1929, 1801, 1785, 1726, 1288, 1263, 925, 658, 547, 399, 339, 95]",0.012318823801805974,0.4,0.3128452345511654,0.5072260467959013,0.9172449241840144,0.19999999999999996
"[7168, 6793, 4237, 4131, 3314, 3204, 2180, 2102, 2054, 1674, 1671, 1556, 1372, 1098, 1094, 629, 627, 596, 582, 553, 138, 97, 86, 75, 73, 70, 64, 55, 42, 38, 30, 25, 24, 20, 15, 14, 12, 8, 2]",0.018799490622829356,0.62,0.4270049352843932,0.3603223419759879,0.7314315086096119,0.19999999999999996
"[8637, 8540, 8488, 8237, 8213, 8181, 8159, 8155, 8128, 8104, 8053, 7954, 7943, 7655, 7408, 7235, 7086, 7045, 6967, 6836, 6708, 6687, 6683, 6647, 6317, 6010, 5566, 5516, 5492, 5481, 5335, 4984, 4728, 4602, 4580, 4443, 4334, 4332, 4302, 4264, 4215, 4210, 3900, 3548, 3506, 3491, 3441, 3399, 3167, 3064, 2983, 2591, 2540, 2493, 2383, 2016, 1918, 1788, 1731, 1720, 1717, 1712, 1585, 1502, 1491, 1413, 1376, 1340, 1319, 1029, 935, 816, 623, 414, 378, 335, 291]",0.016066219032183377,0.24,0.4274868382129674,0.6278465118182301,0.8748393729118479,0.19999999999999996
"[7226, 4489, 3637, 2588, 1473, 1296, 340, 150]",0.0036397314193100257,0.93,0.2257751227746655,0.2758878732196648,0.9704446157800052,0.19999999999999996
"[8457, 8350, 4478, 4473, 2102, 1326, 906, 799, 583, 214, 150, 97, 30, 26, 1]",0.010062514470942347,0.86,0.28922225539437874,0.26232013441879376,0.8951426368542791,0.19999999999999996
"[8615, 8465, 8455, 8454, 8448, 8015, 7937, 7878, 7864, 7565, 7267, 7048, 6467, 5808, 5712, 5623, 4497, 4493, 3405, 3339, 2880, 2555, 2315, 1937, 1649, 1524, 1220, 736, 614, 590, 582, 428, 407, 324, 201, 58, 1]",0.013970826580226905,0.64,0.30304658829916575,0.3624816292833609,0.8586481624261115,0.19999999999999996
"[7953, 7686, 7571, 7329, 7002, 6431, 6409, 5812, 5526, 3899, 2701, 1596, 267]",0.0021509608705718914,0.88,0.19316225675119225,0.3372251104065618,0.9874068362888717,0.6
"[8460, 8296, 8171, 6991, 5993, 5971, 5842, 5571, 5343, 5305, 5109, 4492, 4483, 4474, 4472, 4093, 3703, 3657, 3156, 3044, 2670, 2267, 2157, 2134, 2008, 1464, 1324, 1184, 1094, 951, 894, 442, 370, 318, 247, 172, 49, 30, 26]",0.015729335494327392,0.62,0.32440004376404974,0.42364735460930236,0.8329478283217682,0.19999999999999996
"[7857, 6906, 4488, 3280, 2, 1]",0.004260245427182218,0.95,0.2264990331132425,0.20967061249046814,0.9668465690053971,0.19999999999999996
"[8453, 8451, 7662, 6626, 6386, 6123, 5996, 5864, 4925, 4847, 4747, 4486, 2287, 1094, 978, 904, 881, 808, 806, 733, 458, 442, 361, 252, 209, 127, 75, 54, 38, 36, 25, 20]",0.016620745542949757,0.69,0.3478179610397042,0.35257132706018524,0.8111025443330764,0.19999999999999996
"[8457, 6433, 6238, 5723, 3305, 1094, 926, 881, 582, 173, 80]",0.005908775179439685,0.9,0.26822454769255155,0.28153043142361944,0.943716268311488,0.19999999999999996
"[8464, 8460, 8457, 8189, 8164, 8081, 7990, 7900, 7654, 7464, 7416, 6979, 6160, 6137, 6092, 5986, 5549, 5359, 5112, 5070, 5058, 4902, 4885, 4493, 4486, 4471, 4447, 4364, 4012, 3910, 3837, 3818, 3536, 3520, 3507, 3506, 2972, 2813, 2527, 2506, 2454, 2328, 2126, 2054, 2031, 2026, 2016, 2002, 1896, 1694, 1556, 1498, 1461, 1434, 1398, 1344, 1335, 1286, 1184, 1094, 951, 881, 880, 851, 812, 760, 614, 553, 428, 413, 277, 262, 260, 202, 173, 171, 155, 141, 87, 80, 67, 35]",0.02881222505209539,0.19,0.3964357813665007,0.533264031765139,0.6461063993831919,0.19999999999999996
"[8523, 8468, 8467, 8458, 8457, 8456, 7309, 4925, 4495, 4488, 4468, 4037, 3310, 3227, 3023, 3013, 2102, 1907, 1873, 1687, 1546, 1443, 1420, 1332, 1322, 1296, 1128, 1092, 914, 906, 881, 851, 817, 736, 734, 713, 588, 582, 561, 529, 407, 276, 240, 231, 200, 172, 141, 97, 76, 67, 55, 54, 40, 38, 36, 35, 32, 26, 24, 22, 20, 8, 2, 1]",0.030206066219032185,0.37,0.40432301854503916,0.3228749004743059,0.4883063479825238,0.19999999999999996
"[8586, 8498, 8487, 8463, 8441, 8427, 8061, 8046, 7916, 7514, 7122, 7101, 7092, 7059, 6981, 6976, 6954, 6920, 6027, 5974, 5627, 5495, 5452, 5133, 5095, 5078, 4995, 4991, 4936, 4496, 4493, 4486, 4482, 4448, 4437, 4028, 3920, 3560, 3417, 3327, 3227, 3037, 2972, 2950, 2878, 2820, 2796, 2401, 2316, 2019, 2016, 1953, 1894, 1875, 1795, 1532, 1443, 1379, 1330, 1324, 1307, 1274, 999, 920, 914, 889, 772, 564, 424, 382, 233, 220, 208, 141, 97, 87, 86, 54]",0.023660569576290806,0.23,0.38835927379802493,0.587629400328203,0.7365715754304806,0.19999999999999996
"[8632, 8467, 8464, 8463, 8460, 8459, 8453, 8411, 6668, 5302, 4925, 4493, 4491, 4486, 4482, 4477, 4476, 4475, 4471, 4470, 3507, 3013, 2454, 2180, 2126, 2054, 2028, 2026, 2016, 1907, 1872, 1697, 1694, 1556, 1553, 1546, 1461, 1404, 1324, 1299, 1277, 1231, 1184, 1026, 978, 951, 906, 880, 856, 851, 734, 627, 618, 614, 588, 553, 520, 519, 458, 446, 428, 413, 392, 386, 359, 294, 290, 277, 231, 223, 219, 202, 192, 190, 171, 155, 141, 132, 124, 87, 86, 73, 67, 62, 59, 54, 51, 49, 38, 35, 32, 30, 16, 15, 14, 2, 1]",0.03932275989812457,0.04,0.4387250520445287,0.357906991936657,0.2536622976098689,0.19999999999999996
"[8482, 8233, 8160, 8098, 7878, 7226, 6828, 6601, 6288, 6092, 6080, 5967, 5550, 5433, 5212, 5210, 5113, 4907, 4652, 4544, 4458, 4349, 4304, 4171, 4037, 3955, 3693, 3674, 3637, 3445, 2795, 2683, 2588, 2470, 2264, 1968, 1736, 1719, 1451, 1244, 1132, 1067, 990, 631, 574, 511, 452, 413, 340, 112, 34]",0.011053484602917342,0.5,0.40969917290802504,0.5395225642681959,0.8987406836288871,0.19999999999999996
"[8322, 6023, 4483, 4474, 2962, 2954, 2580, 2572, 2134, 1673, 1426, 1324, 1184, 1094, 951, 912, 527, 318, 247, 49]",0.009991896272285252,0.81,0.2965363366580712,0.34201332994555145,0.9000257003341043,0.19999999999999996
"[8619, 8606, 8233, 8143, 7953, 7884, 7686, 7662, 7592, 7571, 7384, 7329, 6626, 6451, 6431, 6418, 6409, 6386, 6353, 6123, 5996, 5914, 5864, 5844, 5582, 5526, 5431, 5406, 5320, 5298, 4990, 4916, 4847, 4683, 4549, 4507, 4133, 3894, 3861, 3630, 3604, 3532, 3513, 3367, 3266, 2976, 2909, 2720, 2701, 2624, 2287, 1964, 1854, 1631, 1363, 1345, 1245, 1058, 1049, 797, 733, 683, 584, 361, 267, 214, 116, 84]",0.013018059736050011,0.33,0.3791011059826527,0.5038107633810276,0.9090208172706246,0.19999999999999996
"[8600, 8598, 8376, 8243, 8112, 7365, 7278, 7081, 7044, 6848, 6715, 6658, 6586, 6236, 5947, 5731, 5704, 5684, 5492, 5460, 5444, 5240, 5003, 4914, 4880, 4806, 4650, 4640, 4578, 4546, 4509, 4227, 4058, 4038, 3985, 3567, 3512, 3402, 3219, 3033, 2933, 2821, 2521, 2453, 2336, 2142, 1821, 1512, 1473, 1411, 1043, 940, 934, 224]",0.009479046075480434,0.47,0.34215228536274434,0.5417113972824048,0.9352351580570547,0.19999999999999996
"[8629, 8520, 8510, 8376, 7994, 7952, 7882, 7728, 7691, 7477, 7345, 7186, 7111, 7087, 7081, 7055, 6274, 6215, 6188, 5661, 5554, 5151, 4279, 4168, 3880, 3656, 3354, 3090, 2870, 2777, 2770, 2769, 2699, 2582, 2516, 2359, 2336, 2194, 1951, 1744, 919, 814, 535, 332, 208, 200, 26]",0.010799953692984489,0.54,0.35477226789412764,0.497252913813114,0.9162169108198407,0.19999999999999996
"[7691, 7055, 6274, 2697]",0.0006170409817087289,0.97,0.10986061470360287,0.23458421100142923,0.9953739398612182,1.0
"[8386, 7168, 6793, 6330, 5529, 4490, 4237, 3220, 3204, 1669, 629]",0.003287798101412364,0.9,0.20581598714495675,0.3064516089543061,0.9794397327165253,0.19999999999999996
"[8488, 8463, 8462, 8451, 8448, 8237, 8213, 8155, 8128, 7408, 7235, 6836, 6708, 6687, 6647, 6320, 6317, 5512, 5335, 4776, 4494, 4487, 4484, 4481, 4475, 4470, 4468, 4334, 4332, 4302, 4264, 4210, 3941, 3548, 3399, 3374, 3167, 2591, 2454, 2383, 2180, 2134, 2126, 2028, 1901, 1873, 1731, 1720, 1717, 1712, 1697, 1585, 1502, 1332, 1324, 1305, 1098, 1094, 1022, 914, 906, 904, 880, 808, 624, 623, 618, 582, 564, 561, 428, 359, 291, 283, 202, 172, 162, 86, 75, 54, 38, 32, 25, 17, 13, 4]",0.03256656633479972,0.15,0.4183939288124269,0.4832549937253373,0.5260858391159084,0.19999999999999996
"[6653, 6048, 3280, 2314, 1650]",0.0009712896503820329,0.96,0.16781490258014253,0.25500814350193346,0.9915188897455667,0.8
"[6775, 6274]",0.00028594582079185,0.99,0.052877325190416546,0.19227677307265945,0.9987149832947828,1.0
"[8629, 8520, 8510, 8463, 8376, 7994, 7882, 7728, 7477, 7345, 7111, 7087, 7081, 6215, 6188, 5661, 5554, 5152, 5151, 4493, 4279, 4168, 3880, 3656, 3354, 2777, 2770, 2769, 2516, 2359, 2336, 1951, 1744, 1443, 920, 919, 914, 889, 814, 535, 332, 220, 208, 200, 87, 54, 26]",0.01583815698078259,0.54,0.3454417463512268,0.49714006209919903,0.8445129786687227,0.19999999999999996
"[2006, 8]",0.002035193331789766,0.99,0.22062646131088726,0.18692098914332222,0.9820097661269597,0.4
"[8459, 8453, 8449, 4499, 4497, 4495, 4493, 4492, 4478, 4473, 2134, 1068, 1026, 951, 880, 588, 458, 290, 277, 231, 224, 220, 201, 150, 132, 124, 86, 62, 38, 25, 17]",0.01870108821486455,0.7,0.34403214000824955,0.270722345809299,0.7311745052685685,0.19999999999999996
"[7857, 6906, 4488, 3280, 2725, 127, 2, 1]",0.005457281778189395,0.93,0.23909950004865477,0.2298016702018354,0.9586224620920072,0.19999999999999996
"[8615, 8465, 8455, 8454, 8448, 8015, 8006, 7937, 7878, 7864, 7565, 7536, 7528, 7267, 7160, 7048, 6873, 6595, 6585, 6512, 6467, 6462, 6358, 6355, 5970, 5954, 5842, 5808, 5712, 5692, 5474, 5436, 5372, 5061, 4926, 4825, 4735, 4493, 4477, 3949, 3807, 3691, 3685, 3405, 3339, 3296, 2883, 2880, 2780, 2769, 2762, 2400, 2315, 2271, 2249, 2113, 1649, 1638, 1524, 1220, 1209, 1117, 996, 736, 614, 590, 582, 443, 428, 407, 324, 241, 201, 58, 1]",0.02025005788376939,0.26,0.33795888282240116,0.46671012367040077,0.816242611153945,0.0
"[8601, 8462, 8398, 8252, 7978, 7701, 7605, 7339, 7178, 6677, 6555, 6342, 6290, 6204, 5560, 5447, 5073, 4996, 4932, 4497, 4488, 4475, 4411, 4280, 4244, 3119, 2875, 2636, 2630, 2472, 2456, 2441, 2437, 2370, 2180, 2102, 2054, 1929, 1801, 1785, 1726, 1556, 1443, 1324, 1288, 1231, 925, 856, 808, 665, 658, 561, 547, 529, 433, 407, 399, 382, 339, 202, 190, 132, 86, 75, 32]",0.02242648761287335,0.36,0.3908739340107025,0.4812123749451871,0.7501927525057825,0.19999999999999996
"[7662, 6626, 6386, 6123, 5996, 5864, 4925, 4847, 4770, 4747, 4486, 2793, 2287, 1094, 978, 904, 881, 808, 806, 733, 458, 442, 400, 361, 209, 127, 75, 54, 38, 36, 25, 20]",0.015643667515628616,0.69,0.35921640294642865,0.39655840817738297,0.8260087381135954,0.19999999999999996
"[8533, 8506, 8463, 8462, 8461, 8460, 8394, 8386, 8140, 7994, 7857, 7765, 7491, 7426, 7369, 7249, 6606, 6279, 6213, 5970, 5692, 5529, 5420, 5312, 5177, 4497, 4490, 4488, 4480, 4478, 4474, 4472, 4470, 4469, 4468, 4396, 3949, 3490, 3427, 3372, 3227, 3220, 3013, 2606, 2537, 2454, 2403, 2220, 2028, 1987, 1906, 1872, 1687, 1648, 1647, 1548, 1420, 1332, 1071, 1022, 1013, 996, 978, 946, 920, 889, 848, 829, 806, 734, 665, 551, 413, 386, 382, 318, 290, 276, 235, 233, 231, 222, 220, 214, 202, 201, 173, 172, 162, 46]",0.031058115304468625,0.11,0.40264183052402835,0.44284768332295255,0.5558982266769468,0.19999999999999996
"[8632, 8411, 6668, 6433, 6238, 5723, 5302, 4489, 895, 520]",0.0028941884695531375,0.91,0.1875519740501559,0.2965516738913736,0.9820097661269597,0.4
"[8606, 8563, 8558, 8233, 8185, 7953, 7896, 7686, 7592, 7571, 7329, 6431, 6418, 6409, 5914, 5526, 5406, 4693, 4507, 4479, 4133, 3861, 3673, 3604, 3367, 2976, 2720, 2703, 2397, 1058, 1049, 797, 683, 267]",0.00586709886547812,0.67,0.27592378301356124,0.45478758064897296,0.9604214854793113,0.4
"[8468, 8466, 8464, 8456, 8455, 8448, 8402, 8322, 4950, 4542, 4494, 4486, 4474, 3368, 2377, 2250, 2126, 2050, 2032, 1697, 1546, 1404, 1289, 1098, 951, 906, 851, 736, 551, 442, 428, 416, 407, 402, 283, 220, 202, 162, 144, 80, 77, 59, 58, 55, 38, 30, 24, 22, 17, 8]",0.02402176429729104,0.51,0.3703074898091129,0.33112693047226727,0.6640966332562324,0.0
"[8554, 8493, 8423, 8087, 8013, 7589, 7545, 7204, 7028, 6945, 6824, 6579, 6453, 6400, 6070, 6035, 5996, 5977, 5831, 5827, 5779, 5584, 5439, 5251, 5029, 5020, 4878, 4814, 4731, 4719, 4658, 4421, 4273, 4200, 3912, 3829, 3703, 3550, 3533, 3449, 3440, 3347, 3292, 3257, 2958, 2849, 2733, 2720, 2708, 2597, 2468, 2339, 2331, 2295, 2250, 2233, 2183, 1961, 1900, 1796, 1727, 1678, 1656, 1345, 1335, 1317, 1308, 1137, 899, 882, 810, 799, 627, 468, 449, 407, 315, 284, 216]",0.016369529983792545,0.22,0.4215279608993394,0.540272189376483,0.8738113595476741,0.19999999999999996
"[8460, 8377, 8302, 8291, 8172, 8140, 8014, 7968, 7967, 7963, 7789, 7771, 7625, 7343, 7256, 7190, 6774, 6600, 6564, 6515, 6496, 6292, 6218, 6206, 6082, 5954, 5796, 5787, 5739, 5692, 5639, 5460, 5459, 5440, 5406, 5314, 5269, 4993, 4958, 4930, 4756, 4680, 4549, 4404, 4199, 4077, 4046, 3961, 3916, 3907, 3610, 3550, 3469, 3454, 3202, 3101, 3083, 3029, 2854, 2853, 2705, 2471, 2140, 2120, 2102, 2085, 2079, 1982, 1964, 1882, 1622, 1567, 1550, 1527, 1462, 1428, 1331, 978, 964, 873, 853, 845, 797, 643, 588, 582, 476, 447, 276, 200, 155, 133, 43, 40, 15, 14]",0.02241606853438296,0.05,0.41422698334988306,0.6026306893928369,0.8018504240555127,0.19999999999999996
"[8121, 8120, 7852, 7731, 7691, 7593, 7306, 6427, 6198, 6063, 5623, 5300, 4634, 4530, 4497, 3734, 3229, 3216, 3088, 2964, 2961, 2819, 2555, 2211, 1934, 1904, 1704, 1576, 1540, 1448, 1325, 1153, 1038, 647, 389, 40, 9]",0.010317203056263024,0.64,0.3199861749680173,0.4576504625658506,0.91467489077358,0.19999999999999996
"[8385, 8370, 8366, 8189, 8164, 8092, 8081, 7990, 7988, 7728, 7654, 7464, 7416, 7400, 7361, 7098, 6979, 6506, 6458, 6137, 6092, 5999, 5986, 5838, 5705, 5549, 5535, 5453, 5445, 5359, 5303, 5216, 5112, 5070, 5068, 5058, 4909, 4902, 4899, 4885, 4447, 4364, 4012, 3910, 3837, 3818, 3536, 3520, 3506, 3500, 3279, 3123, 3068, 3018, 2972, 2813, 2778, 2612, 2541, 2527, 2506, 2436, 2359, 2246, 2066, 2031, 2026, 2002, 1896, 1774, 1668, 1498, 1434, 1398, 1344, 1335, 1286, 812, 799, 760, 287, 260]",0.014616809446631166,0.19,0.3812718543637572,0.6392986043279907,0.9000257003341043,0.19999999999999996
"[8449, 4494, 4475, 4472, 1404, 1098, 553, 429, 277, 87, 32, 16, 12]",0.009969900439916649,0.88,0.2762318370238952,0.2468108705355525,0.8961706502184529,0.19999999999999996
"[8457, 4478, 97, 26]",0.003983561009492938,0.97,0.22553683255004287,0.21767927408760324,0.969159599074788,0.19999999999999996
"[8488, 8237, 8155, 8128, 7408, 7235, 7017, 6836, 6708, 6647, 6511, 6320, 5471, 5335, 4966, 4776, 4728, 4334, 4332, 4302, 4264, 4215, 4210, 3941, 3548, 3399, 3167, 3143, 2383, 2162, 2058, 1918, 1901, 1788, 1731, 1720, 1717, 1712, 1585, 1502, 623, 378, 291]",0.009589025237323454,0.58,0.36375694701794525,0.5202585230103609,0.9216139809817527,0.19999999999999996
"[8637, 8540, 8436, 8377, 8302, 8291, 8181, 8159, 8104, 8053, 7926, 7789, 7771, 7655, 7378, 7343, 7256, 7086, 6967, 6862, 6861, 6774, 6292, 6218, 6206, 6010, 5796, 5787, 5739, 5692, 5566, 5516, 5492, 5481, 5415, 5348, 5316, 5314, 5269, 4984, 4859, 4843, 4756, 4680, 4602, 4580, 4443, 4199, 3900, 3858, 3506, 3491, 3441, 3298, 3202, 3101, 3064, 2983, 2705, 2540, 2493, 2333, 2315, 2269, 2140, 2120, 2085, 2079, 2016, 1813, 1808, 1803, 1622, 1567, 1556, 1376, 1340, 1319, 935, 816, 744, 643, 414, 335, 133, 43, 20, 15, 14, 12]",0.019396851122945126,0.11,0.4285003307740374,0.5852132478979393,0.8427139552814187,0.19999999999999996
"[8520, 8510, 8468, 8466, 8464, 8449, 8376, 7994, 7882, 7111, 6215, 5219, 4496, 4494, 4490, 4475, 4168, 3656, 3368, 2777, 2770, 2769, 2516, 2359, 2236, 1744, 1697, 1404, 1098, 553, 429, 416, 402, 332, 283, 277, 208, 200, 162, 144, 87, 38, 32, 30, 22, 17, 16, 12]",0.020214169946746935,0.53,0.33656460291195767,0.3528932253868122,0.7548188126445644,0.19999999999999996
"[8554, 8423, 8262, 8206, 8087, 8013, 7731, 7650, 7236, 7028, 6824, 6160, 6070, 6035, 5996, 5977, 5831, 5827, 5779, 5681, 5656, 5584, 5439, 5216, 5029, 5020, 4814, 4731, 4719, 4421, 4200, 4179, 4067, 3959, 3912, 3829, 3703, 3614, 3550, 3533, 3449, 3440, 3292, 3257, 2958, 2777, 2733, 2720, 2607, 2468, 2295, 2250, 2233, 2091, 2076, 2054, 2045, 1961, 1900, 1796, 1727, 1697, 1678, 1656, 1567, 1543, 1534, 1345, 1335, 1317, 1308, 1137, 1092, 1068, 1024, 978, 899, 882, 799, 627, 600, 468, 449, 416, 407, 402, 315, 284, 240, 216, 165, 87, 64, 36]",0.023944200046307016,0.07,0.4604943038003718,0.5675271208159025,0.7779491133384734,0.19999999999999996
"[6793, 6330, 5639, 5529, 4490, 4237, 3220, 3204, 3083, 629]",0.002987960175966659,0.91,0.19227590908809777,0.29702005489582073,0.9814957594448728,0.19999999999999996
"[8520, 8510, 8468, 8376, 7994, 7882, 7824, 7111, 6816, 6215, 5905, 5219, 5140, 5035, 4475, 4168, 3656, 3368, 3105, 2855, 2816, 2777, 2770, 2769, 2516, 2359, 2236, 2218, 1744, 1697, 1404, 1098, 908, 553, 429, 416, 402, 332, 283, 208, 200, 162, 87, 38, 32, 30, 22]",0.017182218106043066,0.54,0.3537249739238362,0.4737144815316383,0.8242097147262915,0.19999999999999996
"[5571, 4895, 402]",0.0008682565408659412,0.98,0.1466019738824389,0.2146387786899947,0.9930609097918273,0.8
"[8523, 8456, 8447, 8446, 8302, 8291, 8240, 7789, 7771, 7256, 6774, 6218, 6206, 5739, 5692, 4925, 4680, 4471, 4468, 4199, 4037, 3202, 3101, 3023, 3013, 2140, 2120, 2102, 2085, 2079, 1997, 1907, 1873, 1648, 1622, 1567, 1556, 1332, 1322, 1128, 1092, 1013, 914, 881, 851, 817, 736, 734, 713, 643, 588, 582, 561, 416, 252, 240, 231, 200, 172, 133, 98, 87, 76, 67, 55, 54, 43, 40, 20, 15, 14, 12]",0.028293586478351472,0.29,0.39509539921383174,0.4487672063568078,0.6162940118221537,0.0
"[8051, 7219, 6506, 6097, 5229, 4152, 3089, 3056, 2682, 2026, 1254, 1199, 1013, 856, 836, 582, 512, 433, 359, 233, 104, 75]",0.00888284325075249,0.79,0.35623669007664005,0.3919607994056312,0.9121048573631457,0.19999999999999996
"[8601, 8462, 8252, 7978, 7701, 7605, 7339, 7178, 6677, 6555, 6342, 6290, 6204, 5560, 5447, 4996, 4932, 4488, 4411, 4280, 4244, 4221, 3119, 2875, 2472, 2456, 2441, 2437, 2370, 2102, 2054, 1929, 1801, 1726, 1556, 1443, 1324, 1288, 808, 665, 658, 561, 547, 529, 433, 407, 399, 190, 132, 32]",0.016394998842324614,0.51,0.34994327436749406,0.464471705586606,0.8404009252120277,0.19999999999999996
"[8488, 8398, 8252, 8237, 8213, 8155, 8128, 8037, 8026, 7954, 7943, 7895, 7524, 7361, 7235, 7045, 7000, 6897, 6892, 6836, 6757, 6708, 6687, 6649, 6342, 6317, 6236, 5447, 5343, 5073, 4932, 4858, 4705, 4332, 4323, 4302, 4264, 4215, 3784, 3548, 3399, 3167, 2636, 2630, 2591, 2517, 2383, 2370, 2007, 1731, 1720, 1717, 1712, 1585, 1502, 1413, 1263, 1029, 339, 291, 95]",0.012007409122482056,0.4,0.3702949153599111,0.5481796508052232,0.9061937805191468,0.19999999999999996
"[8637, 8540, 8468, 8467, 8458, 8457, 8436, 8377, 8181, 8159, 8104, 8053, 7926, 7655, 7378, 7343, 7309, 7086, 6967, 6862, 6861, 6292, 6010, 5796, 5787, 5566, 5516, 5492, 5481, 5415, 5348, 5316, 5314, 5269, 4984, 4859, 4843, 4756, 4602, 4580, 4495, 4443, 3900, 3858, 3506, 3491, 3441, 3298, 3227, 3064, 2983, 2705, 2540, 2493, 2435, 2333, 2315, 2269, 2016, 1813, 1808, 1803, 1687, 1546, 1443, 1438, 1420, 1409, 1376, 1340, 1319, 1296, 935, 906, 816, 744, 529, 414, 407, 335, 276, 141, 38, 36, 35, 32, 26, 24, 22, 20, 8]",0.028005325306783978,0.1,0.39756917877479725,0.5325393828670475,0.6928810074530969,0.19999999999999996
"[8376, 8243, 7365, 6715, 6658, 6586, 5947, 5704, 5684, 5460, 5444, 4914, 4880, 4806, 4650, 4640, 4227, 4038, 3512, 3402, 3219, 2821, 2336, 1821, 1043, 934]",0.00465848576059273,0.75,0.26184562907118103,0.4584223943396364,0.9676175790285274,0.4
"[8411, 7662, 6668, 6626, 6386, 6123, 5996, 5864, 4925, 4847, 4747, 4486, 2613, 2287, 1094, 978, 881, 808, 806, 733, 520, 519, 458, 442, 400, 361, 209, 127, 75, 54, 38, 25]",0.01431697152118546,0.69,0.3468011427088694,0.4083569434118576,0.848882035466461,0.0
"[7953, 7686, 7571, 6418, 6409, 3604, 2703, 926, 267]",0.0013811067376707572,0.92,0.17593746463643456,0.28837707429909665,0.9894628630172192,0.8
"[8632, 8411, 7611, 6668, 5302, 4489, 4473, 2102, 799, 583, 520, 214, 150, 30, 26]",0.007543412827043297,0.86,0.2539334902649131,0.29605733707414916,0.9311231046003599,0.19999999999999996
"[8600, 8598, 8470, 8449, 8112, 7081, 7044, 6236, 5731, 5492, 5240, 5003, 4578, 4546, 4509, 4494, 4475, 4472, 4058, 3985, 3567, 3033, 2933, 2521, 2453, 2142, 1512, 1473, 1411, 1404, 1098, 940, 553, 429, 277, 224, 87, 32, 16, 12]",0.014268349154896966,0.61,0.3115276570588148,0.4164722092176367,0.8630172192238499,0.19999999999999996
"[8423, 7204, 6824, 6400, 5831, 5827, 5779, 5623, 5251, 4814, 4731, 4719, 4658, 4497, 4273, 4200, 3829, 3703, 3292, 3257, 2733, 2720, 2708, 2597, 2555, 2295, 2250, 2233, 2183, 1727, 1678, 1656, 1524, 1137, 1067, 627, 407, 216]",0.009803195184070388,0.63,0.3078856176561553,0.4704137359455117,0.9234130043690568,0.19999999999999996
"[8449, 7729, 6670, 5139, 4487, 4484, 3123, 1697, 1566, 1332, 1296, 1070, 1022, 290, 276, 163, 35, 30]",0.010655244269506831,0.83,0.3058949892990753,0.3232333356492779,0.8833204831662812,0.19999999999999996
"[8637, 8601, 8540, 8181, 8159, 8155, 8104, 8053, 7978, 7701, 7655, 7605, 7408, 7339, 7178, 7086, 6967, 6683, 6677, 6647, 6555, 6290, 6204, 6010, 5566, 5560, 5516, 5492, 5481, 4996, 4984, 4728, 4602, 4580, 4488, 4443, 4411, 4334, 4280, 4244, 4210, 3900, 3506, 3491, 3441, 3119, 3064, 2983, 2875, 2540, 2493, 2472, 2456, 2441, 2437, 2016, 1929, 1918, 1801, 1788, 1785, 1726, 1491, 1340, 1319, 1288, 935, 925, 816, 658, 623, 547, 414, 399, 378, 335]",0.01586825654086594,0.25,0.36676893886486694,0.5763848675083926,0.8869185299408893,0.19999999999999996
"[8600, 8598, 8573, 8548, 8451, 8376, 8243, 8112, 7543, 7503, 7466, 7365, 7278, 7081, 7044, 6848, 6715, 6658, 6586, 6441, 6236, 5947, 5731, 5704, 5684, 5497, 5492, 5460, 5444, 5437, 5240, 5003, 4914, 4898, 4880, 4806, 4650, 4640, 4578, 4546, 4509, 4227, 4058, 4038, 3985, 3567, 3512, 3416, 3402, 3368, 3219, 3033, 2933, 2921, 2821, 2521, 2453, 2382, 2361, 2336, 2142, 1859, 1851, 1821, 1512, 1473, 1411, 1375, 1043, 940, 934, 864, 402, 365, 225, 220, 172, 40]",0.017015512850196805,0.23,0.37217755151966836,0.60596445463228,0.8691852994088923,0.19999999999999996
"[8632, 8464, 8460, 8411, 8189, 8164, 8081, 7990, 7900, 7654, 7464, 7416, 6979, 6668, 6137, 6092, 5986, 5549, 5359, 5302, 5112, 5070, 5058, 4902, 4885, 4493, 4486, 4471, 4447, 4364, 4012, 3910, 3837, 3818, 3536, 3520, 3507, 3506, 2972, 2813, 2527, 2506, 2454, 2359, 2328, 2257, 2126, 2054, 2031, 2026, 2016, 2002, 1896, 1694, 1556, 1498, 1461, 1434, 1398, 1344, 1335, 1286, 1184, 951, 880, 851, 812, 760, 614, 553, 520, 428, 413, 277, 260, 202, 171, 155, 141, 87, 67, 35]",0.027631396156517714,0.19,0.3977262171805319,0.557956547177527,0.6815728604471858,0.0
"[8121, 8120, 8006, 7852, 7731, 7691, 7593, 7306, 6595, 6585, 6462, 6427, 6198, 6063, 5954, 5692, 5436, 5300, 5061, 4926, 4634, 4530, 3734, 3365, 3229, 3216, 3088, 2964, 2961, 2883, 2819, 2762, 2249, 2211, 1934, 1704, 1576, 1540, 1448, 1325, 1209, 1153, 1038, 647, 443, 389, 40, 9]",0.0106263023848113,0.53,0.37441277732004874,0.5155315863890156,0.9175019275250578,0.19999999999999996
"[8615, 8554, 8493, 8465, 8455, 8454, 8448, 8087, 8015, 8013, 7937, 7878, 7864, 7749, 7589, 7565, 7545, 7267, 7048, 7028, 6945, 6579, 6467, 6453, 6070, 6035, 5996, 5977, 5808, 5712, 5584, 5439, 5029, 5020, 4878, 4493, 4421, 3912, 3550, 3533, 3449, 3440, 3405, 3347, 3339, 2958, 2880, 2849, 2468, 2339, 2331, 2315, 1961, 1937, 1900, 1796, 1649, 1345, 1335, 1317, 1308, 1220, 899, 882, 810, 799, 736, 614, 590, 582, 468, 449, 428, 407, 324, 315, 284, 201, 58, 1]",0.02145635563787914,0.21,0.3599197627692745,0.49716978187094196,0.8059624775122076,0.19999999999999996
"[8574, 8494, 8476, 8458, 8442, 8432, 8128, 7933, 7788, 7563, 7549, 7526, 7255, 7166, 7145, 7072, 6946, 6631, 6579, 6536, 6495, 6493, 6373, 6131, 6013, 5989, 5942, 5886, 5571, 5498, 5411, 5213, 5085, 5082, 4904, 4521, 4451, 4380, 4140, 4083, 3833, 3454, 3419, 3375, 3332, 3026, 2821, 2654, 2553, 2479, 2384, 2362, 2350, 2340, 2302, 2275, 2035, 1905, 1871, 1816, 1450, 1421, 1305, 1131, 1105, 1026, 825, 823, 553, 446, 385, 354, 260, 172, 141]",0.017707802732113916,0.26,0.3589941304844143,0.6138361113000457,0.8563351323567207,0.19999999999999996
"[8554, 8423, 8262, 8087, 8013, 7731, 7650, 7236, 7135, 7028, 6824, 6653, 6160, 6070, 6048, 6035, 5996, 5977, 5831, 5827, 5779, 5681, 5656, 5584, 5439, 5216, 5029, 5020, 4814, 4731, 4719, 4421, 4200, 4179, 3959, 3912, 3829, 3703, 3614, 3550, 3533, 3449, 3440, 3292, 3257, 2958, 2777, 2733, 2720, 2607, 2468, 2314, 2295, 2250, 2233, 2091, 2076, 2054, 2045, 1961, 1900, 1796, 1727, 1697, 1678, 1656, 1567, 1534, 1345, 1335, 1317, 1308, 1137, 1092, 1068, 978, 899, 882, 799, 627, 600, 468, 449, 416, 407, 402, 315, 284, 240, 216, 165, 87, 64, 36]",0.02380064829821718,0.07,0.4675381813893045,0.5704549486757418,0.7746080699049087,0.19999999999999996
"[8376, 8243, 7722, 7365, 6715, 6586, 5947, 5704, 5684, 5512, 5460, 5444, 4914, 4806, 4776, 4650, 4640, 4038, 3941, 3402, 3219, 2336, 1901, 1821, 1043, 934]",0.0043354943273906,0.75,0.25426575351536596,0.47656424029234534,0.9686455923927011,0.6
"[8629, 8520, 8510, 8463, 8376, 7994, 7882, 7743, 7728, 7477, 7345, 7111, 7087, 6956, 6215, 6188, 5661, 5554, 5445, 5152, 4892, 4493, 4279, 4168, 3880, 3656, 3354, 2777, 2770, 2769, 2516, 2359, 2336, 1951, 1744, 1459, 1443, 920, 919, 914, 889, 814, 208, 200, 87, 26]",0.013872424172262098,0.55,0.3281957981345708,0.48514499282112966,0.8699563094320226,0.19999999999999996
"[8523, 8456, 4992, 4925, 4037, 3023, 3013, 2102, 2006, 1873, 1443, 1332, 1322, 1092, 914, 851, 817, 713, 588, 582, 561, 200, 172, 76, 67, 55, 54, 40, 36, 35, 32, 8]",0.017523732345450335,0.69,0.38191576251842607,0.34232854380282285,0.7553328193266513,0.0
"[8459, 8458, 8457, 8453, 8449, 8448, 8243, 6658, 5684, 4914, 4880, 4640, 4495, 4491, 4487, 4485, 4484, 4481, 4480, 4478, 4474, 4470, 4469, 4227, 3490, 3227, 3219, 3013, 2821, 2336, 2126, 2026, 1907, 1904, 1873, 1821, 1697, 1687, 1582, 1443, 1420, 1404, 1332, 1296, 1277, 1199, 1184, 1172, 1098, 1094, 1068, 1043, 1022, 934, 920, 904, 880, 856, 851, 824, 806, 713, 627, 618, 600, 596, 588, 582, 564, 553, 442, 429, 392, 382, 294, 276, 231, 224, 220, 209, 208, 190, 171, 162, 155, 144, 141, 138, 124, 97, 86, 80, 77, 76, 64, 59, 54, 40, 35]",0.039029868025005784,0.02,0.4508797447352104,0.3979115240027197,0.27011051143664866,0.0
"[1589, 245]",0.00042718221810604306,0.99,0.07785600825316552,0.1923665358363459,0.9974299665895656,1.0
"[8632, 8600, 8598, 8470, 8411, 8112, 7081, 7044, 6668, 6238, 5731, 5723, 5492, 5302, 5240, 5003, 4578, 4546, 4509, 4058, 3985, 3567, 3033, 2933, 2521, 2453, 1512, 1473, 1411, 940, 926, 520, 519, 224]",0.005716601065061357,0.67,0.27286419312676846,0.4586202997957296,0.959650475456181,0.4
"[8523, 8456, 7190, 5639, 4925, 4488, 4131, 4037, 3610, 3227, 3204, 3083, 3023, 3013, 2102, 1873, 1687, 1650, 1648, 1550, 1420, 1402, 1332, 1098, 1094, 1092, 914, 851, 817, 713, 629, 627, 600, 596, 588, 582, 553, 276, 200, 97, 86, 76, 75, 70, 67, 64, 55, 54, 42, 38, 30, 25, 24]",0.02464806668210234,0.48,0.4013902961930622,0.364525369544893,0.6378822924698021,0.19999999999999996
"[7026, 7002, 6400, 5623, 5251, 3899, 3443, 3382, 3331, 2385, 2183, 1678, 1596]",0.0024450104190784903,0.88,0.224776123811118,0.3246555146397391,0.9822667694680031,0.6
"[8600, 8598, 8451, 8376, 8243, 8112, 7741, 7365, 7278, 7081, 7044, 6848, 6715, 6586, 6441, 6236, 5947, 5731, 5704, 5684, 5492, 5460, 5444, 5240, 5003, 4914, 4898, 4880, 4806, 4650, 4640, 4509, 4227, 4058, 4038, 3985, 3567, 3512, 3402, 3368, 3219, 3033, 2933, 2821, 2521, 2453, 2336, 2142, 1821, 1411, 1043, 940, 934, 402, 225, 220, 172, 40]",0.012999536929844872,0.43,0.34760505002748243,0.5516277858334984,0.8961706502184529,0.19999999999999996
"[8601, 8398, 8252, 8155, 8026, 7978, 7895, 7701, 7605, 7339, 7178, 7000, 6677, 6555, 6342, 6290, 6236, 6204, 5560, 5447, 5409, 5343, 5073, 4996, 4932, 4488, 4411, 4280, 4244, 3119, 2875, 2636, 2630, 2517, 2472, 2456, 2441, 2437, 2370, 2007, 1929, 1801, 1785, 1726, 1288, 925, 658, 547, 399, 339]",0.010247742532993749,0.51,0.2926692938910501,0.46290047079278807,0.9275250578257517,0.19999999999999996
"[8399, 8316, 8296, 8295, 8171, 7733, 6819, 6817, 6757, 6749, 6709, 6268, 5993, 5821, 5726, 5276, 5203, 5109, 4756, 4222, 3791, 3743, 3719, 3703, 3639, 3219, 3044, 2702, 2670, 2267, 2169, 2157, 2101, 1745, 1170, 1161, 1158, 894, 683]",0.0065258161611484134,0.62,0.2910286062165254,0.501732204842601,0.9542534052942688,0.4
"[8615, 8446, 8015, 8006, 7878, 7864, 7536, 7528, 7267, 7160, 6873, 6595, 6585, 6512, 6467, 6462, 6355, 5970, 5954, 5842, 5808, 5712, 5692, 5474, 5436, 5372, 5061, 4926, 4825, 4735, 4494, 4492, 4477, 4470, 4027, 3949, 3807, 3691, 3685, 3405, 3296, 2883, 2880, 2780, 2769, 2762, 2400, 2271, 2249, 2113, 1649, 1638, 1524, 1443, 1369, 1220, 1209, 1128, 1117, 996, 856, 736, 614, 590, 582, 443, 442, 428, 407, 324, 241, 201, 76, 70, 58]",0.021969205834683956,0.26,0.3630051704438887,0.5095455605798258,0.7722950398355178,0.19999999999999996
"[8586, 8498, 8487, 8441, 8427, 8061, 8046, 7916, 7514, 7122, 7101, 7092, 7059, 6981, 6976, 6954, 6920, 6027, 5974, 5627, 5495, 5452, 5133, 5095, 4995, 4991, 4936, 4496, 4486, 4482, 4448, 4437, 4028, 3920, 3560, 3417, 3327, 3227, 3037, 2972, 2950, 2878, 2820, 2796, 2401, 2316, 2019, 2016, 1953, 1894, 1875, 1795, 1532, 1379, 1330, 1324, 1307, 1274, 999, 772, 564, 424, 382, 233, 141, 97, 86, 8]",0.01899166473720769,0.33,0.36502510025110724,0.5901285839556776,0.8147005911076843,0.19999999999999996
"[8573, 8548, 8456, 8447, 8446, 7543, 7503, 7466, 7408, 6647, 5497, 5437, 4728, 4578, 4546, 4492, 4487, 4484, 4468, 4334, 4332, 3416, 3167, 2921, 2382, 2361, 2238, 2162, 1918, 1907, 1859, 1851, 1788, 1697, 1512, 1502, 1473, 1443, 1375, 1332, 1296, 1241, 1098, 1022, 920, 904, 864, 851, 808, 623, 600, 582, 382, 378, 365, 276, 86, 58, 54, 30, 17, 14]",0.024608705718916414,0.39,0.39638064609728485,0.4590397896863312,0.6820868671292727,0.19999999999999996
"[8466, 8456, 8446, 4494, 4481, 4470, 4468, 1555, 1443, 1231, 1128, 946, 920, 889, 856, 618, 614, 590, 582, 442, 433, 283, 222, 76, 70, 58]",0.01600486223662885,0.75,0.33702043198425524,0.280778055143202,0.7879722436391673,0.19999999999999996
"[8449, 7408, 5471, 4728, 4495, 4481, 4475, 4474, 4334, 4215, 4210, 2454, 2162, 1918, 1901, 1872, 1788, 1687, 1553, 1305, 1098, 851, 624, 623, 527, 442, 433, 429, 378, 201, 173, 172, 162, 144, 132, 80, 77, 76, 42, 40, 24, 15]",0.02088677934707108,0.59,0.3611603317552632,0.34564586920021656,0.7198663582626574,0.0
"[8468, 8458, 8457, 7309, 4829, 4495, 4488, 3227, 1687, 1546, 1420, 1296, 906, 529, 407, 276, 141, 26, 24, 22, 20, 8, 2, 1]",0.015278999768464922,0.77,0.31912208881393167,0.2781674930074408,0.8046774608069904,0.0
"[8449, 4493, 4478, 1555, 1068, 951, 880, 277, 224, 220, 150, 132]",0.009271822181060431,0.89,0.28548102136039466,0.2691774482148318,0.8966846569005397,0.19999999999999996
"[8632, 8457, 7611, 5302, 4478, 4473, 2373, 2102, 799, 583, 214, 150, 97, 30, 26, 1]",0.009402639499884232,0.85,0.283960934287679,0.2996170635972437,0.909277820611668,0.19999999999999996
"[8206, 3280, 1650, 1024]",0.0008659411900902987,0.97,0.12263999272275294,0.23471412543325965,0.9946029298380878,0.8
"[8626, 8625, 8204, 7346, 7334, 5962, 5548, 5130, 5121, 4894, 4620, 4043, 3899, 3119, 2890, 2594, 2185, 1824, 1232, 1024, 673, 333]",0.004127112757582774,0.79,0.2622041417857468,0.423853125767339,0.9660755589822667,0.4
"[4776, 3941, 3573, 1901]",0.0007872192637184534,0.97,0.1408989053982791,0.23541215032605656,0.9938319198149576,0.8
"[8460, 8296, 8189, 8164, 8092, 8081, 7990, 7654, 7464, 7416, 7400, 6991, 6979, 6506, 6137, 6092, 5986, 5971, 5842, 5571, 5549, 5535, 5359, 5305, 5112, 5070, 5058, 4902, 4885, 4826, 4492, 4483, 4474, 4472, 4447, 4364, 4093, 4012, 3910, 3837, 3818, 3657, 3536, 3520, 3506, 3156, 2972, 2813, 2778, 2527, 2506, 2436, 2359, 2134, 2031, 2026, 2008, 2002, 1896, 1498, 1464, 1434, 1398, 1344, 1335, 1324, 1286, 1184, 1094, 951, 760, 596, 442, 370, 318, 260, 247, 172, 49, 30, 26]",0.023659411900902986,0.2,0.3745418004002774,0.5596611466489312,0.7609868928296069,0.0
"[8600, 8598, 8470, 8112, 7168, 7081, 7044, 6793, 5731, 5492, 5240, 5152, 5003, 4578, 4546, 4509, 4237, 4058, 3985, 3567, 3204, 3033, 2933, 2521, 2453, 2180, 2054, 1674, 1671, 1512, 1473, 1411, 1098, 940, 553, 224, 138, 14, 12, 8, 2]",0.012269043760129661,0.6,0.368419829448011,0.46303338984007325,0.8797224363916731,0.19999999999999996
"[8523, 8460, 8456, 8296, 8171, 6991, 5993, 5971, 5842, 5571, 5529, 5343, 5305, 4925, 4497, 4492, 4490, 4488, 4483, 4480, 4478, 4474, 4472, 4471, 4470, 4469, 4468, 4093, 4037, 3657, 3490, 3156, 3044, 3023, 2699, 2670, 2267, 2157, 2134, 2102, 2028, 2008, 1907, 1873, 1872, 1648, 1464, 1332, 1324, 1184, 1128, 1094, 1092, 1022, 1013, 978, 951, 946, 920, 914, 889, 881, 851, 806, 736, 734, 713, 588, 582, 442, 413, 386, 382, 370, 318, 252, 247, 240, 231, 200, 172, 97, 76, 67, 55, 54, 49, 30, 26]",0.03350428339893494,0.12,0.4327023009155049,0.41939694391848614,0.43176561295296834,0.19999999999999996
"[8468, 8467, 8462, 8458, 8457, 8456, 8450, 7742, 7309, 4497, 4495, 4490, 4480, 4475, 4471, 3490, 3227, 3013, 2435, 2180, 2102, 2054, 1687, 1556, 1546, 1443, 1420, 1409, 1324, 1322, 1296, 1231, 1092, 920, 906, 856, 817, 808, 665, 561, 529, 442, 433, 407, 382, 283, 276, 202, 190, 172, 165, 141, 132, 86, 75, 55, 40, 38, 36, 35, 32, 28, 26, 24, 22, 20, 8]",0.03056841861542024,0.34,0.4119024265570377,0.3314740103906978,0.4780262143407864,0.19999999999999996
[512],0.00020722389442000464,1.0,0.06286314576342444,0.1674453888423022,0.9974299665895656,1.0
"[8574, 8494, 8476, 8442, 8276, 8262, 8128, 7890, 7866, 7789, 7729, 7563, 7526, 7365, 7240, 7166, 7145, 7072, 6946, 6670, 6631, 6579, 6536, 6495, 6369, 6288, 6013, 5989, 5886, 5833, 5768, 5498, 5411, 5307, 5139, 5082, 4904, 4451, 4380, 4277, 4218, 4083, 3833, 3454, 3419, 3332, 3270, 3123, 3026, 2821, 2782, 2712, 2691, 2479, 2384, 2362, 2350, 2302, 2247, 2239, 2222, 2125, 2103, 2035, 1905, 1772, 1566, 1532, 1450, 1421, 1305, 1270, 1197, 1174, 1093, 1070, 743, 587, 583, 446, 385, 260, 246, 224, 207, 178, 114, 35]",0.019407270201435515,0.13,0.3900030172853828,0.6577739123300711,0.8450269853508096,0.19999999999999996
"[8449, 4493, 4478, 4474, 1555, 1068, 951, 880, 277, 220, 132]",0.008438295901829127,0.9,0.27150059538325,0.24887407137606388,0.9046517604728861,0.19999999999999996
"[8464, 8460, 8457, 8441, 8427, 8392, 8061, 8046, 7916, 7514, 7292, 7232, 6981, 6976, 6749, 6362, 6338, 6260, 5974, 5495, 5452, 5318, 5187, 4936, 4707, 4493, 4448, 4437, 4197, 3920, 3677, 3507, 3417, 3327, 3287, 3165, 3141, 2878, 2796, 2787, 2650, 2454, 2401, 2126, 2016, 1894, 1875, 1694, 1461, 1379, 1274, 1219, 1094, 881, 880, 722, 614, 582, 277, 229, 222, 210, 209, 205, 202, 173, 155, 141, 87, 80, 67, 35]",0.024393378096781663,0.29,0.3816082802012647,0.5428690694029799,0.7306604985864816,0.19999999999999996
"[8463, 8462, 8461, 8460, 8450, 8449, 8240, 6793, 6670, 4497, 4487, 4484, 4475, 4237, 4131, 3227, 3220, 3013, 2180, 2102, 2054, 2026, 1694, 1687, 1674, 1671, 1556, 1443, 1420, 1324, 1231, 920, 856, 808, 778, 665, 561, 553, 529, 442, 433, 407, 382, 290, 283, 276, 190, 173, 172, 162, 138, 132, 86, 75, 55, 38, 32, 30, 28, 25, 24, 20, 15, 14, 12, 8]",0.029945589256772404,0.35,0.4139867882156141,0.36819822946918757,0.5237728090465177,0.0
"[8523, 8457, 8456, 4925, 4478, 4131, 4037, 3227, 3204, 3023, 3013, 2102, 1873, 1687, 1650, 1648, 1420, 1402, 1332, 1326, 1098, 1094, 1092, 914, 906, 851, 817, 713, 629, 627, 600, 596, 588, 582, 553, 276, 200, 150, 97, 86, 76, 75, 70, 67, 64, 55, 54, 42, 38, 30, 25, 1]",0.025786061588330633,0.49,0.40134837282226354,0.3578462500030538,0.6108969416602417,0.19999999999999996
"[4925, 3853, 1901, 141]",0.002105811530446863,0.97,0.2096611779324401,0.21853527682234264,0.9763556926240041,0.4
"[8462, 8461, 8460, 8386, 8164, 8081, 7900, 7654, 6793, 6092, 5571, 5549, 5070, 5058, 4895, 4494, 4237, 4012, 3536, 3520, 3506, 3227, 3220, 3204, 2972, 2527, 2506, 2180, 2002, 1873, 1687, 1674, 1671, 1498, 1434, 1398, 914, 906, 734, 665, 629, 627, 600, 596, 413, 402, 386, 233, 231, 222, 220, 214, 202, 201, 173, 172, 162, 141, 138, 132, 97, 86]",0.0248691826811762,0.39,0.39220443751203904,0.4469751881138724,0.6859419172449241,0.0
"[8600, 8598, 8470, 8112, 7081, 7044, 6793, 5731, 5492, 5240, 5152, 5003, 4578, 4546, 4509, 4237, 4058, 3985, 3567, 3204, 2933, 2521, 2453, 2180, 2054, 1674, 1671, 1543, 1512, 1473, 1411, 1256, 1098, 940, 553, 535, 224, 138, 14, 12, 8]",0.011882380180597361,0.6,0.3727160919583511,0.48716400598239384,0.8794654330506296,0.19999999999999996
"[8488, 6330, 6048, 5529, 4776, 2314, 2058, 629, 291]",0.0019830979393378094,0.92,0.21758334012239322,0.298778413603061,0.9835517861732203,0.6
"[8498, 8487, 8441, 8427, 8392, 8061, 8046, 7916, 7841, 7736, 7514, 7292, 7232, 6981, 6976, 6954, 6920, 6749, 6362, 6338, 6333, 6260, 5974, 5495, 5452, 5318, 5187, 5167, 4936, 4707, 4448, 4437, 4197, 4134, 4120, 3920, 3750, 3677, 3417, 3327, 3287, 3165, 3141, 2878, 2820, 2796, 2787, 2776, 2727, 2650, 2401, 2360, 2316, 2108, 2101, 1894, 1875, 1543, 1379, 1330, 1307, 1274, 1219, 772, 722, 699, 566, 551, 535, 229, 222, 210, 209, 205]",0.014503357258624682,0.27,0.4060096608805045,0.6133867691870767,0.8900025700334104,0.19999999999999996
"[8601, 8458, 8398, 8252, 8155, 8026, 7978, 7895, 7605, 7339, 7000, 6555, 6342, 6236, 6204, 5560, 5447, 5409, 5343, 5073, 4932, 4495, 4488, 4481, 4475, 4474, 4411, 4280, 3119, 2875, 2636, 2630, 2517, 2472, 2456, 2370, 2304, 2007, 1785, 1726, 925, 851, 547, 433, 429, 339, 132, 80, 42, 24, 15]",0.016627691595276686,0.5,0.33093511416331256,0.4384430472849382,0.8337188383448985,0.19999999999999996
"[8586, 8523, 8498, 8487, 7101, 7092, 7059, 6981, 6976, 6954, 6920, 6027, 5452, 5133, 4995, 4991, 4936, 4496, 4488, 4486, 4482, 4028, 3920, 3227, 3023, 3013, 2972, 2950, 2878, 2820, 2316, 1873, 1795, 1687, 1420, 1332, 1330, 1324, 1307, 914, 851, 772, 588, 564, 424, 276, 200, 141, 97, 86, 76, 8]",0.020257003936096318,0.49,0.378965396456174,0.4665663377365864,0.7599588794654331,0.19999999999999996
"[8460, 8385, 8370, 8366, 8172, 8140, 8081, 8014, 7988, 7968, 7967, 7963, 7728, 7625, 7361, 7098, 6600, 6564, 6515, 6496, 6458, 6082, 5999, 5954, 5838, 5705, 5460, 5459, 5453, 5445, 5440, 5406, 5303, 5216, 5208, 5068, 4993, 4958, 4930, 4909, 4899, 4549, 4404, 4077, 4046, 3961, 3925, 3916, 3907, 3550, 3500, 3469, 3454, 3418, 3279, 3123, 3068, 3029, 3018, 2896, 2854, 2853, 2612, 2541, 2471, 2246, 2066, 1982, 1964, 1882, 1774, 1527, 1462, 1428, 1382, 1331, 978, 964, 873, 853, 850, 845, 844, 799, 797, 728, 588, 582, 476, 447, 287, 276, 200, 155, 40, 15, 14]",0.021581384579763833,0.04,0.402788373195171,0.6203647701044694,0.816242611153945,0.19999999999999996
"[8632, 8600, 8598, 8457, 8451, 8112, 7611, 7278, 7081, 7044, 6441, 6236, 5731, 5492, 5460, 5302, 5240, 5003, 4898, 4509, 4478, 4473, 4058, 3985, 3649, 3567, 3402, 3368, 3033, 2933, 2521, 2453, 2373, 2142, 2102, 1411, 940, 583, 402, 225, 220, 214, 172, 150, 97, 40, 30, 26, 1]",0.016672840935401716,0.52,0.32459096654321073,0.4592968751865285,0.839372911847854,0.19999999999999996
"[6653, 4165, 2314, 1650]",0.000980551053484603,0.97,0.17649210783353908,0.2364388557437498,0.9884348496530455,0.8
"[8377, 8302, 8291, 8178, 7924, 7789, 7771, 7654, 7526, 7343, 7256, 7190, 6780, 6774, 6292, 6218, 6206, 6143, 6133, 5796, 5787, 5739, 5692, 5314, 5269, 4756, 4725, 4680, 4570, 4199, 4083, 4072, 3950, 3710, 3610, 3202, 3101, 3083, 3063, 2796, 2705, 2661, 2159, 2148, 2140, 2120, 2102, 2085, 2079, 1905, 1622, 1567, 1550, 1514, 738, 643, 474, 133, 43]",0.010984024079648066,0.42,0.3751274127883637,0.5798088808022699,0.9144178874325366,0.19999999999999996
"[8586, 8498, 8487, 8441, 8427, 8392, 8061, 8046, 7916, 7841, 7736, 7514, 7292, 7232, 7168, 7122, 7101, 7092, 6981, 6976, 6954, 6920, 6749, 6362, 6338, 6333, 6260, 6027, 5974, 5627, 5495, 5452, 5318, 5187, 5167, 5095, 5078, 4995, 4991, 4936, 4834, 4707, 4448, 4437, 4216, 4197, 4134, 4120, 4028, 3920, 3750, 3677, 3560, 3417, 3327, 3287, 3165, 3141, 3037, 2972, 2950, 2878, 2820, 2796, 2787, 2776, 2727, 2650, 2401, 2316, 2108, 2019, 1953, 1894, 1875, 1795, 1532, 1379, 1330, 1307, 1274, 1219, 999, 772, 722, 699, 566, 551, 424, 229, 222, 210, 209, 205, 2]",0.018943042370919195,0.06,0.4345101137123115,0.6475419209234982,0.8519660755589823,0.19999999999999996
"[8600, 8598, 8112, 7278, 7081, 7044, 6236, 5731, 5492, 5460, 5240, 5003, 4578, 4546, 4509, 4058, 3985, 3567, 3033, 2933, 2521, 2453, 2142, 1907, 1546, 1512, 1473, 1411, 940, 920, 734, 614, 224, 192, 127, 28]",0.010695762908080574,0.65,0.3693874136772851,0.44765862677064205,0.8938576201490619,0.19999999999999996
[245],0.0002894188469553137,1.0,0.06138362449951873,0.1674453888423022,0.9982009766126959,1.0
"[8601, 8463, 8462, 8456, 8398, 8252, 8159, 7978, 7701, 7605, 7339, 7178, 6677, 6555, 6342, 6290, 6204, 5560, 5447, 4996, 4932, 4497, 4488, 4482, 4475, 4469, 4411, 4280, 4244, 3119, 2875, 2636, 2630, 2472, 2456, 2441, 2437, 2370, 2102, 2054, 1929, 1907, 1904, 1873, 1872, 1801, 1726, 1556, 1443, 1414, 1404, 1332, 1324, 1288, 1231, 1199, 1094, 1068, 925, 906, 856, 851, 808, 736, 665, 658, 614, 600, 596, 590, 564, 561, 547, 529, 458, 442, 433, 428, 413, 407, 399, 386, 294, 283, 202, 190, 173, 138, 132, 86, 75, 62, 58, 54, 38, 35, 32, 30, 26]",0.036972678860847416,0.02,0.43945389949715197,0.4586256066205341,0.4230274993574916,0.19999999999999996
"[8457, 8348, 4478, 4473, 2102, 1326, 906, 799, 214, 150, 97, 30, 26, 1]",0.00932623292428803,0.87,0.2805369596140026,0.25064784660717043,0.899254690310974,0.19999999999999996
"[8637, 8459, 8458, 8457, 8449, 8448, 8243, 8181, 8159, 8104, 8053, 7655, 7086, 6658, 6010, 5684, 5566, 5516, 4984, 4880, 4640, 4602, 4580, 4495, 4227, 3506, 3491, 3227, 3219, 3064, 2983, 2821, 2540, 2493, 2435, 2126, 2016, 1697, 1687, 1582, 1443, 1438, 1420, 1409, 1296, 1277, 1199, 1184, 1172, 1098, 1094, 1068, 1043, 935, 906, 713, 627, 618, 600, 596, 588, 582, 564, 553, 414, 407, 276, 231, 224, 220, 209, 208, 190, 171, 162, 155, 144, 141, 138, 124, 97, 86, 80, 77, 76, 64, 59, 54, 40, 35]",0.03325769854132901,0.11,0.4339746096881403,0.4919915177846793,0.4978154716011308,0.0
"[8629, 8520, 8510, 8449, 8376, 7994, 7882, 7743, 7728, 7477, 7345, 7111, 7087, 6215, 5554, 5445, 4495, 4481, 4279, 4168, 3656, 2777, 2770, 2769, 2516, 2454, 2359, 1744, 1687, 1459, 1305, 889, 814, 527, 208, 200, 172, 162, 144, 132, 87, 42, 40, 24, 15]",0.017515628617735587,0.56,0.3370449253227811,0.45655021883865154,0.8111025443330764,0.19999999999999996
"[6048, 4776, 2314, 734, 171, 127, 28]",0.00310835841630007,0.94,0.2673535284989066,0.2549333498588575,0.9658185556412233,0.4
"[8463, 7408, 6956, 6188, 5661, 5471, 5152, 4892, 4728, 4493, 4475, 4474, 4334, 4215, 4210, 3880, 3354, 2336, 2162, 1951, 1901, 1872, 1788, 1443, 1098, 920, 919, 914, 851, 849, 624, 623, 442, 433, 429, 378, 201, 173, 80, 77, 76, 26]",0.01816392683491549,0.59,0.34711668626177417,0.40377656870189294,0.7900282703675148,0.0
"[8488, 6330, 5529, 2755, 1907, 920, 629, 614, 192]",0.0042764528826117155,0.92,0.3049214357586234,0.3011556763963955,0.9501413518375739,0.19999999999999996
"[8456, 8449, 4495, 4481, 4468, 3936, 3013, 2454, 1687, 1553, 1305, 889, 590, 582, 527, 442, 433, 222, 162, 144, 132, 76, 58, 42, 40, 24, 15]",0.017366288492706643,0.74,0.33332706610679286,0.2731159395763696,0.768182986378823,0.0
"[7857, 3280, 2820, 1543, 772]",0.0011333642046770084,0.96,0.17494629556034214,0.23591376651306695,0.9902338730403495,0.6
"[8449, 8376, 8243, 7722, 7365, 6715, 6586, 5947, 5898, 5704, 5684, 5460, 5444, 4914, 4806, 4650, 4640, 4493, 4038, 3402, 1821, 1555, 1068, 934, 880, 132]",0.008078258856216717,0.75,0.2731591610237034,0.4568745045361603,0.934207144692881,0.19999999999999996
"[8601, 8458, 8399, 8316, 8296, 8295, 8171, 7978, 6757, 6749, 6555, 5993, 5821, 5726, 5409, 5203, 5109, 4495, 4488, 4481, 4222, 3791, 3703, 3639, 3044, 2670, 2472, 2456, 2267, 2169, 2157, 1877, 1745, 547, 132, 42, 24, 15]",0.011717990275526741,0.63,0.2891028986442684,0.4506313380271042,0.9015677203803649,0.19999999999999996
"[8468, 7219, 6506, 6097, 5229, 4829, 4495, 3227, 3089, 3050, 1889, 1687, 1296, 906, 836, 529, 512, 407, 276, 26, 24, 22, 20, 8]",0.01160338041213244,0.77,0.31518676342342544,0.3619463004823361,0.8774094063222821,0.19999999999999996
"[8466, 8464, 8456, 8455, 8441, 8427, 8402, 8392, 8061, 8046, 7916, 7514, 7292, 6749, 6362, 6260, 5974, 5495, 5452, 4936, 4707, 4542, 4494, 4486, 4474, 4448, 4437, 4197, 3920, 3677, 3417, 3327, 3287, 3165, 2796, 2787, 2650, 2250, 2032, 2016, 1894, 1875, 1546, 1404, 1379, 1274, 951, 906, 881, 880, 722, 614, 442, 428, 229, 222, 220, 210, 209, 205, 202, 162, 87, 80, 77, 59, 58, 38, 24, 22, 17]",0.025640194489465154,0.3,0.37040085596287864,0.47796301151070264,0.7029041377537908,0.19999999999999996
"[8508, 8488, 8155, 7408, 6647, 6511, 6330, 6048, 5529, 5471, 5335, 4966, 4728, 4334, 4332, 4215, 4210, 3941, 3548, 3289, 3167, 2383, 2314, 2162, 2058, 1918, 1901, 1788, 1502, 629, 623, 378, 291]",0.007265570733966196,0.68,0.34295864405819254,0.49963964553219664,0.94011822153688,0.19999999999999996
"[8460, 8385, 8370, 8366, 8140, 8081, 8014, 7988, 7968, 7967, 7963, 7728, 7625, 7361, 7098, 6600, 6564, 6515, 6496, 6458, 6290, 6082, 5999, 5954, 5838, 5705, 5460, 5459, 5453, 5445, 5440, 5303, 5216, 5208, 5068, 4993, 4958, 4930, 4909, 4899, 4549, 4404, 4046, 3961, 3925, 3916, 3907, 3550, 3500, 3469, 3454, 3418, 3279, 3123, 3029, 3018, 2896, 2854, 2853, 2612, 2471, 2246, 2066, 1982, 1964, 1882, 1774, 1462, 1428, 1331, 978, 964, 873, 853, 850, 845, 844, 799, 797, 728, 588, 582, 476, 447, 287, 276, 200, 155, 40, 15, 14]",0.020919194257930075,0.1,0.3963494920425781,0.5935034777098988,0.8226676946800309,0.19999999999999996
"[8302, 8206, 8178, 7924, 6780, 6774, 6143, 6133, 5739, 4725, 4083, 3950, 3796, 3710, 3280, 2796, 2159, 1905, 1650, 1024]",0.0033676777031720305,0.81,0.23146992651613285,0.43505954530148727,0.9802107427396556,0.6
"[8466, 8456, 8446, 4925, 4494, 4481, 4470, 4468, 3936, 1555, 1443, 920, 889, 879, 856, 618, 614, 590, 582, 442, 433, 283, 222, 141, 76, 70, 58]",0.015988654781199353,0.74,0.3317079421469745,0.2753371585354041,0.789000257003341,0.19999999999999996
"[8464, 8458, 7038, 6658, 4880, 4499, 4492, 4489, 4481, 4472, 4471, 3734, 3507, 3368, 3219, 3013, 2821, 2126, 1907, 1821, 1694, 1332, 1184, 1092, 1043, 1022, 914, 881, 736, 636, 582, 433, 370, 359, 294, 252, 224, 200, 163, 127, 124, 59, 55, 40, 31, 24, 8]",0.023158138457976384,0.54,0.3637379169593957,0.3273578673304639,0.6754047802621435,0.0
"[7691, 7306, 4483, 3216, 3088, 3045, 2819, 1934, 1540, 1153, 665, 647, 389, 162, 32, 31, 9]",0.007815466543181292,0.84,0.2784773098368537,0.3133839767439849,0.9329221279876638,0.19999999999999996
"[7704, 16]",0.0009296133364204676,0.99,0.1607006479465195,0.19254596717740435,0.9915188897455667,0.6
"[8601, 8462, 8398, 8252, 7978, 7701, 7605, 7339, 7178, 6677, 6555, 6342, 6290, 6204, 5560, 5447, 5073, 4996, 4932, 4488, 4411, 4280, 4244, 3119, 2875, 2636, 2630, 2472, 2456, 2441, 2437, 2370, 2054, 1929, 1801, 1726, 1556, 1443, 1355, 1324, 1288, 1231, 925, 808, 665, 658, 561, 547, 529, 433, 407, 399, 202, 190, 132, 75, 32]",0.018745079879601757,0.44,0.3693329824724897,0.4645130570817413,0.8139295810845542,0.19999999999999996
"[5975, 390]",0.0006089372539939801,0.99,0.10746588886434094,0.1903613073769388,0.9966589565664353,0.8
"[8463, 8462, 8461, 8460, 8449, 8172, 8140, 8081, 8014, 7988, 7968, 7967, 7625, 7098, 6793, 6670, 6600, 6564, 6515, 6496, 6458, 6082, 5999, 5954, 5460, 5459, 5453, 5445, 5440, 5068, 4993, 4958, 4930, 4909, 4899, 4549, 4487, 4484, 4404, 4237, 4077, 4046, 3961, 3925, 3916, 3907, 3550, 3500, 3469, 3454, 3418, 3227, 3220, 3068, 3029, 3018, 2896, 2854, 2853, 2541, 2471, 2054, 1982, 1964, 1882, 1687, 1674, 1671, 1556, 1527, 1462, 1428, 1382, 1331, 978, 964, 873, 853, 850, 845, 844, 799, 665, 476, 447, 290, 287, 276, 138, 30, 25, 24, 15, 14, 12, 8]",0.0264216253762445,0.05,0.3660471691332694,0.5157848768338895,0.7301464919043947,0.19999999999999996
"[8468, 7309, 4829, 4495, 4490, 3227, 2026, 1687, 1420, 1296, 529, 429, 407, 276, 141, 87, 65, 26, 24, 22, 20, 8]",0.014212780736281546,0.79,0.3278014840615816,0.3064444890879324,0.8386019018247237,0.19999999999999996
"[8460, 8450, 8385, 8370, 8366, 8272, 8240, 7963, 7728, 7361, 5838, 5705, 5406, 5303, 5216, 5208, 4497, 4475, 4131, 3279, 3123, 3013, 2612, 2246, 2180, 2102, 2066, 2026, 1774, 1694, 1443, 1420, 1324, 1231, 920, 856, 808, 797, 778, 728, 588, 582, 561, 553, 529, 442, 433, 407, 382, 283, 276, 200, 190, 173, 172, 162, 155, 86, 75, 55, 40, 38, 32, 28, 15, 14]",0.027743690669136376,0.35,0.4201603401784181,0.4977010250726235,0.6232331020303263,0.0
"[8460, 8296, 7416, 7400, 6991, 5971, 5842, 5571, 5359, 5305, 4826, 4492, 4483, 4474, 4472, 4364, 4093, 3837, 3818, 3657, 3368, 3156, 2813, 2778, 2126, 2008, 1697, 1464, 1324, 1289, 1286, 1184, 1098, 1094, 951, 760, 736, 442, 402, 370, 318, 283, 260, 247, 172, 49, 30, 26, 8]",0.020591572123176662,0.52,0.3681117511435277,0.4049547048880615,0.7568748393729119,0.19999999999999996
"[8600, 8598, 8451, 8376, 8112, 7986, 7365, 7278, 7081, 7044, 6848, 6715, 6586, 6441, 6236, 5946, 5731, 5704, 5571, 5492, 5460, 5444, 5240, 5003, 4898, 4806, 4509, 4058, 4038, 3985, 3567, 3402, 3368, 3227, 3033, 2933, 2521, 2453, 2142, 2028, 1907, 1411, 1332, 1094, 940, 920, 881, 582, 402, 276, 225, 222, 220, 172, 73, 55, 40, 24]",0.01888284325075249,0.43,0.3939222471010966,0.5255144241290499,0.800822410691339,0.19999999999999996
"[8498, 8487, 8392, 7841, 7736, 7232, 6981, 6976, 6954, 6920, 6338, 6333, 5452, 5318, 5187, 5167, 4936, 4437, 4134, 4120, 3920, 3750, 3141, 2878, 2820, 2727, 2316, 2108, 2101, 1875, 1694, 1543, 1330, 1307, 1219, 772, 722, 566, 551, 535, 210, 209, 205]",0.00919657328085205,0.58,0.3547616930030686,0.533202056875228,0.9272680544847083,0.19999999999999996
"[8468, 8467, 8457, 8441, 8427, 8061, 8046, 7916, 7733, 7292, 6749, 6709, 6260, 5726, 5495, 5203, 4492, 4197, 3639, 3327, 2796, 2741, 2360, 2101, 1894, 1379, 1299, 1296, 1274, 277, 229, 32, 31, 26, 22, 13]",0.013094466311646215,0.65,0.31024377656492563,0.41016753430892017,0.8707273194551529,0.19999999999999996
"[8460, 8302, 8291, 8140, 8081, 8014, 7968, 7967, 7963, 7789, 7771, 7625, 7256, 7190, 7098, 6600, 6564, 6515, 6496, 6218, 6206, 6082, 5999, 5954, 5739, 5692, 5639, 5460, 5459, 5453, 5445, 5440, 5068, 4993, 4958, 4930, 4680, 4549, 4404, 4199, 4046, 3961, 3925, 3916, 3907, 3610, 3550, 3500, 3469, 3454, 3418, 3101, 3083, 3029, 3018, 2896, 2854, 2853, 2471, 2140, 2120, 2085, 2079, 1982, 1964, 1882, 1622, 1567, 1550, 1462, 1443, 1428, 1331, 978, 964, 873, 853, 850, 845, 844, 797, 588, 582, 476, 447, 276, 200, 155, 43, 40, 14]",0.020843945357721695,0.1,0.4094370793684001,0.6094197446014558,0.8236957080442046,0.19999999999999996
"[4488, 3280, 529, 36, 4, 2]",0.004920120398240333,0.95,0.2393699648809544,0.22567598754735274,0.9550244153173991,0.19999999999999996
"[8629, 8520, 8510, 8449, 8376, 7994, 7882, 7743, 7728, 7477, 7345, 7111, 7089, 6215, 5554, 5445, 4495, 4481, 4474, 4279, 4168, 3656, 2777, 2770, 2769, 2516, 2454, 2359, 1744, 1687, 1459, 1305, 889, 814, 527, 252, 208, 200, 172, 162, 144, 132, 87, 42, 40, 24, 15]",0.018728872424172264,0.54,0.33779208555558893,0.4443549398435892,0.7915702904137754,0.19999999999999996
"[8468, 8466, 8464, 8456, 8455, 8448, 8402, 8322, 8189, 8164, 8092, 8081, 7990, 7654, 7464, 6979, 6506, 6137, 6092, 5986, 5549, 5535, 5112, 5070, 5058, 4950, 4902, 4885, 4542, 4494, 4486, 4474, 4447, 4012, 3910, 3536, 3520, 3506, 2972, 2527, 2506, 2436, 2377, 2359, 2250, 2050, 2032, 2031, 2026, 2002, 1896, 1546, 1498, 1434, 1404, 1398, 1344, 1335, 951, 906, 851, 596, 551, 442, 428, 416, 407, 220, 202, 162, 144, 80, 77, 59, 58, 55, 38, 35, 24, 22, 17]",0.027482056031488768,0.2,0.38167642553408454,0.48397004080779016,0.6689796967360575,0.0
"[8457, 8348, 4478, 4473, 2102, 1326, 906, 799, 214, 150, 30, 26, 16]",0.008435980551053485,0.88,0.2649720571301003,0.2387003829798231,0.908763813929581,0.19999999999999996
"[8490, 8460, 8328, 8296, 8189, 8164, 8150, 8092, 8081, 7990, 7654, 7464, 7454, 7416, 7400, 6991, 6979, 6506, 6484, 6137, 6092, 5986, 5971, 5842, 5571, 5549, 5535, 5359, 5305, 5112, 5070, 5058, 4902, 4826, 4492, 4483, 4474, 4472, 4364, 4093, 3910, 3837, 3818, 3657, 3520, 3506, 3156, 3077, 2972, 2813, 2778, 2527, 2506, 2436, 2359, 2134, 2031, 2026, 2008, 2002, 1896, 1498, 1464, 1434, 1398, 1344, 1335, 1324, 1286, 1184, 760, 596, 442, 370, 318, 260, 247, 172, 49, 30, 26]",0.023278536698309794,0.2,0.38078492750261805,0.5504917420367708,0.7823181701362117,0.19999999999999996
"[2, 1]",0.0021451724936327856,0.99,0.22712489554448256,0.1674453888423022,0.9766126959650475,0.4
"[8101, 8051, 5229, 4477, 4469, 3056, 1907, 1254, 1013, 512, 124]",0.006105579995369299,0.9,0.24130374269702626,0.28707219613763224,0.9462863017219224,0.19999999999999996
"[8574, 8494, 8476, 8442, 8374, 8276, 8128, 7890, 7866, 7789, 7729, 7686, 7563, 7526, 7365, 7240, 7166, 7145, 7072, 6946, 6670, 6631, 6579, 6536, 6495, 6456, 6369, 6288, 6013, 5989, 5886, 5833, 5768, 5498, 5411, 5307, 5139, 4933, 4904, 4451, 4380, 4277, 4218, 4083, 3833, 3419, 3335, 3332, 3270, 3123, 3026, 2821, 2782, 2712, 2479, 2384, 2362, 2350, 2302, 2247, 2239, 2222, 2119, 2103, 2035, 1905, 1772, 1566, 1532, 1450, 1421, 1305, 1270, 1197, 1174, 1093, 743, 587, 583, 446, 385, 260, 246, 224, 207, 178, 114, 35]",0.019036814077332716,0.13,0.3849562447760202,0.6397037964023048,0.8496530454895914,0.19999999999999996
"[2006, 1582, 192]",0.0019194257930076405,0.98,0.20353807998305617,0.2083125070324322,0.9814957594448728,0.4
"[8523, 4992, 4925, 4559, 4477, 4471, 4037, 3023, 3013, 2054, 2006, 1873, 1420, 1128, 1092, 880, 851, 713, 588, 582, 290, 219, 214, 200, 172, 141, 76, 67, 55, 54, 32, 25]",0.018688353785598518,0.69,0.36805734857684935,0.35856861438906285,0.7645849396042148,0.0
"[8466, 8464, 8456, 8455, 8450, 8402, 8240, 4542, 4497, 4494, 4486, 4475, 4474, 4131, 3453, 3227, 3013, 2250, 2180, 2102, 2050, 2026, 1694, 1546, 1443, 1420, 1404, 1324, 1231, 951, 920, 906, 856, 808, 778, 561, 553, 529, 442, 433, 428, 407, 382, 290, 283, 220, 190, 173, 172, 162, 132, 86, 80, 77, 75, 59, 58, 55, 38, 32, 30, 28, 24, 22, 17, 8]",0.030342671914795095,0.35,0.4190120051455527,0.38210215339655784,0.5062965818555641,0.0
"[8601, 8399, 8316, 8296, 8295, 8171, 7978, 6757, 6749, 6555, 5993, 5821, 5726, 5409, 5203, 5109, 4490, 4222, 3791, 3703, 3044, 2670, 2472, 2267, 2169, 2157, 2026, 1877, 1745, 1404, 547, 429, 87, 65, 42, 26, 12]",0.011181986570965502,0.64,0.32826010624340185,0.47694317641178163,0.9131328707273194,0.19999999999999996
"[8468, 6506, 5229, 4829, 4495, 3227, 3056, 2026, 1889, 1687, 1420, 836, 512, 429, 407, 290, 141, 87, 65, 26, 24, 22]",0.012477425329937486,0.79,0.31873704640576617,0.35101482297612363,0.872526342842457,0.0
"[8449, 6188, 5661, 4488, 4481, 4474, 3227, 2126, 1296, 1098, 1094, 851, 588, 582, 442, 433, 429, 201, 173, 141, 80, 77, 76, 26, 22]",0.015874044917805048,0.76,0.33361498313458815,0.28816615984975746,0.8003084040092521,0.19999999999999996
"[7986, 3544]",0.0003403565640194489,0.99,0.038624278474461704,0.19299972935237752,0.9984579799537394,1.0
"[8457, 2527, 1553, 600, 413, 392, 252, 233, 172, 24]",0.006580226904376013,0.91,0.30695112084819176,0.2404881057236562,0.9252120277563608,0.19999999999999996
"[5571, 3853, 1901, 1601]",0.0010615883306320907,0.97,0.16808330019136664,0.2257211535059478,0.9899768696993061,0.6
"[8554, 8449, 8423, 8087, 8013, 7028, 6824, 6070, 6035, 5996, 5977, 5831, 5827, 5779, 5584, 5439, 5029, 5020, 4814, 4731, 4719, 4495, 4481, 4475, 4474, 4421, 4200, 4067, 3912, 3829, 3703, 3550, 3533, 3449, 3440, 3292, 3257, 2958, 2777, 2733, 2720, 2468, 2295, 2250, 2233, 2045, 1961, 1900, 1796, 1727, 1678, 1656, 1534, 1345, 1335, 1317, 1308, 1137, 899, 882, 851, 799, 627, 527, 468, 449, 442, 433, 429, 407, 318, 315, 284, 216, 201, 173, 132, 80, 77, 42, 24, 15]",0.025259319286871963,0.19,0.38272580205538376,0.5182321316337493,0.7337445386790028,0.0
"[8214, 7841, 6920, 4134, 4120, 2820, 2316, 1543, 1307, 772]",0.0017724010187543412,0.91,0.19216487822512462,0.3220347989105531,0.9876638396299152,0.6
"[8498, 8487, 8392, 7736, 7232, 6981, 6976, 6954, 6793, 6338, 6333, 6330, 5639, 5529, 5452, 5318, 5187, 5167, 4936, 4490, 4437, 4237, 3920, 3750, 3220, 3204, 3141, 3083, 2878, 2727, 2108, 2101, 1875, 1694, 1514, 1330, 1219, 722, 629, 566, 551, 210, 209, 205]",0.010532530678397777,0.57,0.300949275259898,0.5267281110407691,0.9221279876638396,0.19999999999999996
"[8600, 8598, 8376, 8243, 8112, 7365, 7278, 7081, 7044, 6848, 6715, 6586, 6236, 5947, 5731, 5704, 5684, 5492, 5460, 5443, 5240, 5003, 4914, 4880, 4806, 4650, 4640, 4578, 4546, 4509, 4227, 4058, 4038, 3985, 3941, 3567, 3512, 3402, 3219, 3033, 2933, 2821, 2521, 2453, 2336, 2142, 1821, 1512, 1473, 1411, 1043, 940, 934, 224]",0.00922435749015976,0.47,0.3357724090650933,0.5519617576748492,0.9329221279876638,0.4
"[8460, 8385, 8370, 8366, 8189, 8081, 8014, 7988, 7968, 7967, 7963, 7728, 7361, 7098, 6564, 6496, 6458, 6137, 5999, 5954, 5838, 5705, 5460, 5459, 5453, 5445, 5440, 5406, 5303, 5216, 5208, 5112, 4993, 4958, 4930, 4909, 4899, 4404, 3961, 3925, 3916, 3907, 3500, 3469, 3454, 3418, 3279, 3123, 2896, 2854, 2853, 2828, 2612, 2471, 2246, 2066, 2031, 1982, 1964, 1882, 1774, 1462, 1428, 1331, 873, 853, 850, 845, 844, 799, 797, 728, 588, 582, 287, 276, 200, 155, 40, 15, 14]",0.01904028710349618,0.2,0.39482730221578954,0.5682569735638663,0.8321768182986379,0.19999999999999996
"[8462, 8461, 8460, 8409, 8386, 8164, 8081, 7900, 7654, 6793, 6092, 5549, 5070, 5058, 4494, 4475, 4237, 4012, 3536, 3520, 3506, 3227, 3220, 3204, 3089, 2972, 2939, 2527, 2506, 2183, 2180, 2102, 2002, 1687, 1674, 1671, 1553, 1498, 1434, 1398, 1098, 1094, 914, 906, 734, 665, 629, 627, 600, 596, 582, 413, 402, 386, 277, 233, 231, 222, 220, 214, 202, 201, 173, 172, 162, 141, 138, 132, 97, 86, 75, 73, 70, 64, 55, 38, 32, 24, 15, 13]",0.03129428108358416,0.21,0.4131256239939928,0.4400540144296463,0.5384219994859933,0.0
"[8460, 8450, 8385, 8370, 8366, 8272, 8240, 7963, 7728, 7361, 7309, 5838, 5705, 5406, 5303, 5298, 5216, 5208, 4497, 4490, 4475, 4131, 3279, 3123, 3013, 2612, 2246, 2180, 2102, 2026, 1774, 1694, 1443, 1420, 1324, 1231, 920, 856, 808, 797, 778, 728, 588, 582, 561, 553, 529, 442, 433, 407, 382, 283, 276, 200, 190, 173, 172, 162, 155, 141, 86, 75, 55, 38, 32, 28, 8]",0.027673072470479277,0.34,0.4156432399507144,0.483169679743382,0.6278591621691082,0.0
"[8456, 8446, 7309, 4925, 4477, 4474, 4472, 4471, 4468, 4058, 3490, 3227, 3033, 2250, 2102, 2026, 1872, 1687, 1663, 1648, 1546, 1443, 1420, 1405, 1332, 1128, 1092, 1068, 920, 889, 880, 856, 627, 618, 614, 588, 582, 553, 529, 370, 318, 231, 219, 214, 200, 192, 173, 172, 165, 141, 97, 86, 76, 70, 67, 58, 55, 54, 40, 38, 36, 35, 32, 26, 24, 22, 20, 8]",0.03224125955082195,0.33,0.42761886586504394,0.3546187604842075,0.4389617065021846,0.19999999999999996
"[7986, 5571, 4483, 2028, 1907, 1332, 1094, 920, 665, 276, 222, 202, 162, 73, 55, 31, 24]",0.011423940727020144,0.84,0.336123746418854,0.3126676639744155,0.8709843227961964,0.19999999999999996
"[8441, 8276, 8061, 8046, 7916, 7789, 7729, 7686, 7292, 7240, 6670, 6288, 6260, 5768, 5495, 5139, 4933, 4218, 3335, 3327, 3123, 2796, 2741, 2712, 2222, 2103, 1566, 1274, 1197, 1174, 1093, 587, 583, 114, 35]",0.007541097476267655,0.66,0.3149807909755882,0.46565175313607277,0.9421742482652274,0.19999999999999996
"[8601, 8159, 7841, 7605, 6920, 6555, 5560, 4497, 4134, 3750, 2820, 2727, 2472, 2456, 2316, 1543, 1443, 1307, 1091, 925, 772, 551, 535, 458, 442, 433, 428, 413, 407, 399]",0.0100926140310257,0.71,0.33036914344061674,0.4467847818069075,0.9002827036751477,0.19999999999999996
"[8376, 8302, 8291, 8243, 8178, 7924, 7789, 7691, 7654, 7526, 7347, 7278, 6848, 6780, 6774, 6715, 6274, 6236, 6143, 6133, 5947, 5739, 5731, 5704, 5684, 5460, 5444, 4914, 4880, 4806, 4725, 4650, 4640, 4272, 4199, 4083, 4072, 4038, 3950, 3710, 3567, 3512, 3402, 3219, 2796, 2697, 2661, 2336, 2159, 2148, 2142, 1905, 1821, 1514, 1043, 934, 738, 474, 225]",0.010096087057189163,0.42,0.3445317202507181,0.5864080266643961,0.9257260344384477,0.4
"[8051, 7219, 6506, 6097, 5229, 4152, 3650, 3204, 3089, 3056, 2682, 1889, 836]",0.0019969900439916646,0.88,0.1911979049785788,0.34914882047545526,0.9856078129015677,0.8
"[7986, 5337, 2006, 1582]",0.0013996295438758971,0.97,0.18312174771054512,0.226789982040011,0.9871498329478283,0.4
"[8540, 8488, 8237, 8213, 8155, 8128, 8104, 8053, 7954, 7943, 7408, 7235, 7086, 7045, 6967, 6836, 6708, 6687, 6683, 6647, 6010, 5566, 5516, 5492, 5481, 5335, 4984, 4728, 4443, 4334, 4332, 4302, 4264, 4215, 4210, 3900, 3548, 3506, 3491, 3441, 3399, 3167, 2983, 2591, 2493, 2383, 1918, 1788, 1731, 1720, 1717, 1712, 1585, 1502, 1413, 1376, 1340, 1319, 1029, 935, 816, 623, 414, 378, 335, 291]",0.013686038434822875,0.35,0.40752046133731956,0.6042759690880737,0.8858905165767155,0.19999999999999996
"[6021, 3204, 2540]",0.0005070618198657097,0.98,0.08698118918369102,0.19325411645534496,0.9971729632485222,1.0
"[8159, 2846, 2126, 2066, 1582, 1556, 1555, 1546, 1443, 1098, 1094, 1068, 588, 582, 442, 155, 80, 77, 76, 64, 59, 54, 40, 30, 25, 15, 14, 13, 4]",0.016631164621440146,0.72,0.42364935701178874,0.3572598723429202,0.7615008995116936,0.0
"[8464, 8447, 8446, 7408, 6647, 5445, 5216, 4899, 4728, 4493, 4468, 4334, 4332, 4210, 3167, 2454, 2238, 2162, 2102, 1918, 1907, 1788, 1697, 1694, 1502, 1296, 1022, 623, 582, 397, 382, 378, 287, 276, 173, 155, 58, 54, 35, 30, 17]",0.019184996526973835,0.6,0.35267392404365583,0.37522999718691985,0.7728090465176047,0.19999999999999996
"[5571, 2102, 1094, 1092, 588, 582, 85, 76, 67, 55, 54, 40, 38, 36, 35, 32, 26, 24, 22, 20, 8]",0.012935864783514701,0.8,0.37933285223471325,0.24529216109669294,0.8059624775122076,0.19999999999999996
"[8457, 8447, 8446, 8243, 6658, 5684, 4640, 4227, 2126, 1697, 1582, 1296, 1098, 1094, 1068, 1043, 849, 627, 618, 600, 596, 588, 582, 553, 382, 378, 276, 155, 141, 138, 124, 97, 86, 80, 77, 76, 64, 59, 54, 40, 35]",0.020879833294744157,0.6,0.3963511723559384,0.3614325464406023,0.7039321511179646,0.0
"[8637, 8468, 8463, 8447, 8446, 8181, 8159, 8104, 7736, 7655, 7232, 7168, 7086, 6749, 5566, 5516, 5187, 5167, 4707, 4602, 4580, 4197, 4134, 4120, 3677, 3506, 3491, 3227, 3165, 3141, 3064, 2983, 2650, 2540, 2493, 2336, 2250, 2108, 2016, 1687, 1491, 1305, 1199, 1128, 1094, 935, 817, 736, 734, 713, 665, 618, 614, 600, 596, 590, 582, 566, 551, 414, 283, 276, 252, 231, 222, 192, 173, 172, 141, 138, 132, 76, 73, 70, 62, 2]",0.028003009956008334,0.25,0.3960187693067797,0.4682471384208102,0.6432793626317141,0.0
"[8449, 5452, 4936, 4490, 4483, 4437, 3920, 2026, 1875, 1404, 1094, 904, 722, 665, 629, 429, 277, 210, 209, 205, 162, 87, 71, 65, 32, 31, 26, 12]",0.014635332252836305,0.73,0.33104227745430703,0.3433940731017475,0.839372911847854,0.0
"[8520, 8510, 8449, 8376, 7994, 7882, 7743, 7728, 7477, 7345, 7111, 7087, 6666, 5554, 4999, 4495, 4481, 4331, 4279, 4168, 4098, 3656, 2887, 2777, 2770, 2769, 2516, 2454, 2359, 1744, 1687, 1459, 1305, 889, 814, 208, 200, 162, 144, 132, 87, 42, 40, 15]",0.01642046770085668,0.57,0.3373670074359255,0.46954141585228304,0.8301207915702904,0.0
"[8554, 8449, 8423, 8262, 8087, 8013, 7731, 7650, 7236, 7028, 6824, 6219, 6070, 6035, 5996, 5977, 5831, 5827, 5779, 5681, 5584, 5553, 5439, 5216, 5029, 5020, 4814, 4731, 4719, 4421, 4200, 4179, 4067, 3912, 3829, 3703, 3550, 3533, 3449, 3440, 3292, 3257, 2958, 2777, 2733, 2720, 2468, 2295, 2250, 2233, 2045, 1961, 1900, 1796, 1727, 1678, 1656, 1534, 1345, 1335, 1317, 1308, 1137, 899, 882, 799, 627, 600, 527, 468, 449, 407, 318, 315, 284, 216, 201, 173, 132, 80, 77, 42, 24, 15]",0.022015512850196803,0.17,0.41342202310711884,0.5406018393223782,0.7851452068876895,0.19999999999999996
"[8257, 7741, 7055, 4227, 2821]",0.0008393146561704099,0.96,0.13569954559953235,0.25277971283215117,0.9935749164739142,0.8
"[8460, 8172, 8140, 8081, 8014, 7988, 7968, 7967, 7963, 7625, 6600, 6564, 6515, 6496, 6458, 6082, 5999, 5954, 5460, 5459, 5453, 5445, 5440, 5406, 5068, 4993, 4958, 4930, 4909, 4899, 4549, 4488, 4404, 4077, 4046, 3961, 3925, 3916, 3907, 3550, 3500, 3469, 3454, 3418, 3280, 3068, 3029, 3018, 2896, 2854, 2853, 2541, 2471, 1982, 1964, 1882, 1527, 1462, 1428, 1382, 1331, 978, 964, 873, 853, 850, 845, 844, 799, 797, 529, 476, 447, 287, 276, 36, 4, 2]",0.018175503588793704,0.23,0.3425679492286281,0.562212642302701,0.8504240555127216,0.19999999999999996
"[8459, 8458, 8457, 8453, 8449, 8448, 8101, 5229, 4491, 4488, 4487, 4485, 4484, 4481, 4480, 4478, 4474, 4470, 4469, 4355, 3490, 3227, 3013, 2846, 2126, 2026, 1907, 1904, 1873, 1697, 1687, 1582, 1556, 1555, 1546, 1443, 1420, 1404, 1332, 1296, 1277, 1254, 1199, 1184, 1172, 1098, 1094, 1068, 1024, 1022, 920, 904, 880, 856, 851, 824, 806, 713, 627, 618, 600, 596, 588, 582, 553, 529, 442, 429, 392, 382, 294, 276, 231, 224, 220, 209, 208, 190, 171, 162, 155, 144, 141, 138, 124, 97, 86, 80, 77, 76, 59, 54, 35, 32, 30, 28, 25, 13, 4]",0.039803195184070383,0.02,0.44794092361315296,0.36179450316273876,0.21922384991004884,0.19999999999999996
"[8523, 4925, 4484, 4478, 4037, 3490, 3023, 3013, 2102, 1873, 1650, 1648, 1420, 1402, 1326, 1324, 1128, 1098, 1094, 1092, 1013, 920, 889, 851, 817, 713, 629, 627, 600, 596, 588, 582, 553, 392, 359, 294, 252, 220, 200, 97, 86, 76, 75, 70, 67, 64, 55, 38, 30, 25, 2]",0.02640078721926372,0.5,0.4192848970605352,0.38185661906788215,0.5962477512207658,0.0
"[8637, 8540, 8468, 8467, 8458, 8457, 8436, 8377, 8181, 8159, 8104, 8053, 7926, 7733, 7655, 7378, 7343, 7086, 6967, 6862, 6861, 6749, 6709, 5796, 5787, 5726, 5566, 5516, 5492, 5481, 5449, 5415, 5348, 5316, 5314, 5203, 4984, 4859, 4843, 4756, 4602, 4580, 4495, 4492, 4443, 3900, 3858, 3639, 3506, 3491, 3441, 3298, 3227, 3064, 2983, 2540, 2493, 2435, 2360, 2333, 2315, 2269, 2101, 2016, 1813, 1808, 1803, 1687, 1443, 1438, 1420, 1409, 1376, 1340, 1319, 1299, 1296, 935, 906, 816, 744, 414, 407, 335, 277, 276, 32, 31, 26, 22, 13]",0.025882148645519795,0.1,0.3732016747562106,0.5536382873067927,0.7393986121819583,0.0
"[8467, 8465, 8456, 7309, 6749, 4925, 4707, 4497, 4493, 4488, 4478, 4477, 4474, 4448, 4058, 3677, 3227, 3165, 3033, 2250, 2126, 2102, 2028, 2026, 1907, 1872, 1707, 1687, 1648, 1555, 1546, 1405, 1404, 1332, 1299, 1231, 1128, 1092, 1068, 1026, 978, 946, 920, 880, 856, 817, 734, 627, 618, 614, 590, 588, 582, 553, 529, 402, 370, 318, 240, 231, 222, 219, 214, 201, 200, 192, 173, 172, 165, 141, 97, 86, 76, 70, 67, 64, 58, 55, 54, 40, 38, 36, 35, 32, 31, 26, 24, 22, 20, 8, 2]",0.037052558462607084,0.1,0.43219777741393595,0.3692434635487908,0.3168851195065536,0.19999999999999996
"[8446, 6330, 5529, 4474, 4470, 1369, 614]",0.0042174114378328315,0.94,0.21840734110929005,0.24369094633498212,0.9609354921613981,0.19999999999999996
"[8523, 8447, 8243, 6658, 5684, 4880, 4650, 4640, 4476, 4474, 4471, 4227, 3512, 3219, 3013, 2964, 2821, 2454, 2336, 2250, 1873, 1821, 1043, 934, 856, 600, 590, 214, 208, 200, 76, 75]",0.014124797406807131,0.69,0.32749172846730956,0.4037367724898122,0.8460549987149832,0.19999999999999996
"[8427, 8392, 8376, 8243, 8061, 8046, 7916, 7762, 7514, 7365, 7292, 7232, 6981, 6976, 6749, 6715, 6586, 6362, 6338, 6260, 5974, 5947, 5704, 5684, 5495, 5452, 5443, 5318, 5187, 4936, 4914, 4880, 4806, 4707, 4650, 4640, 4448, 4437, 4227, 4197, 4038, 3941, 3920, 3677, 3512, 3417, 3327, 3287, 3219, 3165, 3141, 2878, 2821, 2796, 2787, 2776, 2650, 2401, 2360, 2336, 1894, 1875, 1821, 1379, 1274, 1219, 1043, 934, 722, 229, 222, 210, 209, 205]",0.014156054642278305,0.27,0.40505332887001977,0.60830656118709,0.8907735800565407,0.19999999999999996
"[8637, 8399, 8316, 8296, 8295, 8181, 8171, 8159, 7733, 7655, 6819, 6817, 6757, 6749, 6709, 6268, 5993, 5821, 5726, 5276, 5203, 5109, 4756, 4602, 4580, 4222, 3791, 3743, 3719, 3703, 3639, 3219, 3064, 3044, 2702, 2670, 2540, 2267, 2169, 2157, 2101, 2016, 1491, 1170, 1161, 1158, 894, 683]",0.008151192405649455,0.53,0.31226968381141385,0.5170117925680611,0.9457722950398355,0.4
"[8376, 8302, 8291, 8243, 8178, 7924, 7789, 7741, 7654, 7526, 7365, 7278, 6848, 6774, 6715, 6236, 6133, 5947, 5739, 5731, 5704, 5684, 5460, 4965, 4914, 4880, 4806, 4650, 4640, 4272, 4227, 4199, 4083, 4072, 4038, 3950, 3567, 3512, 3402, 3219, 2821, 2796, 2661, 2336, 2159, 2148, 2142, 1905, 1821, 1514, 1043, 934, 738, 474, 225]",0.009448946515397082,0.46,0.3402990329199531,0.5637088806549551,0.9267540478026215,0.4
"[8051, 7219, 6506, 6097, 5229, 4152, 3056, 2682, 2006, 836, 192]",0.002607084973373466,0.9,0.21667774122483663,0.33315055140077887,0.9781547160113081,0.4
"[8087, 7987, 7986, 7650, 6070, 5584, 5029, 5020, 3550, 3544, 3533, 2468, 2045, 1961, 1534, 468, 449, 407]",0.004083121092845567,0.83,0.2696115923404899,0.378960784011397,0.969159599074788,0.4
"[8586, 8498, 8488, 8487, 8441, 8427, 8237, 8213, 8104, 8061, 8046, 7954, 7943, 7916, 7514, 7122, 7101, 7092, 7086, 7045, 6981, 6976, 6967, 6954, 6920, 6836, 6708, 6687, 6683, 6647, 6362, 6027, 6010, 5974, 5627, 5516, 5495, 5452, 5095, 5078, 4995, 4991, 4936, 4834, 4448, 4437, 4264, 4216, 4028, 3920, 3900, 3560, 3506, 3491, 3417, 3327, 3287, 3037, 2983, 2972, 2950, 2878, 2820, 2796, 2787, 2776, 2591, 2401, 2316, 2019, 1953, 1894, 1875, 1795, 1717, 1712, 1697, 1585, 1532, 1413, 1379, 1330, 1319, 1307, 1274, 1029, 999, 935, 816, 772, 424, 414, 291, 229, 222]",0.01851586015281315,0.06,0.4460231668994392,0.6779830061532446,0.8522230789000257,0.19999999999999996
"[8457, 8456, 8441, 8427, 8061, 8046, 7916, 7514, 7292, 6749, 6362, 6260, 5974, 5495, 5452, 4936, 4925, 4707, 4448, 4437, 4197, 4131, 4037, 3920, 3677, 3417, 3327, 3287, 3227, 3204, 3165, 3013, 2798, 2787, 2776, 2650, 2401, 2360, 2102, 1894, 1875, 1687, 1420, 1379, 1332, 1326, 1274, 1098, 1094, 1092, 914, 906, 817, 722, 713, 582, 553, 276, 229, 222, 210, 209, 205, 150, 70, 67, 64, 55, 54, 42, 38, 30, 25, 1]",0.02642278305163232,0.27,0.3973481299427448,0.5163494102724718,0.6728347468517091,0.0
"[8302, 8291, 8178, 7924, 7789, 7654, 7526, 7278, 6774, 6236, 6133, 5739, 5731, 5460, 4199, 4083, 4072, 3950, 3567, 3402, 2796, 2661, 2159, 2142, 1905, 1582, 1556, 1555, 1546, 1514, 1098, 1094, 1068, 738, 582, 564, 553, 529, 474, 225, 64, 59, 54, 40, 35, 32, 30, 28, 25, 15, 13, 4, 2, 1]",0.02063556378791387,0.47,0.44122551082643124,0.5150207500785258,0.7234644050372655,0.19999999999999996
"[8554, 8463, 8447, 8446, 8013, 7736, 7232, 7168, 7028, 6749, 6070, 5996, 5977, 5584, 5439, 5187, 5167, 5029, 5020, 4707, 4421, 4197, 4134, 4120, 4067, 3912, 3677, 3550, 3533, 3449, 3440, 3227, 3165, 3141, 2650, 2468, 2250, 2233, 2108, 2045, 1961, 1900, 1687, 1534, 1345, 1335, 1317, 1301, 1199, 1128, 1094, 882, 799, 736, 734, 713, 665, 618, 614, 600, 596, 590, 582, 566, 551, 468, 449, 315, 252, 231, 222, 192, 173, 172, 141, 138, 132, 76, 73, 70, 62, 2]",0.02739638805279,0.19,0.4106345554320273,0.49657022553300056,0.6543305062965818,0.0
"[8447, 8446, 7408, 6647, 5359, 4728, 4468, 4334, 4332, 4210, 4131, 3167, 3089, 2238, 2162, 2102, 1918, 1907, 1788, 1697, 1556, 1502, 1022, 623, 582, 553, 512, 382, 378, 276, 173, 70, 64, 58, 55, 54, 42, 38, 35, 30, 25, 24]",0.01942116230608937,0.59,0.3743523546528079,0.399919654618871,0.7558468260087381,0.0
"[8464, 8462, 8461, 8460, 8409, 8386, 8164, 8081, 7900, 7654, 6793, 6092, 5549, 5445, 5216, 5070, 5058, 4899, 4494, 4493, 4475, 4012, 3536, 3520, 3506, 3227, 3220, 3204, 2972, 2939, 2527, 2506, 2454, 2183, 2180, 2102, 2002, 1687, 1674, 1671, 1498, 1434, 1398, 1296, 1022, 914, 906, 734, 665, 629, 627, 600, 596, 582, 413, 402, 397, 386, 287, 277, 276, 233, 231, 222, 220, 214, 202, 201, 173, 172, 162, 155, 141, 138, 132, 97, 86, 30, 17]",0.030413290113452184,0.22,0.4020678472695556,0.4589416527806167,0.5875096376252891,0.0
"[8540, 8473, 8449, 8155, 8128, 8053, 7408, 7235, 6967, 6836, 6708, 5566, 5492, 5481, 5335, 4984, 4728, 4490, 4483, 4334, 4332, 4302, 4215, 4210, 3900, 3548, 3441, 3399, 3167, 2493, 2383, 2026, 1918, 1788, 1731, 1720, 1717, 1502, 1404, 1376, 1340, 1094, 904, 665, 623, 429, 378, 335, 277, 162, 87, 65, 32, 31, 26, 12]",0.019820560314887707,0.45,0.3761696910785629,0.5203004039172303,0.79491133384734,0.0
"[8442, 8376, 8302, 8291, 8243, 7924, 7789, 7654, 7526, 7347, 7278, 6848, 6780, 6774, 6715, 6236, 6143, 6133, 5947, 5739, 5731, 5704, 5684, 5460, 5444, 4914, 4880, 4806, 4725, 4650, 4640, 4272, 4199, 4083, 4072, 4038, 3950, 3710, 3567, 3512, 3402, 3219, 2796, 2661, 2336, 2159, 2148, 2142, 1905, 1821, 1546, 1514, 1043, 934, 738, 474, 225, 13, 4]",0.011957629080805743,0.42,0.3826567345560524,0.5900160855042884,0.9000257003341043,0.19999999999999996
"[8468, 8467, 8463, 8457, 8453, 7733, 6749, 6709, 6233, 5726, 5203, 4925, 4492, 4491, 4477, 4476, 4475, 4471, 4470, 3639, 3370, 3368, 3013, 2741, 2591, 2360, 2180, 2028, 2026, 1907, 1894, 1872, 1697, 1556, 1553, 1546, 1461, 1404, 1379, 1324, 1299, 1296, 1277, 1231, 1184, 1162, 1094, 1026, 978, 951, 906, 856, 851, 734, 627, 618, 614, 600, 588, 585, 582, 553, 458, 446, 428, 386, 359, 294, 290, 277, 231, 229, 219, 192, 190, 171, 144, 132, 124, 86, 73, 62, 59, 54, 49, 40, 38, 36, 32, 31, 22, 16, 15, 14, 13, 2, 1]",0.038563324843713824,0.04,0.43802894921569413,0.4036074787877294,0.29324081213055775,0.19999999999999996
"[8493, 5975]",0.00026163463764760356,0.99,0.017788408907067454,0.1903613073769388,0.9994859933179131,1.0
"[2250, 2168, 1290]",0.0010442231998147719,0.98,0.1787086652738763,0.21565462021067228,0.9884348496530455,0.6
"[8554, 8423, 8262, 8206, 8087, 8013, 7731, 7650, 7236, 7028, 6824, 6219, 6160, 6070, 6035, 5996, 5977, 5831, 5827, 5779, 5681, 5656, 5584, 5553, 5216, 5029, 5020, 4892, 4814, 4731, 4719, 4635, 4200, 4179, 4067, 3829, 3703, 3614, 3550, 3533, 3449, 3440, 3354, 3292, 3257, 2958, 2777, 2733, 2720, 2607, 2468, 2336, 2295, 2250, 2233, 2091, 2076, 2045, 1961, 1900, 1796, 1727, 1678, 1656, 1567, 1543, 1534, 1335, 1317, 1308, 1296, 1137, 1068, 1024, 899, 882, 799, 627, 600, 468, 449, 407, 284, 276, 216]",0.01844871498031952,0.16,0.4305308139074132,0.5514712793031256,0.8386019018247237,0.19999999999999996
"[8523, 8243, 6658, 5684, 4880, 4650, 4640, 4474, 4471, 4227, 3512, 3219, 3013, 2964, 2821, 2709, 2454, 2336, 2250, 1873, 1821, 1043, 934, 856, 600, 590, 214, 208, 200, 76, 75]",0.013172030562630239,0.7,0.3368687159368413,0.4144570111927318,0.8581341557440247,0.19999999999999996
"[8460, 8385, 8370, 8366, 8272, 8240, 7968, 7967, 7963, 7728, 7482, 7361, 5838, 5705, 5406, 5303, 5298, 5216, 5208, 4909, 4899, 4475, 4131, 3279, 3123, 3013, 2854, 2853, 2612, 2246, 2102, 2066, 2026, 1774, 1694, 1443, 1324, 1231, 856, 808, 799, 797, 728, 588, 582, 561, 553, 442, 433, 382, 283, 276, 200, 190, 173, 172, 162, 155, 86, 75, 55, 40, 38, 32, 28, 15, 14]",0.02538782125492012,0.34,0.4273972825351887,0.5054462616199917,0.6795168337188384,0.0
"[2006, 1]",0.0016821023385042834,0.99,0.20145886472267638,0.18692098914332222,0.9840657928553072,0.4
"[8509, 8493, 8399, 8171, 7589, 7204, 6945, 6819, 6817, 6579, 6453, 5993, 5821, 5276, 5109, 4878, 4756, 4658, 4475, 4273, 3791, 3743, 3703, 3347, 3113, 3044, 2849, 2708, 2670, 2597, 2339, 2331, 2267, 2183, 2157, 1745, 894, 810, 683, 277]",0.009125955082194952,0.61,0.30078497038710084,0.4924820408536206,0.9308661012593163,0.19999999999999996
"[8468, 5529, 4829, 4494, 4477, 4470, 3227, 3056, 2026, 1687, 1443, 1420, 614, 429, 407, 290, 141, 87, 65, 26, 24, 22]",0.01368140773327159,0.79,0.32326078684684345,0.309564518412789,0.8457979953739398,0.19999999999999996
"[8446, 6544, 6506, 6330, 5229, 1889, 1369, 836]",0.0021717990275526744,0.93,0.19557112645506936,0.26454208536275114,0.9809817527627859,0.4
"[8460, 8450, 8385, 8370, 8366, 8240, 7963, 7728, 7361, 7309, 5705, 5406, 5303, 4497, 4490, 4131, 3790, 3123, 3013, 2612, 2246, 2180, 2102, 1694, 1443, 1420, 1324, 920, 808, 778, 582, 561, 553, 529, 442, 433, 407, 283, 276, 200, 190, 173, 172, 162, 155, 141, 55, 38, 32, 28, 8]",0.023067839777726324,0.5,0.38977430662491974,0.42598463830696875,0.7072731945515291,0.0
"[3916, 1]",0.0016739986107895347,0.99,0.20276754287085585,0.1674453888423022,0.988177846312002,0.4
"[8466, 8464, 8456, 8455, 8427, 8402, 8392, 7916, 7514, 7292, 6749, 6362, 5974, 5452, 4936, 4707, 4542, 4494, 4486, 4448, 4437, 4197, 3920, 3677, 3417, 3287, 3165, 2796, 2787, 2650, 2250, 2032, 2016, 1894, 1875, 1546, 1379, 1274, 951, 906, 722, 614, 442, 428, 229, 222, 220, 215, 210, 209, 202, 162, 87, 80, 77, 59, 58, 38, 24, 22, 17]",0.02305626302384811,0.4,0.37067370671928423,0.45473440757125083,0.7352865587252635,0.0
"[8464, 8463, 8460, 8457, 8453, 4925, 4493, 4486, 4482, 4471, 3507, 3013, 2454, 2180, 2126, 2054, 2028, 2026, 2016, 1907, 1694, 1556, 1546, 1461, 1404, 1277, 1184, 1094, 1026, 978, 951, 881, 880, 856, 851, 734, 614, 582, 428, 413, 392, 277, 202, 173, 171, 155, 141, 132, 87, 86, 80, 73, 67, 62, 59, 54, 35, 15, 14]",0.029734892336188937,0.42,0.4055394309882212,0.31896812829265797,0.5060395785145206,0.19999999999999996
"[8467, 8459, 4491, 4477, 4476, 4475, 4470, 1872, 1697, 1687, 1553, 1324, 1299, 1231, 906, 618, 600, 588, 512, 458, 446, 386, 359, 294, 290, 231, 219, 192, 190, 124, 51, 49, 38, 32, 30, 16, 2, 1]",0.02145635563787914,0.63,0.3608981632523832,0.29537304652420726,0.6962220508866614,0.0
"[8172, 8140, 8081, 8014, 7988, 7986, 7967, 7625, 6600, 6564, 6515, 6496, 6458, 6082, 5999, 5460, 5459, 5453, 5445, 5440, 5337, 5068, 4993, 4958, 4930, 4909, 4899, 4549, 4488, 4404, 4077, 4046, 3961, 3925, 3916, 3907, 3550, 3500, 3469, 3454, 3418, 3068, 3029, 3018, 2896, 2854, 2853, 2837, 2541, 2471, 2006, 1982, 1964, 1882, 1582, 1527, 1462, 1428, 1382, 1331, 978, 964, 873, 853, 850, 845, 844, 799, 476, 447]",0.014285714285714287,0.31,0.3249017822896656,0.5565859270437448,0.8995116936520174,0.19999999999999996
"[8523, 8243, 6658, 5684, 4880, 4650, 4640, 4227, 3888, 3512, 3219, 3013, 2821, 2454, 2336, 2250, 1821, 1043, 934, 200]",0.005960870571891642,0.81,0.3178301300861527,0.41009931667835176,0.9462863017219224,0.19999999999999996
"[8463, 8462, 8448, 8322, 8243, 6658, 5684, 4950, 4880, 4650, 4640, 4227, 3512, 3368, 3220, 3219, 3013, 2964, 2821, 2454, 2377, 2336, 2126, 1821, 1697, 1687, 1556, 1098, 1043, 934, 851, 736, 665, 551, 442, 416, 407, 402, 283, 202, 200, 162, 144, 55, 38, 30, 25, 24, 20]",0.02033109516091688,0.52,0.3850737054620841,0.41843539858780876,0.748650732459522,0.19999999999999996
"[8509, 8493, 8399, 8171, 6819, 6817, 6579, 6453, 5993, 5821, 5109, 4488, 4475, 4273, 3791, 3703, 3280, 3113, 3044, 2674, 2670, 2267, 2157, 1745, 894, 810, 683, 529, 36, 4, 2]",0.00989812456587173,0.7,0.29187572066331857,0.4157474784037205,0.9175019275250578,0.19999999999999996
"[8385, 8370, 7728, 7361, 7355, 5838, 5705, 5303, 5216, 5208, 3279, 3123, 2611, 2246, 2066, 1774, 728, 588, 582, 200, 155, 40, 15, 4]",0.008567955545265108,0.77,0.3437623877770777,0.4391738396073519,0.9208429709586224,0.19999999999999996
"[8523, 8243, 8101, 8051, 6658, 6506, 6097, 5684, 5229, 4880, 4650, 4640, 4477, 4474, 4471, 4469, 4227, 4152, 3512, 3219, 3056, 2964, 2821, 2709, 2454, 2336, 2250, 2102, 1907, 1889, 1873, 1821, 1254, 1043, 1013, 978, 934, 856, 836, 600, 590, 588, 582, 214, 208, 200, 124, 86, 76, 75, 73, 62]",0.020843945357721695,0.49,0.3735894174515364,0.4462665637914669,0.7419686455923927,0.19999999999999996
"[8509, 8493, 8399, 8171, 6819, 6579, 6453, 6292, 5993, 5821, 5269, 5109, 4756, 4658, 4475, 4273, 3791, 3703, 3113, 3044, 2705, 2670, 2267, 2157, 1745, 1546, 810, 683, 529, 141, 38, 36, 35, 32, 26, 24, 22, 20, 8]",0.014762676545496642,0.62,0.3599574972555589,0.44023775517140706,0.8421999485993318,0.19999999999999996
"[8101, 8051, 7219, 6506, 6097, 5229, 4477, 4469, 4152, 3374, 3056, 2250, 2168, 2102, 1907, 1889, 1290, 1254, 1013, 978, 836, 806, 665, 646, 590, 588, 582, 564, 429, 277, 200, 155, 124, 86, 76, 75, 73, 62, 54, 40, 38, 26, 24, 22]",0.02150266265339199,0.57,0.3889568546988178,0.42818284452103517,0.7021331277306605,0.0
"[8540, 8488, 8237, 8213, 8155, 8128, 8104, 8053, 7954, 7741, 7408, 7235, 7086, 6967, 6836, 6708, 6687, 6683, 6647, 6010, 5566, 5516, 5492, 5481, 5335, 4984, 4880, 4728, 4443, 4334, 4332, 4302, 4264, 4215, 4210, 3900, 3548, 3506, 3491, 3441, 3399, 3167, 2983, 2821, 2591, 2493, 2383, 1918, 1788, 1731, 1720, 1717, 1712, 1585, 1502, 1376, 1340, 1319, 935, 816, 623, 414, 378, 335, 291]",0.013534382959018291,0.36,0.4126112812590764,0.5961569436462266,0.8902595733744538,0.19999999999999996
"[8586, 8498, 8488, 8487, 8441, 8427, 8237, 8213, 8104, 8061, 8046, 7954, 7943, 7916, 7514, 7122, 7101, 7092, 7086, 7045, 6981, 6976, 6967, 6954, 6920, 6836, 6708, 6687, 6683, 6647, 6362, 6027, 6010, 5974, 5627, 5516, 5495, 5452, 5095, 5078, 4995, 4991, 4936, 4834, 4448, 4437, 4264, 4216, 4028, 3920, 3900, 3560, 3506, 3491, 3417, 3327, 3287, 3037, 2983, 2972, 2950, 2878, 2820, 2796, 2787, 2776, 2591, 2401, 2316, 2168, 2019, 1953, 1894, 1875, 1795, 1717, 1712, 1697, 1585, 1532, 1413, 1379, 1330, 1319, 1307, 1274, 999, 816, 772, 424, 414, 291, 229, 222]",0.01822065292891873,0.07,0.4350596297172984,0.6596996108582623,0.8581341557440247,0.19999999999999996
"[7589, 7204, 6945, 5276, 4878, 4756, 3743, 3347, 2708, 2597, 2339, 2331, 2183, 277]",0.0038075943505441077,0.87,0.2731734211051031,0.3384335452236713,0.965047545618093,0.4
"[8467, 8463, 8460, 8459, 8457, 8456, 8453, 4925, 4491, 4486, 4482, 4477, 4476, 4475, 4471, 4470, 4131, 3227, 3204, 3013, 2180, 2054, 2028, 2026, 1907, 1872, 1697, 1687, 1556, 1553, 1546, 1461, 1420, 1404, 1332, 1326, 1324, 1299, 1277, 1231, 1184, 1094, 1026, 978, 951, 914, 906, 880, 856, 851, 817, 734, 627, 618, 600, 588, 582, 553, 458, 446, 428, 413, 392, 386, 359, 294, 290, 277, 276, 231, 219, 202, 192, 190, 171, 150, 132, 124, 86, 73, 67, 62, 59, 54, 51, 49, 42, 38, 32, 30, 25, 16, 15, 14, 2, 1]",0.0398529752257467,0.05,0.4472784507561347,0.3317948160330987,0.21459778977126698,0.19999999999999996
"[7986, 5337, 2006, 385]",0.001356795554526511,0.97,0.1613418398461306,0.22317699822900805,0.9902338730403495,0.6
"[8468, 8460, 8450, 7309, 4850, 4497, 4490, 4477, 3227, 2180, 2026, 1687, 1443, 1420, 920, 778, 529, 407, 290, 276, 141, 8]",0.014250984024079648,0.79,0.3192862846342125,0.3036719520811032,0.833975841685942,0.19999999999999996
"[8637, 8540, 8488, 8315, 8237, 8213, 8181, 8159, 8155, 8128, 8104, 8053, 7954, 7943, 7655, 7408, 7235, 7045, 6967, 6836, 6708, 6687, 6683, 6647, 6317, 6010, 5639, 5566, 5516, 5492, 5481, 5335, 4984, 4728, 4602, 4580, 4443, 4334, 4332, 4302, 4264, 4215, 4210, 3900, 3548, 3506, 3491, 3441, 3399, 3167, 3064, 2983, 2591, 2540, 2493, 2383, 2016, 1918, 1788, 1731, 1720, 1717, 1712, 1585, 1502, 1491, 1376, 1340, 1319, 935, 816, 623, 512, 414, 378, 335, 291]",0.015677240101875434,0.24,0.4235421094363161,0.6258661443329632,0.8789514263685427,0.19999999999999996
"[8563, 8457, 8185, 8005, 7896, 4693, 4493, 4479, 4475, 4033, 3673, 2397, 2102, 1553, 1410, 1184, 851, 705, 600, 527, 442, 429, 413, 392, 318, 252, 233, 173, 172, 162, 77, 76, 24, 15]",0.017699699004399164,0.67,0.35362580864566406,0.36753288076191193,0.7859162169108198,0.19999999999999996
"[8457, 4728, 4487, 4481, 4476, 4475, 4474, 4215, 3826, 2454, 2102, 1918, 1872, 1788, 1694, 1687, 1553, 1404, 1305, 1296, 1184, 1098, 1022, 951, 880, 851, 808, 624, 600, 553, 527, 442, 429, 413, 392, 378, 359, 318, 283, 252, 233, 231, 209, 173, 172, 162, 144, 86, 77, 76, 36, 31, 24, 22, 15]",0.027493632785366984,0.46,0.39930779044704967,0.32988238593269104,0.582112567463377,0.19999999999999996
"[4474, 4471, 2709, 2006, 1873, 856, 600, 590, 214, 208, 75, 1]",0.008985876360268581,0.89,0.2944806538474676,0.2568432213016627,0.9074787972243639,0.19999999999999996
"[8467, 8458, 8457, 8436, 8377, 8014, 7926, 7378, 7343, 6862, 6861, 6496, 6292, 5999, 5796, 5787, 5460, 5459, 5453, 5445, 5348, 5316, 5314, 5269, 4958, 4859, 4843, 4756, 4203, 3961, 3925, 3916, 3858, 3454, 3418, 3298, 3227, 2896, 2828, 2705, 2315, 2269, 1882, 1808, 1803, 1687, 1546, 1296, 873, 853, 850, 845, 844, 744, 529, 276, 141, 38, 36, 35, 32, 26, 24, 20, 8]",0.020472331558231072,0.36,0.3730234837938735,0.47529024014408483,0.7753790799280391,0.0
"[8463, 8459, 8457, 8453, 8448, 6188, 5661, 5152, 4925, 4491, 4482, 4477, 4476, 4475, 4470, 4334, 3227, 3018, 3013, 2741, 2180, 2126, 2028, 2026, 1907, 1872, 1697, 1687, 1553, 1546, 1404, 1324, 1277, 1231, 1199, 1184, 1172, 1098, 1094, 1026, 978, 906, 856, 734, 713, 627, 623, 618, 600, 596, 588, 582, 458, 446, 392, 386, 359, 294, 290, 231, 224, 220, 219, 209, 208, 201, 192, 190, 173, 171, 162, 155, 144, 141, 138, 132, 124, 97, 86, 80, 77, 76, 62, 54, 51, 49, 38, 30, 26, 16, 14, 2, 1]",0.038288955776800186,0.08,0.42955401798614024,0.3545422432480533,0.2960678488820354,0.0
"[8460, 4494, 3089, 1553, 914, 906, 402, 386, 150, 141, 132, 15, 13, 12, 1]",0.010772169483676777,0.86,0.30573058691019317,0.24646968389215862,0.8756103829349782,0.19999999999999996
"[8574, 8494, 8128, 7563, 7526, 7145, 7072, 6631, 6579, 6536, 6495, 6013, 5989, 5705, 5498, 5208, 5083, 4451, 4083, 3454, 3419, 3227, 3123, 3026, 2611, 2479, 2384, 2362, 2126, 2066, 2035, 1905, 1697, 1687, 1556, 1555, 1546, 1532, 1450, 1421, 1354, 1277, 1199, 1184, 1098, 1094, 1068, 713, 627, 618, 600, 596, 588, 582, 564, 553, 446, 385, 231, 224, 220, 209, 208, 190, 171, 162, 155, 144, 141, 138, 124, 97, 86, 80, 77, 76, 64, 59, 54, 40, 35, 32, 30, 28, 25, 15, 13, 4]",0.031334799722157906,0.13,0.48436776663373526,0.5382093527203162,0.5024415317399127,0.19999999999999996
"[8574, 8494, 8128, 7563, 7526, 7166, 7145, 7072, 6793, 6631, 6579, 6536, 6495, 6013, 5989, 5498, 5216, 5083, 4451, 4083, 3454, 3419, 3227, 3220, 3204, 3109, 3026, 2479, 2362, 2183, 2180, 2126, 2102, 2035, 1905, 1697, 1687, 1674, 1671, 1582, 1556, 1532, 1450, 1421, 1277, 1199, 1184, 1098, 1094, 1068, 713, 629, 627, 618, 600, 596, 588, 582, 564, 446, 385, 231, 224, 220, 209, 208, 190, 171, 162, 155, 144, 141, 138, 132, 124, 97, 86, 80, 77, 76, 64, 59, 54, 40, 30, 28, 25, 17]",0.031245658717295666,0.13,0.48330470242934176,0.5590015762839013,0.5417630429195579,0.19999999999999996
"[8457, 7820, 5227, 4]",0.0017098865478119936,0.97,0.1796777889520207,0.21566218836121864,0.986378822924698,0.4
"[8460, 8385, 8370, 8366, 8272, 8240, 7968, 7967, 7963, 7589, 7482, 7361, 7204, 6945, 5838, 5705, 5406, 5303, 5298, 5216, 5208, 4909, 4899, 4475, 4131, 3279, 3123, 3013, 2854, 2853, 2612, 2597, 2339, 2246, 2102, 2026, 1774, 1694, 1443, 1324, 1231, 856, 808, 799, 797, 728, 588, 582, 561, 553, 442, 433, 382, 283, 276, 200, 190, 173, 172, 162, 155, 86, 75, 55, 38, 32, 28, 21]",0.024565871729567028,0.33,0.41168840644007787,0.5094277587430098,0.7080442045746596,0.0
"[8498, 8487, 8441, 8427, 8392, 8213, 7954, 7943, 7916, 7841, 7292, 7045, 6981, 6976, 6954, 6920, 6687, 6683, 6494, 6362, 6338, 6333, 6260, 6010, 5684, 5516, 5452, 5318, 4834, 3920, 3750, 3327, 3287, 2878, 2820, 2796, 2787, 2776, 2727, 2684, 2591, 2316, 1875, 1795, 1413, 1330, 1307, 1274, 1219, 1029, 772, 722, 699, 564, 414, 229, 222, 210, 209, 205, 58, 55, 54]",0.014946746932160224,0.38,0.4091023770007537,0.6088165366465762,0.8643022359290671,0.19999999999999996
"[8457, 4475, 4474, 2102, 1872, 1687, 1590, 1553, 1184, 1098, 851, 600, 590, 527, 442, 429, 413, 392, 318, 252, 233, 173, 172, 162, 77, 76, 24, 15]",0.017589719842556147,0.73,0.3550494089040397,0.29912532047803775,0.7630429195579542,0.19999999999999996
"[8554, 8463, 8447, 8446, 8376, 8243, 8013, 7691, 7028, 6848, 6749, 6715, 6274, 6070, 5996, 5977, 5947, 5684, 5584, 5439, 5029, 5020, 4914, 4880, 4707, 4650, 4640, 4421, 4272, 4067, 3912, 3677, 3550, 3533, 3512, 3449, 3440, 3227, 3219, 3165, 2697, 2650, 2468, 2336, 2250, 2233, 2045, 1961, 1900, 1821, 1687, 1534, 1345, 1335, 1317, 1301, 1199, 1128, 1043, 934, 882, 799, 736, 734, 713, 665, 618, 614, 600, 468, 449, 315, 252, 231, 222, 192, 173, 172, 141, 138, 132]",0.024147950914563558,0.2,0.39296209891635037,0.5231691417482645,0.7301464919043947,0.19999999999999996
"[8464, 8463, 8457, 8453, 8450, 4925, 4493, 4486, 4482, 4471, 3507, 3013, 2454, 2180, 2126, 2054, 2028, 2026, 2016, 1907, 1694, 1556, 1546, 1461, 1404, 1184, 1094, 1026, 978, 951, 881, 880, 856, 851, 734, 614, 582, 428, 413, 392, 277, 202, 173, 171, 155, 141, 132, 87, 86, 80, 73, 67, 62, 59, 54, 35, 15, 14]",0.029190784903912942,0.43,0.4003617066733074,0.31848774508398314,0.5119506553585196,0.0
"[8586, 8460, 8101, 8061, 8051, 8046, 7514, 7219, 7122, 7101, 7092, 6506, 6097, 6027, 5974, 5627, 5495, 5229, 5095, 5078, 4995, 4991, 4494, 4477, 4469, 4448, 4437, 4216, 4152, 4028, 3560, 3417, 3374, 3089, 3056, 3037, 2972, 2950, 2401, 2102, 2019, 1953, 1907, 1894, 1889, 1553, 1532, 1379, 1254, 1013, 999, 978, 914, 906, 836, 806, 665, 590, 588, 582, 564, 512, 429, 424, 402, 386, 277, 200, 155, 150, 141, 132, 124, 86, 76, 75, 62, 54, 40, 38, 26, 24, 22, 15, 13, 12, 1]",0.0310349617967122,0.14,0.416719150853871,0.5614095175256666,0.5538421999485994,0.0
"[8464, 8462, 8461, 8460, 8164, 8081, 7986, 7820, 7654, 6092, 5549, 5445, 5070, 5058, 4899, 4494, 4493, 4475, 4012, 3536, 3520, 3506, 2972, 2939, 2527, 2506, 2454, 2002, 1498, 1434, 1398, 1296, 1022, 914, 906, 413, 402, 397, 386, 287, 276, 233, 231, 222, 4]",0.016626533919888865,0.56,0.3130232276928443,0.37434719913697767,0.8200976612695965,0.19999999999999996
"[8051, 7589, 7418, 7204, 6945, 5276, 5229, 4878, 4756, 4477, 4469, 3743, 3347, 3056, 2708, 2597, 2339, 2331, 2183, 2168, 1907, 1013, 646, 277, 124]",0.008790229219726789,0.76,0.2783151414532711,0.40683288652648075,0.9154459007967104,0.19999999999999996
"[8348, 4478, 4473, 765, 26, 8]",0.0049073859689742995,0.95,0.22567611572128943,0.20331096440905416,0.9552814186584425,0.19999999999999996
"[3512, 2336, 2126, 1697, 1687, 1684, 1582, 1556, 1555, 1546, 1172, 1098, 1094, 1068, 934, 851, 618, 600, 596, 588, 582, 564, 553, 529, 442, 407, 283, 162, 144, 124, 97, 86, 80, 77, 76, 64, 59, 54, 40, 35, 32, 30, 28, 25, 15, 13, 4, 2, 1]",0.02463070155128502,0.52,0.46228704304865864,0.3661409803113783,0.591621691081984,0.0
"[6780, 2126, 1697, 1582, 1556, 1555, 1546, 1184, 1098, 1094, 1068, 743, 713, 588, 582, 564, 553, 529, 190, 171, 162, 155, 144, 77, 76, 64, 59, 54, 40, 35, 32, 30, 28, 25, 24, 15, 13, 4, 2]",0.02115304468626997,0.62,0.4290247905203646,0.336293466121389,0.6720637368285788,0.19999999999999996
"[8459, 8385, 8370, 7728, 7361, 7355, 5838, 5705, 5303, 5216, 5208, 4477, 4476, 4475, 3279, 3123, 2611, 2246, 2066, 1872, 1774, 1697, 1553, 1231, 906, 728, 627, 600, 588, 582, 458, 386, 359, 294, 290, 231, 200, 192, 190, 155, 134, 40, 38, 32, 16, 15, 4, 2]",0.021434359805510537,0.53,0.36998429295815183,0.45228435393220534,0.7229503983551786,0.0
"[8540, 8473, 8155, 8053, 7736, 7408, 7232, 7168, 6749, 5492, 5481, 5335, 5187, 5167, 4984, 4728, 4707, 4334, 4332, 4215, 4210, 4197, 4134, 4120, 3677, 3548, 3441, 3167, 3165, 3141, 2650, 2611, 2108, 1918, 1788, 1502, 1376, 1128, 1094, 665, 623, 618, 614, 600, 596, 590, 582, 566, 551, 378, 138, 132, 76, 73, 70, 62, 2]",0.017967122018985874,0.44,0.4202107256552976,0.5140438920820718,0.8003084040092521,0.19999999999999996
"[8467, 8463, 8459, 8453, 8262, 7731, 7703, 7236, 6824, 6219, 5779, 5681, 4925, 4731, 4719, 4491, 4486, 4482, 4477, 4476, 4475, 4471, 4470, 4200, 4179, 3703, 3013, 2733, 2720, 2180, 2054, 2028, 2026, 1907, 1872, 1697, 1678, 1656, 1556, 1553, 1546, 1404, 1324, 1299, 1277, 1231, 1184, 1137, 1026, 978, 951, 906, 856, 851, 734, 627, 618, 600, 588, 553, 527, 458, 446, 428, 413, 392, 386, 359, 294, 290, 231, 219, 192, 190, 173, 171, 132, 124, 86, 80, 77, 73, 62, 59, 54, 51, 49, 42, 38, 32, 30, 24, 16, 15, 14, 2, 1]",0.03794165316045381,0.04,0.43718640410164145,0.39825777139684115,0.3325623233102031,0.19999999999999996
"[8488, 8487, 8441, 8427, 8237, 8213, 8061, 8046, 7954, 7943, 7920, 7514, 7292, 6920, 6836, 6749, 6708, 6687, 6683, 6362, 6260, 5974, 5495, 5452, 4936, 4834, 4707, 4448, 4437, 4264, 4216, 4197, 4037, 3920, 3677, 3417, 3327, 3287, 3165, 2820, 2798, 2796, 2787, 2776, 2650, 2591, 2401, 2360, 2316, 2168, 1894, 1875, 1795, 1717, 1712, 1697, 1585, 1379, 1319, 1307, 1274, 1098, 1094, 772, 722, 713, 582, 291, 229, 222, 210, 209, 205, 70]",0.017477425329937485,0.27,0.43167172597501524,0.6178522868325584,0.8411719352351581,0.19999999999999996
"[8409, 8386, 7900, 6793, 5216, 3227, 3204, 2183, 2180, 2102, 1687, 1674, 1671, 734, 665, 629, 627, 600, 596, 582, 220, 214, 202, 201, 173, 172, 162, 155, 141, 138, 132, 127, 97, 86, 30, 17]",0.01721347534151424,0.65,0.41675115624908887,0.39861934955166745,0.7692109997429967,0.19999999999999996
"[8446, 8376, 8243, 7691, 7347, 7278, 6848, 6715, 6647, 6274, 6236, 5947, 5731, 5704, 5684, 5460, 5444, 5359, 4914, 4880, 4806, 4728, 4650, 4640, 4272, 4038, 3567, 3512, 3402, 3219, 2697, 2336, 2162, 2142, 1918, 1821, 1788, 1326, 1043, 934, 378, 225]",0.009768464922435749,0.59,0.2898281718655551,0.5080275467372355,0.9277820611667952,0.19999999999999996
"[4477, 1556, 1555, 1546, 1068, 564, 553, 529, 54, 35, 32, 30, 25, 24, 15, 13, 4, 2, 1]",0.013816855753646677,0.82,0.35422308211874765,0.277153060803788,0.8093035209457723,0.19999999999999996
"[8574, 8494, 7563, 7526, 7122, 7101, 7092, 7072, 6579, 6536, 6495, 6013, 5989, 5705, 5627, 5498, 5208, 5095, 5078, 4451, 4216, 4028, 3560, 3454, 3419, 3227, 3123, 3037, 2972, 2611, 2479, 2384, 2362, 2126, 2066, 2019, 1953, 1905, 1697, 1687, 1556, 1555, 1546, 1532, 1454, 1450, 1421, 1277, 1199, 1184, 1098, 1094, 1068, 999, 713, 627, 618, 600, 596, 588, 582, 564, 553, 446, 385, 231, 224, 220, 209, 208, 190, 171, 162, 155, 144, 141, 138, 124, 97, 86, 80, 77, 76, 64, 59, 54, 40, 35, 32, 30, 28, 25, 15, 13, 4]",0.033126881222505206,0.06,0.4965376102687803,0.5331889736444816,0.48393729118478546,0.0
"[8459, 8458, 8457, 8453, 8449, 8448, 4495, 4491, 4487, 4485, 4484, 4481, 4480, 4478, 4473, 4470, 4469, 3490, 3227, 3013, 2126, 2066, 2026, 1907, 1904, 1873, 1697, 1687, 1582, 1556, 1555, 1546, 1443, 1420, 1404, 1332, 1296, 1277, 1199, 1184, 1172, 1098, 1094, 1068, 1026, 1022, 920, 904, 880, 856, 851, 824, 806, 713, 627, 618, 600, 596, 588, 582, 564, 553, 529, 442, 429, 392, 382, 294, 276, 231, 224, 220, 209, 208, 190, 171, 162, 155, 144, 141, 138, 124, 97, 86, 80, 77, 76, 64, 59, 54, 40, 35, 32, 30, 28, 25, 15, 13, 4, 2]",0.040679555452651076,0.01,0.4537203835672744,0.35573398253162214,0.16756617836031873,0.19999999999999996
"[5520, 512]",0.00040750173651308175,0.99,0.09080214946890441,0.19312181073730728,0.9966589565664353,0.8
"[7855, 7820, 4]",0.0011819865709655013,0.98,0.14680612345508082,0.21379789469387578,0.9933179131328708,0.6
"[6274, 171]",0.001462144014818245,0.99,0.2029638808013695,0.1928759301022568,0.9910048830634798,0.4
"[8563, 8509, 8493, 8185, 8005, 7896, 7650, 7589, 7204, 7025, 6945, 6579, 6453, 6070, 5584, 5553, 5029, 5020, 4878, 4693, 4658, 4493, 4479, 4475, 4273, 4067, 4033, 3673, 3550, 3533, 3347, 2849, 2708, 2597, 2468, 2397, 2339, 2331, 2183, 2118, 2045, 1961, 1534, 810, 705, 702, 468, 449, 277, 62]",0.01297059504514934,0.51,0.3246081543734666,0.4816603528844843,0.8951426368542791,0.19999999999999996
"[8586, 8498, 8488, 8487, 8441, 8427, 8237, 8213, 8128, 8104, 8061, 8046, 7954, 7943, 7916, 7514, 7145, 7086, 7045, 6981, 6976, 6967, 6954, 6920, 6708, 6687, 6683, 6647, 6631, 6362, 6027, 6010, 5974, 5516, 5495, 5452, 5083, 4995, 4991, 4936, 4834, 4448, 4437, 4264, 4083, 3920, 3900, 3506, 3491, 3417, 3327, 3287, 3026, 2983, 2950, 2878, 2820, 2796, 2787, 2776, 2591, 2401, 2316, 2035, 1894, 1875, 1795, 1717, 1712, 1697, 1585, 1532, 1413, 1379, 1354, 1330, 1319, 1307, 1274, 1188, 1029, 935, 816, 772, 414, 291, 229, 222]",0.017127807362815464,0.13,0.43898442461457676,0.6707429114176404,0.8640452325880237,0.19999999999999996
"[8464, 8462, 8461, 8460, 8262, 8164, 8081, 7731, 7703, 7654, 7236, 6824, 6219, 6092, 5779, 5681, 5549, 5445, 5070, 5058, 4899, 4731, 4719, 4494, 4493, 4486, 4475, 4200, 4179, 4012, 3703, 3536, 3520, 3506, 2972, 2939, 2733, 2720, 2527, 2506, 2454, 2180, 2054, 2002, 1678, 1656, 1556, 1498, 1434, 1398, 1137, 1022, 914, 906, 869, 851, 734, 627, 600, 527, 413, 402, 397, 386, 287, 277, 276, 233, 231, 222, 173, 132, 86, 80, 77, 42, 30, 24, 15]",0.02835610094929382,0.22,0.39199933252551167,0.4737379061722228,0.6353122590593678,0.19999999999999996
"[8467, 8461, 8454, 8302, 8291, 8178, 7924, 7789, 7654, 7526, 7278, 6774, 6236, 6133, 5739, 5731, 5460, 4491, 4199, 4083, 4072, 3950, 3567, 3402, 2796, 2661, 2159, 2142, 1905, 1582, 1556, 1555, 1514, 1299, 1098, 1094, 1068, 738, 582, 564, 553, 512, 474, 64, 59, 54, 40, 35, 32, 30, 28, 25, 15, 2]",0.02144014818244964,0.47,0.3681860473455898,0.4795823831072048,0.7399126188640452,0.0
"[8446, 7968, 7967, 7728, 7482, 7347, 7278, 6848, 6715, 6647, 6236, 5947, 5731, 5704, 5460, 5444, 5359, 5216, 5208, 4806, 4728, 4272, 4038, 3567, 3402, 3123, 2612, 2162, 2142, 2066, 1918, 1788, 1326, 799, 588, 582, 378, 225, 40, 15, 14]",0.013134984950219957,0.6,0.33150575638107327,0.4706053831328929,0.887432536622976,0.19999999999999996
"[8637, 8540, 8488, 8315, 8237, 8213, 8181, 8159, 8155, 8128, 8104, 8053, 7986, 7954, 7943, 7655, 7408, 7235, 7045, 6967, 6836, 6708, 6687, 6683, 6647, 6317, 6010, 5566, 5516, 5492, 5481, 5335, 4984, 4728, 4602, 4580, 4334, 4332, 4302, 4264, 4215, 4210, 3900, 3548, 3506, 3491, 3441, 3399, 3167, 3147, 3064, 2983, 2591, 2540, 2493, 2383, 2016, 1918, 1788, 1731, 1720, 1717, 1712, 1585, 1502, 1491, 1376, 1340, 1319, 935, 816, 623, 414, 378, 335, 291, 4]",0.01624797406807131,0.24,0.4296472200908681,0.639697179789539,0.8722693395014135,0.19999999999999996
"[8459, 8458, 8457, 8453, 8449, 8448, 6021, 4495, 4491, 4487, 4485, 4484, 4481, 4480, 4478, 4474, 4470, 4469, 3490, 3227, 3204, 3013, 2540, 2126, 2026, 1907, 1904, 1873, 1697, 1687, 1582, 1556, 1555, 1443, 1420, 1404, 1332, 1296, 1277, 1199, 1184, 1172, 1098, 1094, 1068, 1022, 920, 904, 880, 856, 851, 824, 806, 713, 627, 618, 600, 596, 588, 582, 564, 553, 442, 429, 392, 382, 294, 276, 231, 224, 220, 209, 208, 171, 162, 155, 144, 141, 138, 124, 97, 86, 80, 77, 76, 64, 59, 54, 40, 28, 25, 15]",0.03836999305394767,0.09,0.4511153415197525,0.3588468548073819,0.2659984579799537,0.19999999999999996
"[8457, 8051, 4477, 4475, 4469, 3056, 2799, 2168, 2102, 1907, 1872, 1687, 1553, 1305, 1184, 1098, 1013, 978, 851, 646, 624, 600, 590, 527, 442, 429, 413, 392, 359, 318, 252, 233, 173, 172, 162, 144, 124, 86, 77, 76, 73, 24, 22, 15]",0.023937253993980088,0.57,0.3872897095553587,0.3475552114717013,0.6535594962734516,0.0
"[8460, 8385, 8370, 8366, 8272, 8240, 7968, 7967, 7963, 7728, 7482, 7361, 5838, 5705, 5406, 5303, 5298, 5216, 5208, 4909, 4899, 4475, 4131, 3279, 3123, 3013, 2854, 2853, 2612, 2246, 2102, 2066, 2026, 1774, 1694, 1443, 1324, 1231, 856, 808, 799, 797, 728, 588, 582, 561, 553, 442, 433, 382, 283, 276, 200, 173, 172, 162, 155, 86, 75, 55, 40, 38, 32, 28, 15, 1]",0.025078721926371846,0.35,0.420881563738306,0.5058335644114367,0.6836288871755333,0.19999999999999996
"[8302, 8291, 8178, 7924, 7789, 7654, 7526, 7278, 6774, 6236, 6133, 5739, 5731, 5705, 5508, 5460, 5216, 5208, 4199, 4083, 4072, 3950, 3567, 3402, 3123, 2796, 2661, 2611, 2159, 2142, 2066, 1905, 1582, 1514, 1098, 1094, 1068, 738, 588, 582, 564, 553, 474, 225, 155, 64, 59, 54, 40, 35, 32, 30, 28, 15, 4]",0.018791386895114608,0.46,0.42546510843435736,0.5431150604085256,0.7828321768182986,0.19999999999999996
"[8446, 6330, 4481, 1420, 778, 247, 2]",0.005862468163926835,0.94,0.24553525601854131,0.24568810589931733,0.9534823952711385,0.19999999999999996
"[8465, 8464, 8449, 4496, 4495, 4493, 4488, 4487, 4485, 4481, 4478, 4475, 4469, 3227, 3177, 2126, 2054, 2028, 1907, 1873, 1707, 1697, 1687, 1582, 1555, 1404, 1296, 1199, 1184, 1172, 1092, 1068, 1022, 978, 920, 880, 856, 851, 713, 627, 623, 618, 600, 596, 527, 442, 433, 429, 318, 240, 231, 220, 219, 209, 208, 201, 190, 171, 165, 162, 155, 144, 141, 138, 132, 124, 97, 86, 80, 77, 64, 42, 24, 15, 2]",0.033177818939569344,0.26,0.41957982726589305,0.3406357528526748,0.42199948599331794,0.0
"[8467, 8463, 8459, 8453, 8409, 8386, 7900, 6793, 5216, 4925, 4491, 4482, 4477, 4476, 4475, 4471, 4470, 3227, 3220, 3204, 3013, 2183, 2180, 2102, 2028, 2026, 1907, 1872, 1697, 1687, 1674, 1671, 1553, 1546, 1404, 1324, 1299, 1277, 1231, 1184, 1026, 978, 951, 906, 856, 734, 665, 629, 627, 618, 600, 596, 588, 582, 553, 458, 446, 428, 413, 392, 386, 359, 294, 290, 231, 220, 219, 214, 202, 201, 192, 190, 173, 172, 171, 162, 155, 141, 138, 132, 124, 97, 86, 73, 62, 59, 54, 51, 49, 38, 32, 30, 23, 17, 16, 14, 2]",0.03907617504051864,0.04,0.44133810233456394,0.38513747197313297,0.2973528655872526,0.19999999999999996
"[8523, 8461, 5216, 4474, 4471, 4470, 3204, 2250, 2183, 2180, 2114, 1873, 856, 629, 627, 618, 600, 596, 590, 582, 276, 214, 208, 132, 97, 86, 76, 75, 30, 17]",0.017078027321139153,0.71,0.35561172639453775,0.33506933278899986,0.7902852737085582,0.0
"[8498, 8487, 8441, 8427, 8392, 8213, 7954, 7943, 7916, 7841, 7292, 6981, 6976, 6954, 6920, 6687, 6683, 6494, 6362, 6338, 6333, 6260, 6010, 5684, 5516, 5452, 5318, 4834, 3920, 3750, 3327, 3287, 3123, 2878, 2820, 2796, 2787, 2776, 2727, 2684, 2591, 2316, 1795, 1330, 1307, 1274, 1219, 772, 722, 699, 564, 512, 414, 386, 229, 222, 210, 209, 205, 58, 55, 54, 1]",0.01637300300995601,0.38,0.4179481555754895,0.611738473034484,0.8493960421485479,0.19999999999999996
"[8574, 8494, 7563, 7526, 7072, 6793, 6536, 6495, 6013, 5989, 5498, 5216, 4491, 4486, 4482, 4477, 4476, 4451, 3454, 3419, 3227, 3220, 3204, 3109, 3013, 2362, 2183, 2180, 2126, 2102, 2028, 2026, 1905, 1697, 1687, 1674, 1671, 1582, 1556, 1461, 1450, 1421, 1420, 1277, 1199, 1184, 1098, 1094, 1068, 978, 951, 914, 906, 629, 627, 618, 600, 596, 588, 582, 564, 458, 446, 428, 413, 392, 386, 385, 231, 224, 220, 209, 208, 190, 171, 162, 155, 144, 141, 138, 132, 124, 97, 86, 80, 77, 76, 64, 59, 54, 40, 30, 28, 25, 17]",0.03668441768927993,0.06,0.44931944072699503,0.47420087589397586,0.4016962220508866,0.0
"[8467, 8464, 8462, 8461, 8460, 8454, 8409, 8386, 8164, 8081, 7900, 7654, 6793, 6092, 5549, 5445, 5070, 5058, 4899, 4494, 4493, 4491, 4475, 4012, 3536, 3520, 3506, 3227, 3220, 2972, 2939, 2709, 2527, 2506, 2454, 2002, 1687, 1674, 1671, 1498, 1434, 1398, 1324, 1299, 1296, 1022, 914, 906, 734, 665, 600, 512, 446, 413, 402, 397, 294, 287, 277, 276, 233, 231, 222, 220, 214, 202, 201, 173, 172, 162, 155, 141, 138, 51, 49, 32, 30, 15]",0.029201203982403334,0.23,0.3813973738577703,0.4056614461092508,0.5934207144692881,0.0
"[8449, 4491, 4490, 4483, 4477, 4476, 4475, 4470, 2026, 1872, 1553, 1404, 1324, 1231, 1094, 978, 906, 904, 665, 446, 429, 359, 294, 290, 277, 219, 192, 162, 87, 65, 62, 51, 49, 38, 32, 31, 30, 26, 16, 12, 2, 1]",0.022198425561472564,0.59,0.3713938306071114,0.2948018539310202,0.6661526599845797,0.19999999999999996
"[8591, 7820, 5639, 512]",0.0006564019448946515,0.97,0.11299620929665866,0.22819016548627868,0.9951169365201747,0.8
"[8460, 8385, 8376, 8370, 8366, 8272, 8243, 8240, 7963, 7691, 7361, 6274, 5838, 5684, 5303, 5298, 4914, 4909, 4899, 4880, 4650, 4640, 4475, 4131, 3898, 3512, 3279, 3219, 3013, 2854, 2853, 2697, 2336, 2246, 2102, 2026, 1821, 1774, 1694, 1443, 1324, 1231, 1043, 934, 856, 808, 797, 728, 561, 553, 442, 433, 382, 283, 276, 200, 190, 173, 172, 162, 155, 86, 75, 55, 38, 32, 28]",0.024172262097707804,0.34,0.41556382813535864,0.553955095345714,0.7185813415574402,0.0
"[8554, 8449, 8423, 8262, 8087, 8013, 7731, 7236, 7028, 6824, 6219, 6035, 5996, 5977, 5831, 5827, 5779, 5681, 5439, 5216, 4814, 4731, 4719, 4421, 4200, 4179, 3912, 3829, 3703, 3449, 3440, 3292, 3257, 2777, 2733, 2720, 2295, 2250, 2233, 1900, 1796, 1727, 1696, 1678, 1656, 1345, 1335, 1317, 1308, 1137, 899, 882, 799, 627, 600, 527, 407, 318, 315, 284, 216, 201, 173, 132, 80, 77, 42, 24, 15]",0.02004630701551285,0.32,0.4012102911465103,0.5117446281914514,0.8021074273965562,0.19999999999999996
"[8523, 8467, 8461, 8454, 5460, 4491, 2709, 2250, 1873, 1324, 1299, 856, 665, 590, 512, 446, 294, 276, 214, 76, 75, 51, 49, 32, 30, 15]",0.015194489465153971,0.75,0.33635138089233285,0.28320557738589824,0.8175276278591621,0.19999999999999996
"[3265, 1546, 529, 35, 32, 30, 13, 4, 2, 1]",0.007498263486918268,0.91,0.3321622434511522,0.21114174808158404,0.9028527370855821,0.19999999999999996
"[8385, 8370, 7728, 7361, 7355, 5838, 5303, 3279, 2246, 1774, 1556, 1555, 1546, 728, 582, 529, 200, 40, 25, 15, 4, 2, 1]",0.010725862468163927,0.78,0.37606910400519733,0.3769730353331614,0.8712413261372398,0.19999999999999996
"[8467, 8463, 5975, 4925, 4491, 4470, 2180, 2170, 2028, 2026, 1546, 1324, 1299, 1277, 978, 734, 618, 588, 446, 417, 390, 219, 86, 62, 59, 54, 51, 30, 1]",0.017034035656401943,0.72,0.3550850696425465,0.3234446518925135,0.7887432536622976,0.19999999999999996
"[8523, 8468, 8467, 8461, 8454, 8164, 7986, 7654, 6092, 5445, 5070, 5058, 4492, 4475, 4237, 3536, 3520, 2939, 2709, 2527, 2506, 2250, 2002, 1873, 1498, 1398, 1299, 1296, 1022, 590, 353, 294, 277, 276, 233, 231, 222, 208, 76, 75, 32, 31, 26, 15, 14, 13]",0.020348460291734198,0.55,0.34483441117414915,0.3793169859734292,0.7422256489334361,0.19999999999999996
"[8243, 7741, 7691, 7365, 6715, 6621, 6274, 5947, 5704, 5684, 5460, 5444, 4914, 4880, 4806, 4650, 4640, 4038, 3512, 3402, 3219, 2973, 2697, 2336, 1821, 1043, 934]",0.004842556147256309,0.74,0.2737050747876245,0.49205252042548664,0.9660755589822667,0.4
"[8467, 8465, 8464, 5512, 4776, 4497, 4496, 4493, 4488, 4487, 4485, 4478, 4477, 4476, 4469, 3964, 3941, 3227, 2454, 2126, 2102, 2028, 1907, 1901, 1872, 1697, 1694, 1687, 1582, 1556, 1555, 1553, 1546, 1404, 1305, 1296, 1231, 1184, 1128, 1098, 1092, 1068, 1043, 1022, 978, 951, 946, 920, 880, 817, 808, 734, 627, 624, 614, 590, 564, 553, 529, 416, 402, 359, 318, 290, 283, 240, 231, 219, 209, 201, 173, 172, 165, 162, 144, 141, 87, 86, 76, 73, 64, 59, 54, 40, 36, 35, 32, 31, 30, 28, 25, 22, 15, 13]",0.03862468163926835,0.07,0.44020476560539157,0.3613330826029354,0.2737085582112567,0.19999999999999996
"[8586, 8498, 8488, 8487, 8441, 8427, 8237, 8128, 8104, 8061, 8046, 7916, 7514, 7145, 7086, 6981, 6976, 6967, 6954, 6920, 6708, 6687, 6647, 6631, 6362, 6027, 5974, 5495, 5452, 5083, 4995, 4991, 4936, 4834, 4448, 4437, 4264, 4083, 3920, 3900, 3506, 3491, 3417, 3327, 3287, 3026, 2983, 2950, 2916, 2878, 2820, 2796, 2787, 2776, 2709, 2591, 2401, 2316, 2035, 2006, 1894, 1875, 1873, 1795, 1712, 1697, 1585, 1532, 1379, 1354, 1330, 1319, 1307, 1274, 1188, 935, 856, 816, 772, 590, 414, 291, 229, 222, 214, 208, 75, 1]",0.021025700393609632,0.13,0.4709405348443694,0.6792926350979804,0.8105885376509895,0.19999999999999996
"[8467, 8465, 8464, 8456, 4600, 4497, 4487, 4485, 4478, 4477, 4476, 4475, 4469, 3227, 2126, 2102, 2054, 1907, 1904, 1873, 1872, 1697, 1694, 1687, 1582, 1556, 1555, 1553, 1546, 1404, 1332, 1305, 1296, 1231, 1184, 1128, 1098, 1094, 1092, 1068, 1026, 920, 906, 880, 817, 808, 736, 734, 627, 624, 614, 600, 596, 590, 564, 553, 529, 458, 442, 407, 386, 359, 318, 290, 283, 240, 231, 219, 209, 201, 173, 172, 165, 162, 144, 141, 138, 87, 86, 76, 73, 64, 62, 59, 54, 40, 36, 35, 32, 31, 30, 28, 25, 22, 15, 13, 4, 2, 1]",0.040854364436212084,0.02,0.44412741004833767,0.3471890014524598,0.16628116165510154,0.19999999999999996
"[8467, 8465, 8464, 8372, 8243, 7055, 6658, 5684, 4880, 4650, 4497, 4496, 4493, 4488, 4487, 4485, 4481, 4478, 4477, 4476, 4475, 4474, 4469, 4227, 3888, 3826, 3512, 3227, 3219, 3013, 2821, 2454, 2336, 2126, 2028, 1907, 1872, 1821, 1707, 1694, 1687, 1404, 1305, 1296, 1231, 1128, 1098, 1092, 1043, 1022, 978, 951, 946, 934, 920, 880, 851, 817, 808, 734, 627, 624, 614, 590, 442, 429, 402, 359, 318, 290, 283, 240, 231, 219, 209, 201, 173, 165, 144, 141, 86, 77, 76, 73, 64]",0.03324380643667516,0.16,0.4289254171510921,0.3773095427435472,0.44127473657157545,0.19999999999999996
"[8446, 7278, 6647, 6236, 5731, 5704, 5460, 5444, 5359, 5216, 5208, 4806, 4728, 4038, 3567, 3402, 2162, 2142, 1918, 1788, 588, 582, 378, 225, 80]",0.007786524658485761,0.76,0.2957970421045053,0.38838396792909835,0.9385762014906194,0.19999999999999996
"[8554, 8464, 8463, 8462, 8461, 8460, 8262, 8013, 7731, 7703, 7236, 7028, 6824, 6698, 6219, 6070, 5996, 5977, 5947, 5779, 5681, 5584, 5439, 5029, 5020, 4914, 4880, 4731, 4719, 4486, 4421, 4200, 4179, 4067, 3912, 3703, 3550, 3533, 3512, 3449, 3440, 2733, 2720, 2468, 2336, 2054, 2045, 1961, 1900, 1821, 1678, 1656, 1556, 1534, 1345, 1335, 1317, 1301, 1137, 934, 882, 869, 851, 799, 734, 627, 600, 527, 468, 449, 413, 315, 233, 231, 222, 173, 132, 80, 77, 42, 24, 15]",0.02498147719379486,0.19,0.3809638854439451,0.5032249844808756,0.7278334618350039,0.19999999999999996
"[8467, 8465, 8456, 7309, 6749, 4925, 4707, 4497, 4493, 4488, 4478, 4477, 4474, 4448, 3677, 3227, 3165, 3013, 2540, 2250, 2126, 2102, 2026, 1907, 1872, 1707, 1687, 1648, 1555, 1546, 1443, 1405, 1404, 1332, 1299, 1231, 1128, 1092, 1068, 1026, 1022, 920, 880, 856, 817, 734, 627, 618, 614, 590, 588, 582, 553, 529, 442, 429, 418, 402, 370, 318, 240, 231, 222, 219, 214, 201, 200, 192, 173, 172, 165, 141, 97, 86, 76, 70, 67, 64, 58, 55, 54, 40, 38, 36, 35, 32, 31, 26, 24, 22, 20, 8, 2]",0.03848228756656634,0.08,0.43865710274283787,0.3730514060822633,0.2891287586738628,0.19999999999999996
"[8586, 8509, 8493, 8399, 8171, 8101, 8061, 8051, 8046, 7589, 7514, 7204, 7122, 7101, 7092, 6945, 6819, 6817, 6579, 6506, 6453, 6097, 6027, 5993, 5974, 5821, 5627, 5495, 5276, 5109, 5095, 5078, 4995, 4991, 4878, 4756, 4658, 4494, 4483, 4475, 4469, 4448, 4437, 4273, 4028, 3791, 3743, 3703, 3560, 3417, 3347, 3056, 3044, 3037, 2972, 2950, 2849, 2708, 2670, 2597, 2401, 2339, 2331, 2267, 2183, 2157, 2019, 1953, 1907, 1894, 1889, 1745, 1532, 1379, 1013, 999, 978, 914, 906, 894, 810, 683, 429, 424, 402, 386, 277]",0.02160338041213244,0.14,0.3730694300912182,0.5897738568556734,0.799023387304035,0.19999999999999996
"[8637, 8540, 8488, 8315, 8237, 8213, 8159, 8155, 8128, 8104, 8053, 7954, 7943, 7655, 7408, 7235, 7045, 6967, 6836, 6708, 6687, 6683, 6317, 6010, 5639, 5566, 5516, 5492, 5481, 5335, 4984, 4728, 4580, 4443, 4334, 4332, 4302, 4264, 4215, 4210, 3900, 3548, 3506, 3491, 3441, 3399, 3167, 2983, 2591, 2540, 2493, 2383, 2016, 1918, 1788, 1731, 1720, 1717, 1712, 1585, 1502, 1491, 1376, 1340, 1319, 935, 816, 623, 512, 414, 378, 335, 291]",0.014971058115304468,0.28,0.41742141217589324,0.6089480423202891,0.8812644564379337,0.19999999999999996
"[8467, 8465, 8464, 4469, 3227, 2126, 2102, 2054, 1907, 1872, 1697, 1694, 1688, 1687, 1582, 1556, 1555, 1553, 1546, 1305, 1296, 1231, 1184, 1128, 1098, 1092, 1068, 1026, 880, 817, 808, 734, 627, 624, 590, 564, 553, 529, 359, 318, 290, 283, 240, 231, 219, 209, 201, 173, 172, 165, 162, 144, 141, 87, 86, 76, 73, 64, 59, 54, 40, 36, 35, 32, 31, 30, 28, 25, 22, 15, 13, 4, 2, 1]",0.03458786756193563,0.27,0.42253843854687845,0.35468256126609665,0.3834489848368029,0.0
"[8377, 7378, 7343, 7309, 6862, 6861, 6292, 5796, 5787, 5348, 5316, 5314, 5269, 4756, 3298, 3227, 2705, 2269, 1687, 1546, 903, 744, 141, 38, 36, 35, 32, 26, 24, 22, 20, 8]",0.012815466543181293,0.69,0.37464610274165977,0.3732523496215243,0.8475970187612439,0.19999999999999996
"[8574, 8494, 8128, 7563, 7526, 7166, 7145, 7072, 6631, 6579, 6536, 6495, 6013, 5989, 5498, 5083, 4451, 4083, 3454, 3419, 3227, 3026, 2479, 2384, 2362, 2126, 2035, 1905, 1697, 1687, 1450, 1421, 1277, 1199, 1184, 1098, 713, 627, 618, 600, 596, 588, 512, 446, 385, 231, 224, 220, 209, 208, 190, 171, 162, 155, 144, 141, 138, 124, 97, 86, 80, 77]",0.02254572817781894,0.39,0.44802891329421923,0.5135293176500201,0.7106142379850938,0.19999999999999996
"[8464, 8462, 8461, 8460, 8262, 8164, 8081, 7741, 7731, 7703, 7654, 7236, 6824, 6219, 6092, 5779, 5681, 5549, 5445, 5070, 5058, 4899, 4731, 4719, 4494, 4493, 4486, 4475, 4227, 4200, 4179, 3703, 3536, 3520, 3506, 2972, 2939, 2821, 2733, 2720, 2527, 2506, 2454, 2180, 2054, 2002, 1678, 1656, 1556, 1498, 1434, 1398, 1137, 1022, 914, 906, 869, 851, 734, 627, 600, 413, 402, 397, 386, 287, 277, 276, 233, 231, 222, 173, 132, 86, 80, 77, 42, 30, 18]",0.027761055799953693,0.22,0.3902109938623104,0.47943984273194973,0.6622976098689283,0.0
"[8467, 8463, 8164, 7654, 5975, 5070, 4925, 4491, 4475, 4470, 3536, 2939, 2527, 2180, 2170, 2028, 2026, 2002, 1546, 1498, 1398, 1324, 1299, 1277, 1022, 978, 734, 618, 588, 446, 417, 390, 353, 233, 231, 222, 219, 62, 59, 54, 51, 30, 1]",0.020216485297522575,0.58,0.35252416968495626,0.36048665242410727,0.7555898226676947,0.0
"[8385, 8370, 7728, 7361, 7355, 7164, 5838, 5303, 4475, 4469, 3279, 3177, 2246, 2126, 2028, 1907, 1873, 1774, 1707, 1697, 1582, 1556, 1555, 1546, 1199, 1092, 1068, 1022, 978, 880, 856, 851, 728, 713, 627, 623, 618, 600, 596, 582, 529, 442, 433, 429, 318, 240, 231, 220, 219, 209, 208, 201, 200, 190, 171, 165, 162, 124, 97, 86, 80, 77, 64, 42, 40, 25, 15, 4, 2, 1]",0.030618198657096553,0.31,0.44656459504957424,0.43393830981262627,0.5330249293240812,0.0
"[8446, 6740, 6506, 6330, 5229, 3204, 1889, 836]",0.0017932391757351238,0.93,0.16641227878493314,0.26636447298981103,0.9884348496530455,0.4
"[8385, 8370, 7361, 7355, 6160, 6048, 5838, 5656, 5303, 4524, 3614, 3279, 2607, 2314, 2246, 2091, 2076, 1774, 1567, 1068, 728, 582, 200]",0.005980551053484603,0.78,0.30753934187010556,0.44110113343836077,0.9480853251092264,0.19999999999999996
"[8464, 8462, 8461, 8460, 8409, 8386, 8164, 8081, 7900, 7654, 6092, 5705, 5549, 5445, 5208, 5070, 5058, 4899, 4494, 4493, 4475, 4012, 3536, 3520, 3506, 3227, 2972, 2939, 2611, 2527, 2506, 2454, 2066, 2002, 1687, 1546, 1498, 1434, 1398, 1296, 1022, 914, 906, 806, 734, 665, 627, 600, 596, 588, 582, 413, 402, 397, 386, 287, 277, 276, 233, 231, 222, 220, 214, 202, 201, 173, 172, 162, 155, 141, 138, 97, 86, 35, 32, 30, 15, 13, 4]",0.03146214401481824,0.22,0.4049190184786109,0.4498041539812865,0.5371369827807762,0.0
"[8574, 8494, 7563, 7526, 7072, 6649, 6579, 6536, 6495, 6013, 5989, 5705, 5498, 5208, 4451, 4067, 3454, 3419, 3227, 3123, 2611, 2479, 2384, 2362, 2126, 2066, 2045, 1905, 1697, 1687, 1556, 1555, 1546, 1534, 1450, 1421, 1277, 1199, 1184, 1098, 1094, 1068, 713, 627, 618, 600, 596, 588, 582, 564, 553, 385, 231, 224, 220, 209, 208, 190, 171, 162, 155, 144, 141, 138, 124, 97, 86, 80, 77, 76, 64, 59, 54, 40, 35, 32, 30, 28, 25, 15, 13, 4]",0.030816161148413984,0.19,0.4809162084062143,0.46769295330821614,0.5093806219480853,0.19999999999999996
"[5975, 1556, 564, 54, 25]",0.0037693910627460063,0.96,0.2664681310478265,0.23567662545442958,0.9604214854793113,0.19999999999999996
"[1555, 1546, 1026, 529, 40, 38, 36, 35, 32, 31, 26, 24, 22, 20, 8, 2]",0.011192405649455893,0.85,0.3654226332671895,0.2091567204817808,0.8398869185299409,0.19999999999999996
"[8574, 8494, 7563, 7526, 7122, 7101, 7092, 7072, 6793, 6579, 6536, 6495, 6013, 5989, 5627, 5498, 5216, 5095, 5078, 4451, 4216, 4028, 3588, 3560, 3454, 3419, 3227, 3220, 3204, 3037, 2972, 2479, 2384, 2362, 2183, 2180, 2126, 2102, 2019, 1953, 1905, 1697, 1687, 1674, 1671, 1556, 1555, 1532, 1454, 1450, 1421, 1277, 1199, 1184, 1098, 1094, 1068, 999, 713, 629, 627, 618, 600, 596, 582, 564, 553, 446, 385, 231, 224, 220, 209, 208, 190, 171, 162, 155, 144, 141, 138, 132, 124, 97, 86, 80, 76, 64, 59, 54, 40, 30, 28, 25, 17]",0.032654549664274134,0.06,0.49101080427772936,0.5383438163404908,0.5294268825494731,0.0
"[8450, 7822, 1556, 1555, 1546, 1094, 1068, 624, 582, 564, 553, 529, 76, 64, 59, 54, 40, 35, 32, 30, 28, 25, 24, 15, 13, 8, 4]",0.017102338504283398,0.74,0.38586082244611186,0.3000132670293596,0.7537907992803906,0.19999999999999996
"[8488, 8487, 8441, 8427, 8237, 8061, 8046, 7954, 7943, 7920, 7514, 7292, 6920, 6836, 6749, 6708, 6687, 6362, 6260, 5974, 5495, 5452, 4936, 4834, 4707, 4493, 4448, 4437, 4264, 4216, 4197, 4037, 3920, 3677, 3417, 3327, 3287, 3165, 2820, 2798, 2796, 2787, 2776, 2650, 2591, 2401, 2360, 2316, 2183, 2168, 1894, 1875, 1795, 1717, 1712, 1697, 1585, 1379, 1319, 1307, 1274, 1098, 1094, 772, 722, 713, 582, 291, 229, 222, 210, 209, 70, 51]",0.0190576522343135,0.27,0.3968254955725915,0.6351487844946594,0.8303777949113338,0.19999999999999996
"[8450, 8449, 4490, 4483, 1404, 1094, 904, 665, 429, 162, 87, 32, 31, 12, 8, 4]",0.011700625144709422,0.85,0.30105071854831633,0.25928621520816997,0.8730403495245438,0.0
"[8467, 8302, 8291, 8178, 7924, 7789, 7654, 7526, 7278, 6774, 6236, 6133, 5739, 5731, 5460, 4199, 4083, 4072, 3950, 3567, 2796, 2661, 2159, 2142, 2102, 1905, 1555, 1546, 1514, 1299, 1068, 1026, 738, 582, 553, 529, 474, 64, 58, 55, 54, 40, 38, 36, 35, 32, 31, 26, 24, 22, 20, 8, 2]",0.020843945357721695,0.48,0.40299486492000525,0.5039351497339986,0.7229503983551786,0.19999999999999996
"[8523, 8243, 6658, 6462, 5684, 4880, 4788, 4461, 4227, 3888, 3628, 3512, 3219, 3013, 2454, 2336, 2250, 1821, 1046, 200]",0.0057987960175966665,0.81,0.3119376423014196,0.422551805547832,0.9498843484965305,0.19999999999999996
"[4474, 4471, 2709, 1873, 856, 600, 590, 214, 208, 75, 1]",0.008286640426024542,0.9,0.2835448562746059,0.23864532654797754,0.9126188640452326,0.19999999999999996
"[8467, 8465, 8456, 5106, 4497, 4493, 4488, 4478, 4477, 4474, 4058, 3227, 3033, 2126, 2102, 2054, 2028, 2026, 1907, 1872, 1697, 1694, 1687, 1582, 1556, 1555, 1553, 1546, 1405, 1332, 1296, 1231, 1184, 1128, 1098, 1094, 1092, 1068, 1026, 978, 946, 920, 880, 817, 736, 734, 627, 624, 614, 600, 596, 590, 564, 553, 529, 402, 318, 240, 231, 219, 209, 201, 173, 172, 165, 162, 144, 141, 138, 87, 86, 76, 73, 64, 62, 59, 54, 40, 36, 35, 32, 31, 30, 28, 25, 22, 15, 13, 4, 2, 1]",0.03888978930307942,0.1,0.4379437112109349,0.360489968301267,0.2683114880493447,0.19999999999999996
"[8563, 8509, 8493, 8185, 8005, 7896, 7589, 7204, 6945, 6579, 6453, 5029, 5020, 4949, 4878, 4693, 4658, 4493, 4479, 4475, 4273, 3673, 3347, 2849, 2708, 2597, 2468, 2397, 2339, 2331, 2183, 2118, 810, 705, 702, 277, 62]",0.010392451956471404,0.64,0.2900829267160313,0.44214068062412926,0.9167309175019275,0.19999999999999996
"[8451, 8447, 8446, 5189, 4925, 4494, 4492, 4491, 4483, 4477, 4472, 4471, 4468, 3490, 3227, 2054, 2026, 1663, 1443, 1420, 1277, 1128, 920, 889, 880, 627, 527, 370, 318, 290, 231, 219, 214, 172, 144, 141, 86, 76, 70, 25, 15, 2]",0.022553831905533686,0.59,0.37895471608830233,0.3053403324045757,0.6502184528398869,0.19999999999999996
"[8554, 8423, 8262, 8206, 8013, 7996, 7731, 7236, 7028, 6956, 6824, 6240, 6219, 6160, 6070, 5996, 5977, 5836, 5827, 5779, 5681, 5656, 5584, 5216, 5150, 5029, 5020, 4814, 4757, 4731, 4719, 4493, 4200, 4179, 4067, 3912, 3829, 3703, 3614, 3550, 3533, 3512, 3449, 3440, 3292, 3257, 3227, 2949, 2777, 2733, 2720, 2607, 2468, 2336, 2295, 2250, 2233, 2091, 2045, 1961, 1900, 1796, 1678, 1656, 1567, 1543, 1534, 1335, 1308, 1212, 1068, 1024, 934, 882, 799, 628, 627, 600, 468, 449, 284, 216]",0.01838504283398935,0.19,0.3845993829148294,0.5697753294661166,0.8437419686455924,0.19999999999999996
"[8586, 8498, 8488, 8487, 8450, 8441, 8427, 8237, 8128, 8104, 8061, 8046, 7916, 7514, 7145, 7086, 6981, 6976, 6967, 6954, 6920, 6708, 6687, 6647, 6631, 6362, 5974, 5915, 5495, 5452, 5083, 4995, 4991, 4936, 4834, 4448, 4437, 4264, 4083, 3920, 3900, 3506, 3491, 3417, 3327, 3287, 3026, 2983, 2950, 2916, 2878, 2820, 2796, 2787, 2776, 2591, 2401, 2316, 2035, 1894, 1875, 1795, 1712, 1697, 1585, 1555, 1546, 1532, 1379, 1354, 1330, 1319, 1307, 1274, 1188, 935, 816, 772, 529, 414, 291, 229, 222, 214, 15, 13, 8, 4]",0.0217700856679787,0.13,0.44239284642347065,0.6616239024565669,0.7931123104600359,0.19999999999999996
"[8467, 8465, 8456, 8385, 8370, 7728, 7361, 7355, 7309, 5838, 5303, 4925, 4497, 4493, 4488, 4478, 4477, 4474, 4448, 4058, 3447, 3279, 3227, 3033, 2250, 2246, 2126, 2028, 2026, 1907, 1872, 1707, 1697, 1687, 1648, 1582, 1556, 1555, 1546, 1405, 1404, 1332, 1299, 1231, 1199, 1128, 1092, 1068, 978, 946, 920, 880, 856, 817, 734, 713, 627, 618, 582, 529, 442, 433, 429, 402, 370, 318, 240, 231, 222, 219, 214, 201, 200, 192, 190, 173, 172, 171, 165, 162, 141, 97, 86, 77, 64, 42, 40, 25, 15, 4, 2, 1]",0.03726325538319055,0.09,0.43580792461027673,0.3967300467167042,0.3795939347211513,0.0
"[8458, 8457, 8453, 8449, 8448, 8164, 7654, 4790, 4491, 4480, 4478, 4474, 4470, 4469, 3227, 3204, 2527, 2126, 1907, 1904, 1873, 1697, 1687, 1582, 1556, 1555, 1404, 1332, 1296, 1277, 1199, 1184, 1172, 1098, 1094, 1068, 1022, 880, 856, 851, 824, 806, 713, 627, 618, 600, 596, 588, 582, 564, 553, 382, 294, 276, 231, 224, 220, 209, 208, 171, 162, 155, 144, 141, 138, 124, 97, 86, 80, 77, 76, 64, 59, 54, 40, 28, 25, 15]",0.03458439453577217,0.23,0.42169243501698217,0.381593012416811,0.4045232588023644,0.19999999999999996
"[8637, 8574, 8494, 8181, 8159, 8128, 7655, 7563, 7526, 7166, 7145, 7072, 6631, 6579, 6536, 6495, 6013, 5989, 5498, 5083, 4896, 4602, 4580, 4451, 4083, 3454, 3419, 3064, 3026, 2540, 2479, 2384, 2362, 2126, 2035, 2016, 1905, 1697, 1687, 1450, 1438, 1421, 1277, 1199, 1184, 1098, 713, 627, 618, 600, 596, 588, 512, 446, 385, 231, 224, 220, 209, 208, 190, 171, 162, 155, 144, 141, 138, 124, 97, 86, 80, 77]",0.0238724241722621,0.29,0.45341369822760413,0.5609037629608535,0.7067591878694424,0.0
"[7990, 3589, 3050, 2387]",0.0006054642278305164,0.97,0.10222016226479558,0.22753223719473747,0.995887946543305,1.0
"[8563, 8509, 8493, 8185, 8005, 7896, 7650, 7589, 7204, 7025, 6945, 6579, 6453, 6070, 5584, 5553, 4878, 4693, 4658, 4493, 4479, 4475, 4273, 4033, 3673, 3550, 3533, 3347, 2849, 2708, 2597, 2397, 2339, 2331, 2183, 2118, 2045, 1961, 1534, 810, 705, 702, 468, 449, 277, 143, 62]",0.012570039360963186,0.54,0.3116680453861902,0.4730312027403054,0.8966846569005397,0.19999999999999996
"[7855, 7820, 4475, 2018, 1774, 382, 4]",0.0037798101412363973,0.94,0.22487193135973493,0.274847104882764,0.9727576458493961,0.19999999999999996
"[8385, 8370, 7728, 7361, 7355, 7164, 5838, 5303, 4475, 4469, 3177, 2246, 2126, 2028, 1907, 1873, 1774, 1707, 1582, 1556, 1555, 1546, 1199, 1092, 1068, 1022, 978, 880, 856, 851, 728, 713, 627, 623, 618, 600, 596, 582, 529, 442, 433, 429, 318, 240, 231, 220, 219, 209, 208, 201, 200, 190, 171, 124, 97, 86, 80, 77, 64, 42, 32, 30, 25, 24, 15, 13, 4, 2, 1]",0.03039592498263487,0.32,0.4421890542657283,0.42820586375583825,0.5301978925726034,0.19999999999999996
"[8554, 8376, 8291, 8243, 8087, 8013, 7691, 7654, 7650, 7526, 7347, 7278, 7135, 7028, 6848, 6715, 6274, 6236, 6133, 6070, 6035, 5996, 5977, 5947, 5739, 5731, 5704, 5584, 5460, 5444, 5439, 5029, 5020, 4914, 4880, 4806, 4650, 4640, 4421, 4272, 4199, 4072, 4038, 3912, 3567, 3550, 3533, 3512, 3449, 3440, 3402, 3219, 2958, 2796, 2697, 2661, 2468, 2336, 2148, 2142, 2054, 2045, 1961, 1900, 1821, 1697, 1534, 1514, 1345, 1335, 1317, 1308, 1092, 1043, 978, 934, 899, 882, 799, 738, 474, 468, 449, 416, 407, 402, 315, 284, 240, 225, 165, 87, 64, 36]",0.022877981014123642,0.07,0.4605869701900084,0.5968581658771908,0.79491133384734,0.19999999999999996
"[8637, 8540, 8488, 8237, 8213, 8159, 8155, 8128, 8104, 8053, 7954, 7943, 7655, 7408, 7235, 7045, 6967, 6836, 6708, 6687, 6683, 6317, 6010, 5639, 5566, 5516, 5492, 5481, 5335, 4984, 4580, 4443, 4334, 4332, 4302, 4264, 4215, 4210, 3900, 3548, 3506, 3491, 3441, 3399, 3167, 2983, 2591, 2540, 2493, 2383, 2016, 1978, 1731, 1720, 1717, 1712, 1585, 1502, 1491, 1376, 1340, 1319, 935, 816, 623, 512, 414, 335, 291]",0.01403218337578143,0.32,0.4061671464401646,0.6040657412632839,0.8920585967617579,0.19999999999999996
"[8467, 8465, 8464, 8385, 8376, 8370, 8243, 7691, 7361, 6274, 5838, 5684, 5303, 4914, 4909, 4899, 4880, 4650, 4640, 4469, 3512, 3279, 3227, 3219, 2892, 2854, 2853, 2697, 2336, 2246, 2102, 1907, 1872, 1821, 1774, 1697, 1694, 1688, 1687, 1305, 1296, 1231, 1184, 1128, 1043, 934, 817, 808, 734, 728, 627, 624, 553, 359, 318, 290, 283, 240, 231, 219, 209, 201, 200, 173, 172, 165, 162, 155, 144, 141, 87, 86, 32, 28]",0.02866172725167863,0.27,0.39140698629250725,0.46241018070972195,0.6276021588280647,0.0
"[8454, 6793, 6330, 4490, 4237, 3220, 3083, 629, 599, 512]",0.00363510071775874,0.91,0.2057249576399517,0.2889405134898543,0.9745566692367,0.19999999999999996
"[8574, 8494, 8128, 7563, 7526, 7166, 7145, 7072, 6631, 6579, 6536, 6495, 6013, 5989, 5498, 5083, 4451, 4083, 3454, 3419, 3227, 3026, 2479, 2384, 2362, 2126, 2035, 1905, 1697, 1687, 1450, 1421, 1277, 1199, 1184, 1098, 713, 627, 618, 600, 596, 588, 512, 446, 385, 231, 224, 220, 209, 208, 190, 171, 162, 155, 144, 141, 138, 97, 86, 80, 77]",0.022311877749479046,0.4,0.45450517990643724,0.5140303996441232,0.717296324852223,0.19999999999999996
"[8540, 8468, 8467, 8458, 8457, 8436, 8377, 8053, 7926, 7378, 7343, 7309, 7086, 6967, 6862, 6861, 6292, 6010, 5796, 5787, 5566, 5516, 5492, 5481, 5415, 5348, 5316, 5314, 5269, 4984, 4859, 4843, 4756, 4495, 4443, 3900, 3858, 3506, 3491, 3441, 3298, 3227, 2983, 2705, 2493, 2435, 2333, 2315, 2269, 1813, 1808, 1803, 1687, 1546, 1443, 1420, 1409, 1376, 1340, 1319, 1296, 935, 906, 816, 744, 529, 414, 407, 335, 276, 141, 38, 36, 35, 32, 26, 24, 22, 20, 8]",0.026034961796712202,0.21,0.38936572448538853,0.4975972729845779,0.7039321511179646,0.19999999999999996
"[8468, 8171, 6506, 5993, 5109, 4829, 4495, 4475, 3703, 3227, 3113, 3056, 3044, 2799, 2670, 2267, 2157, 2026, 1889, 1745, 1687, 1420, 894, 836, 512, 429, 407, 290, 141, 87, 65, 26, 24, 22]",0.01510997916184302,0.67,0.337066005787658,0.4380006553513178,0.8468260087381136,0.19999999999999996
"[8243, 5684, 4880, 4652, 4640, 4227, 3512, 3219, 2964, 2821, 2336, 1821, 1043, 934, 192]",0.003829590182912711,0.86,0.2698768669544339,0.379562154050732,0.9655615523001799,0.4
"[8488, 8487, 8441, 8427, 8237, 8061, 8046, 7954, 7943, 7920, 7514, 7292, 6920, 6836, 6793, 6749, 6708, 6703, 6362, 6260, 5974, 5639, 5495, 5452, 4936, 4834, 4707, 4490, 4448, 4437, 4264, 4216, 4197, 4037, 3920, 3677, 3417, 3327, 3287, 3204, 3165, 2820, 2798, 2796, 2787, 2776, 2650, 2401, 2360, 2316, 2168, 1894, 1875, 1795, 1717, 1712, 1697, 1585, 1379, 1319, 1307, 1274, 1098, 1094, 772, 722, 713, 582, 291, 229, 222, 210, 209, 205, 70]",0.019018291271127575,0.26,0.39090640824559353,0.6211835824467862,0.8368028784374197,0.19999999999999996
"[7660, 2846, 2126, 2066, 2026, 1687, 1582, 1556, 1555, 1546, 1172, 1098, 1094, 1068, 627, 618, 600, 596, 588, 582, 553, 382, 276, 162, 155, 144, 141, 138, 124, 97, 80, 77, 76, 64, 59, 54, 40, 35, 30, 25, 15, 14, 13, 4]",0.022171799027552674,0.57,0.429637123743569,0.3606979005381805,0.6530454895913647,0.19999999999999996
"[2126, 2102, 2054, 1582, 1556, 1555, 1553, 1546, 1377, 1128, 1098, 1094, 1092, 1068, 1026, 627, 624, 614, 600, 596, 590, 564, 553, 529, 87, 86, 76, 73, 64, 62, 59, 54, 40, 36, 35, 32, 31, 30, 28, 25, 22, 15, 13, 4, 2, 1]",0.023834220884463995,0.55,0.4524029277413877,0.317606543114748,0.5844255975327679,0.19999999999999996
[2551],0.00018059736050011577,1.0,0.04567845308120455,0.1674453888423022,0.9984579799537394,1.0
"[7731, 6824, 6160, 6048, 5779, 5681, 5656, 3614, 3299, 3279, 3257, 2733, 2720, 2607, 2314, 2295, 2091, 2076, 1796, 1774, 1678, 1567, 1068]",0.00463996295438759,0.78,0.27176823542612294,0.41044401118531326,0.9624775122076586,0.4
"[6147, 1697, 1556, 1555, 1546, 1184, 600, 529, 208, 162, 144, 40, 35, 32, 30, 28, 25, 24, 15, 13, 4, 2]",0.014146793239175736,0.79,0.39789357915869106,0.27778826320176964,0.8039064507838602,0.19999999999999996
"[7820, 1026, 223]",0.0014482519101643898,0.98,0.19830065558538257,0.18821796426655923,0.9889488563351324,0.6
"[8461, 8451, 8450, 8447, 4493, 4492, 4488, 4483, 4482, 4476, 4474, 4471, 3204, 3013, 2250, 2180, 2126, 2102, 1907, 1873, 1697, 1663, 1582, 1556, 1555, 1553, 1326, 1199, 1098, 1094, 1068, 856, 627, 618, 600, 596, 590, 588, 582, 564, 553, 442, 428, 413, 402, 385, 294, 277, 231, 220, 214, 208, 171, 144, 124, 97, 86, 80, 77, 76, 75, 64, 59, 55, 54, 40, 28, 26, 25, 17, 15]",0.03272169483676777,0.3,0.41362502286361547,0.3145903302055464,0.4145463891030583,0.19999999999999996
"[8574, 8494, 8488, 8427, 8104, 8037, 7916, 7563, 7526, 7122, 7101, 7092, 7086, 7072, 6967, 6708, 6687, 6647, 6579, 6536, 6495, 6362, 6013, 5989, 5627, 5498, 5095, 5078, 4834, 4451, 4264, 4216, 4028, 3900, 3560, 3506, 3491, 3454, 3419, 3287, 3227, 3037, 2983, 2972, 2916, 2796, 2787, 2776, 2709, 2591, 2479, 2384, 2362, 2019, 2006, 1953, 1905, 1873, 1712, 1697, 1687, 1585, 1532, 1454, 1450, 1421, 1319, 1277, 1199, 1188, 1184, 999, 935, 856, 816, 713, 590, 446, 414, 385, 291, 231, 229, 224, 220, 214, 209, 208, 190, 171, 162, 141, 138, 75, 1]",0.027891873118777496,0.06,0.4781779217692549,0.6318784773681358,0.6897969673605757,0.19999999999999996
"[8554, 8291, 8087, 8013, 7728, 7654, 7650, 7526, 7278, 7168, 7135, 7028, 6700, 6236, 6070, 6035, 5996, 5977, 5739, 5731, 5705, 5704, 5584, 5460, 5439, 5208, 5029, 5020, 4487, 4421, 4199, 4072, 4038, 3912, 3567, 3550, 3533, 3449, 3440, 3123, 2958, 2796, 2661, 2612, 2468, 2454, 2148, 2142, 2054, 2045, 1961, 1900, 1872, 1697, 1687, 1546, 1534, 1514, 1404, 1345, 1335, 1317, 1308, 1098, 1092, 1022, 978, 899, 882, 799, 738, 624, 588, 474, 468, 449, 416, 407, 402, 359, 315, 284, 240, 225, 173, 165, 138, 132, 87, 76, 64, 40, 36, 2]",0.029157212317666128,0.07,0.44085005469815364,0.5794568215351485,0.6694937034181445,0.0
"[8467, 8302, 8291, 8178, 7924, 7789, 7654, 7526, 7278, 6774, 6236, 6133, 5739, 5512, 5460, 4776, 4199, 4083, 4072, 3950, 3941, 3567, 2796, 2661, 2159, 2142, 2102, 1905, 1901, 1555, 1514, 1299, 1068, 1043, 738, 582, 553, 474, 64, 58, 55, 54, 40, 38, 36, 35, 32, 31, 26, 24, 22, 20]",0.018822644130585785,0.49,0.3972152684177245,0.5327003422948208,0.7728090465176047,0.19999999999999996
"[8423, 8385, 8370, 8302, 8262, 8178, 7924, 7789, 7361, 7355, 7236, 6780, 6774, 6653, 6160, 6143, 6133, 6048, 5838, 5831, 5827, 5656, 5303, 5216, 4814, 4731, 4725, 4719, 4524, 4200, 4179, 4083, 3959, 3950, 3829, 3710, 3703, 3614, 3292, 2777, 2607, 2314, 2250, 2246, 2233, 2159, 2091, 2076, 2007, 1905, 1727, 1656, 1567, 1137, 600, 582, 216, 200]",0.012060662190321834,0.43,0.3720418244432304,0.542801856847549,0.9046517604728861,0.19999999999999996
"[8467, 8465, 8464, 8385, 8376, 8370, 8243, 7691, 7361, 6274, 6170, 5838, 5684, 5303, 4914, 4909, 4899, 4880, 4650, 4640, 4497, 4493, 4488, 4478, 4477, 4469, 3512, 3279, 3227, 3219, 3013, 2892, 2854, 2853, 2697, 2540, 2336, 2246, 2102, 2026, 1907, 1872, 1821, 1774, 1697, 1694, 1688, 1687, 1443, 1405, 1305, 1296, 1231, 1184, 1128, 1043, 1022, 934, 920, 817, 808, 734, 728, 627, 624, 553, 442, 429, 418, 402, 359, 318, 290, 240, 231, 219, 209, 201, 200, 173, 172, 165, 162, 155, 144, 141, 87, 86, 32, 28]",0.03318013429034499,0.11,0.41235641426822633,0.44663108814742103,0.5191467489077358,0.19999999999999996
"[8586, 8498, 8487, 8441, 8427, 8243, 8128, 8061, 8046, 7916, 7514, 7145, 6981, 6976, 6967, 6954, 6920, 6708, 6658, 6631, 6362, 5974, 5915, 5684, 5495, 5452, 5083, 4995, 4991, 4936, 4834, 4650, 4448, 4437, 4227, 4083, 3920, 3900, 3506, 3417, 3327, 3270, 3227, 3219, 3026, 2950, 2916, 2878, 2820, 2796, 2787, 2776, 2401, 2316, 2126, 2035, 1894, 1875, 1795, 1697, 1694, 1687, 1532, 1379, 1354, 1330, 1307, 1274, 1188, 1128, 1098, 1092, 1043, 816, 772, 627, 624, 614, 590, 229, 222, 144, 141, 86, 77, 76, 73, 64]",0.024484834452419543,0.13,0.47934273560531915,0.6464026163132726,0.7311745052685685,0.0
"[8586, 8498, 8488, 8487, 8441, 8427, 8237, 8128, 8104, 8061, 8046, 7916, 7514, 7145, 7086, 6981, 6976, 6967, 6954, 6920, 6708, 6647, 6631, 6362, 6027, 5974, 5495, 5452, 5083, 4995, 4991, 4936, 4834, 4448, 4437, 4264, 4083, 3920, 3900, 3506, 3491, 3417, 3327, 3287, 3026, 2983, 2950, 2916, 2878, 2820, 2796, 2787, 2776, 2631, 2401, 2316, 2035, 1894, 1875, 1795, 1712, 1697, 1585, 1546, 1532, 1379, 1354, 1330, 1319, 1307, 1274, 1188, 935, 903, 816, 772, 414, 291, 229, 222, 38, 36, 35, 32, 26, 24, 22, 20, 8]",0.022470479277610558,0.12,0.45811750988989386,0.6559378653279095,0.7761500899511693,0.19999999999999996
"[8563, 8493, 8315, 8185, 8005, 7896, 7692, 7589, 6579, 6453, 4728, 4693, 4658, 4479, 4475, 4273, 4033, 3673, 2597, 2397, 2118, 1918, 1788, 810, 705, 702, 378, 62, 8]",0.008705718916415837,0.72,0.29829194147527605,0.39469447106274336,0.9316371112824466,0.19999999999999996
"[6506, 6330, 5229, 2212, 1889, 836]",0.0009967585089141005,0.95,0.1542479118186486,0.25301169137235224,0.9928039064507839,0.8
"[8586, 8498, 8488, 8487, 8441, 8427, 8237, 8128, 8104, 8061, 8046, 7916, 7514, 7145, 7086, 6981, 6976, 6967, 6954, 6920, 6708, 6687, 6647, 6631, 6362, 5974, 5915, 5495, 5452, 5083, 4995, 4991, 4936, 4834, 4448, 4437, 4264, 4083, 3920, 3900, 3506, 3491, 3417, 3327, 3287, 3026, 2983, 2950, 2916, 2878, 2820, 2796, 2787, 2776, 2591, 2401, 2316, 2035, 1894, 1875, 1795, 1712, 1697, 1585, 1546, 1532, 1379, 1354, 1330, 1319, 1307, 1274, 1188, 935, 816, 772, 529, 414, 291, 229, 222, 214, 15, 13, 8, 4, 1]",0.021496874276452884,0.14,0.46338984520872006,0.6565342853675671,0.7951683371883834,0.19999999999999996
"[8488, 8487, 8441, 8427, 8237, 8061, 8046, 7954, 7943, 7920, 7514, 7292, 6920, 6836, 6749, 6708, 6687, 6362, 6260, 5495, 5452, 4936, 4834, 4707, 4448, 4437, 4264, 4216, 4197, 4090, 4037, 3920, 3677, 3417, 3327, 3287, 3165, 2820, 2798, 2796, 2787, 2776, 2650, 2591, 2401, 2360, 2316, 2168, 1894, 1875, 1795, 1717, 1712, 1697, 1585, 1546, 1379, 1319, 1307, 1274, 1098, 1094, 772, 722, 713, 582, 291, 229, 222, 210, 209, 205, 70, 8]",0.01886663579532299,0.27,0.44674245996622874,0.6227292144120045,0.8147005911076843,0.19999999999999996
"[8467, 8463, 8459, 8453, 8262, 7731, 7703, 7236, 6824, 6219, 5779, 5681, 5266, 4925, 4731, 4719, 4491, 4486, 4482, 4477, 4476, 4475, 4471, 4470, 4200, 4179, 3703, 3013, 2733, 2720, 2180, 2054, 2028, 2026, 1907, 1872, 1697, 1678, 1656, 1556, 1553, 1546, 1404, 1324, 1299, 1277, 1184, 1137, 1026, 978, 951, 906, 856, 851, 734, 627, 618, 600, 588, 553, 527, 458, 446, 428, 413, 392, 386, 359, 294, 290, 231, 219, 192, 190, 173, 171, 132, 124, 86, 80, 77, 73, 62, 59, 54, 51, 49, 42, 38, 32, 30, 24, 16, 15, 14, 2, 1]",0.03771474878444084,0.04,0.4317156462311169,0.3989816761844006,0.3420714469288101,0.19999999999999996
"[8554, 8013, 7855, 7820, 7028, 6070, 5996, 5977, 5584, 5150, 5029, 5020, 4493, 4474, 4067, 3912, 3550, 3533, 3512, 3449, 3440, 2949, 2468, 2045, 2018, 1961, 1900, 1774, 1534, 934, 882, 468, 449, 382, 4]",0.009883074785830054,0.66,0.2918514903424435,0.4509036230308895,0.920585967617579,0.19999999999999996
"[8377, 7378, 7343, 7309, 6862, 6861, 6686, 6292, 5796, 5787, 5348, 5316, 5314, 5269, 4756, 3298, 3227, 2709, 2705, 2591, 2269, 2006, 1873, 1687, 856, 744, 590, 214, 208, 141, 75, 1]",0.011528131511924056,0.69,0.36825327436585387,0.4175332689645276,0.8825494731431509,0.19999999999999996
"[8467, 8465, 8456, 7855, 7309, 6749, 4925, 4707, 4497, 4493, 4488, 4478, 4477, 4474, 4448, 3677, 3227, 3165, 3013, 2540, 2250, 2126, 2102, 2026, 1907, 1872, 1707, 1687, 1648, 1555, 1546, 1443, 1405, 1404, 1332, 1299, 1231, 1128, 1092, 1068, 1022, 920, 880, 856, 817, 734, 627, 618, 614, 590, 588, 582, 553, 529, 442, 429, 418, 402, 370, 318, 240, 231, 222, 219, 214, 201, 200, 192, 173, 172, 165, 141, 97, 86, 76, 67, 64, 58, 55, 54, 40, 38, 36, 35, 32, 31, 26, 24, 22, 20, 8, 4]",0.03804931697152119,0.09,0.4300813077640374,0.3741214034207214,0.3104600359804678,0.19999999999999996
"[8488, 8487, 8460, 8441, 8427, 8061, 8046, 7968, 7967, 7963, 7954, 7943, 7920, 7514, 7292, 6920, 6749, 6260, 5974, 5495, 5452, 4936, 4899, 4707, 4448, 4437, 4197, 4131, 4037, 3920, 3677, 3417, 3327, 3165, 2854, 2853, 2820, 2798, 2796, 2650, 2401, 2360, 2316, 2066, 1894, 1875, 1795, 1694, 1379, 1319, 1307, 1274, 1098, 1094, 799, 772, 722, 713, 582, 561, 291, 283, 276, 229, 210, 209, 205, 162, 155, 70, 52, 32, 28, 15, 1]",0.021202824727946285,0.26,0.4111214595865419,0.5951388190962431,0.7869442302749936,0.19999999999999996
"[5227, 1941]",0.0003831905533688354,0.99,0.11375726202946101,0.19101518826520392,0.9946029298380878,1.0
"[8451, 8450, 4490, 4483, 2821, 1404, 1094, 904, 665, 429, 162, 87, 31, 12, 8, 4]",0.011214401481824498,0.85,0.29569891222793254,0.2699945115123451,0.882035466461064,0.0
"[7820, 4]",0.001008335262792313,0.99,0.14274291009459372,0.19121821774848569,0.9938319198149576,0.6
"[6330, 1555, 1026, 527, 313, 36, 35, 31, 22, 2]",0.006583699930539476,0.91,0.30026349974346234,0.21209755167124822,0.9221279876638396,0.19999999999999996
"[8574, 8494, 8370, 7728, 7563, 7526, 6536, 6495, 6013, 5989, 5705, 5498, 5208, 4451, 4216, 3454, 3419, 3227, 2384, 2362, 2126, 1905, 1707, 1697, 1582, 1556, 1555, 1546, 1421, 1277, 1199, 1184, 1098, 1068, 713, 627, 618, 600, 596, 588, 582, 529, 385, 231, 224, 220, 209, 208, 190, 171, 162, 155, 144, 141, 138, 124, 97, 86, 80, 77, 76, 64, 42, 32, 30, 25, 24, 15, 13, 4, 2, 1]",0.028586478351470247,0.29,0.4746192949853536,0.4439112821614023,0.5540992032896428,0.0
"[8523, 8243, 6462, 5864, 5684, 4788, 3888, 3512, 3013, 2454, 2336, 2250, 1821, 1546, 200, 138, 15, 14, 13, 4]",0.008886316276915954,0.81,0.35750279904581705,0.356058295599724,0.8969416602415832,0.19999999999999996
"[8509, 8488, 8399, 8213, 8171, 8104, 7954, 7943, 7045, 6687, 6647, 6579, 6453, 6010, 5993, 5821, 5516, 5109, 4658, 4475, 4264, 3791, 3703, 3491, 3113, 3044, 2983, 2670, 2591, 2267, 2157, 2048, 1745, 1413, 1319, 1029, 935, 894, 414, 291]",0.008923361889326232,0.61,0.2955637173860505,0.545931121868094,0.9372911847854022,0.19999999999999996
"[7309, 6749, 4707, 4477, 3677, 3346, 3227, 3165, 3013, 2126, 2102, 2026, 2016, 1707, 1687, 1648, 1555, 1546, 1128, 1092, 1068, 1026, 627, 618, 614, 590, 588, 582, 553, 529, 192, 173, 172, 165, 141, 97, 86, 76, 70, 67, 64, 58, 55, 54, 40, 38, 36, 35, 32, 31, 26, 24, 22, 20, 8, 2]",0.026932160222273672,0.45,0.4384723803900148,0.4058547384894863,0.5502441531739912,0.19999999999999996
"[8563, 8493, 8315, 8185, 8102, 8005, 7896, 7855, 7692, 7589, 6579, 6453, 4728, 4693, 4658, 4479, 4475, 4273, 4033, 3673, 2597, 2397, 2118, 1918, 1788, 810, 705, 702, 378, 62]",0.007570039360963186,0.71,0.2818785037883792,0.4140330128784403,0.9434592649704446,0.19999999999999996
"[8488, 8487, 8441, 8427, 8237, 8213, 8128, 8104, 8053, 7954, 7943, 7916, 7655, 7408, 7086, 7045, 6967, 6954, 6920, 6708, 6687, 6683, 6647, 6362, 6010, 5516, 5492, 5481, 4984, 4834, 4334, 4332, 4264, 4215, 4210, 3900, 3506, 3491, 3441, 3327, 3287, 2983, 2820, 2796, 2787, 2776, 2591, 2540, 2316, 1978, 1795, 1717, 1712, 1707, 1585, 1413, 1319, 1307, 1274, 1188, 1029, 935, 816, 772, 623, 414, 291, 229, 222]",0.013880527899976847,0.32,0.4086903162620157,0.6664908898210258,0.889745566692367,0.19999999999999996
"[8467, 8465, 8464, 7741, 6700, 4493, 4474, 4227, 3826, 3227, 2821, 2126, 2102, 2054, 1707, 1694, 1687, 1555, 1305, 1296, 1231, 1128, 1098, 1092, 1068, 1026, 734, 627, 624, 614, 590, 553, 527, 240, 231, 219, 209, 173, 165, 144, 141, 86, 77, 76, 73, 64, 36, 35, 31, 22, 2]",0.026480666821023385,0.5,0.38944996638864926,0.3680191400087014,0.6111539450012851,0.19999999999999996
"[8586, 8498, 8488, 8487, 8441, 8427, 8237, 8185, 8128, 8104, 8061, 8046, 7916, 7514, 7145, 7086, 6981, 6976, 6967, 6954, 6920, 6708, 6687, 6647, 6631, 6362, 6027, 5974, 5495, 5452, 5083, 4995, 4991, 4936, 4834, 4448, 4437, 4264, 4083, 3920, 3900, 3506, 3491, 3417, 3327, 3287, 3026, 2983, 2950, 2916, 2878, 2820, 2796, 2787, 2776, 2709, 2591, 2401, 2316, 2212, 2035, 2006, 1894, 1889, 1875, 1873, 1795, 1712, 1697, 1585, 1532, 1379, 1354, 1330, 1319, 1307, 1274, 1188, 935, 856, 836, 816, 772, 414, 291, 229, 222, 214, 208]",0.01909469784672378,0.12,0.45793511541836207,0.6720303161791421,0.835260858391159,0.19999999999999996
"[8377, 7378, 7343, 7309, 6862, 6861, 6686, 6292, 5796, 5787, 5348, 5316, 5314, 5269, 4756, 4090, 3298, 3227, 2709, 2705, 2591, 2269, 2006, 1873, 1687, 1401, 856, 744, 214, 208, 141, 75, 1]",0.010803426719147951,0.68,0.36508516292957405,0.41611859436252785,0.8905165767154973,0.19999999999999996
"[8061, 8046, 7514, 7292, 6793, 6330, 6260, 5639, 5529, 5495, 5452, 4936, 4490, 4448, 4437, 4237, 4090, 3920, 3220, 3204, 3083, 2401, 2360, 1894, 1875, 1379, 972, 629]",0.005806899745311414,0.73,0.24991938606133957,0.4777758387795986,0.9570804420457466,0.19999999999999996
"[7660, 6658, 4880, 4227, 3628, 3219, 2846, 2126, 2066, 2026, 1687, 1582, 1556, 1555, 1172, 1098, 1094, 1068, 1046, 991, 627, 618, 600, 596, 588, 582, 553, 382, 276, 162, 155, 144, 141, 124, 97, 77, 76, 64, 59, 54, 40, 35, 30, 25]",0.02057999536929845,0.57,0.42599855748223314,0.4042647232328912,0.7098432279619635,0.19999999999999996
"[8574, 8494, 8453, 7563, 7526, 7122, 7107, 7101, 7092, 7072, 6579, 6536, 6495, 6013, 5989, 5498, 5078, 4490, 4483, 4451, 4028, 3454, 3419, 3037, 2972, 2479, 2384, 2362, 2026, 2019, 1953, 1905, 1532, 1454, 1450, 1421, 1404, 1277, 1094, 904, 673, 665, 446, 433, 429, 385, 277, 231, 224, 220, 209, 162, 87, 65, 32, 31, 26, 12]",0.021728409354017132,0.43,0.3829907268668855,0.5234878840778932,0.7576458493960422,0.0
"[8586, 8101, 8061, 8051, 8046, 7122, 7101, 7092, 6506, 6097, 6027, 5705, 5627, 5495, 5208, 5095, 5078, 4995, 4991, 4494, 4477, 4469, 4028, 3560, 3227, 3123, 3056, 3037, 2972, 2950, 2611, 2126, 2066, 2019, 1953, 1907, 1894, 1697, 1687, 1556, 1555, 1546, 1532, 1379, 1205, 1184, 1098, 1094, 1068, 1013, 999, 978, 914, 906, 627, 618, 600, 596, 588, 582, 564, 553, 429, 424, 402, 386, 155, 144, 141, 138, 124, 97, 86, 80, 77, 76, 64, 59, 54, 40, 35, 32, 30, 28, 25, 15, 13, 4]",0.03324033341051169,0.13,0.441365566932298,0.5304489532819885,0.49601644821382673,0.0
"[8488, 8487, 8441, 8427, 8237, 7954, 7943, 7495, 6920, 6836, 6749, 6708, 6687, 6362, 4834, 4707, 4264, 4216, 4197, 4037, 3677, 3327, 3287, 3165, 2820, 2798, 2796, 2787, 2776, 2650, 2591, 2316, 2168, 1795, 1717, 1712, 1697, 1585, 1546, 1319, 1307, 1274, 1098, 1094, 772, 722, 713, 582, 291, 229, 222, 210, 209, 205, 70, 8]",0.015729335494327392,0.45,0.42288249330340466,0.556546947047176,0.8401439218709843,0.19999999999999996
"[8467, 8463, 8453, 8130, 7855, 4925, 4491, 4482, 4470, 3542, 3013, 2028, 2026, 1907, 1546, 1324, 1299, 1277, 1026, 978, 856, 734, 618, 588, 446, 417, 392, 219, 86, 62, 59, 54, 51, 30, 14, 4, 1]",0.020585783746237554,0.64,0.3625107213281611,0.3022317441788561,0.7327165253148291,0.19999999999999996
"[8467, 8465, 8456, 7855, 7309, 7072, 6749, 4925, 4707, 4497, 4493, 4488, 4478, 4477, 4474, 4448, 3677, 3227, 3165, 3013, 2250, 2126, 2102, 2028, 2026, 1907, 1872, 1707, 1687, 1648, 1555, 1546, 1461, 1450, 1405, 1404, 1332, 1299, 1231, 1128, 1092, 1068, 978, 951, 880, 856, 817, 734, 627, 618, 614, 590, 588, 582, 553, 529, 458, 446, 428, 413, 402, 370, 318, 240, 231, 222, 219, 214, 201, 200, 192, 173, 172, 141, 97, 86, 76, 67, 64, 58, 55, 54, 40, 38, 36, 35, 32, 31, 26, 24, 22, 20, 8, 4]",0.037891873118777494,0.07,0.4278061566788167,0.37906751617564727,0.305319969159599,0.19999999999999996
"[7055, 1281, 1026, 2]",0.002152118545959713,0.97,0.23382604686373087,0.21596517036927976,0.9758416859419172,0.4
"[8385, 8370, 7728, 7361, 7355, 7164, 5303, 4758, 2246, 1707, 1582, 1556, 1555, 1546, 1199, 1092, 1068, 713, 582, 529, 442, 433, 429, 318, 201, 200, 190, 171, 77, 64, 42, 32, 30, 25, 24, 15, 13, 4, 2, 1]",0.01904839083121093,0.61,0.4388306337939576,0.37974947538936765,0.7304034952454381,0.0
"[5975, 1002]",0.0005417920815003473,0.99,0.08326632536856815,0.1903613073769388,0.9974299665895656,0.8
"[8574, 8494, 8488, 8427, 8104, 8037, 7916, 7563, 7526, 7122, 7101, 7092, 7086, 7072, 6967, 6708, 6687, 6647, 6536, 6495, 6362, 6013, 5989, 5627, 5498, 5095, 5078, 4834, 4451, 4264, 4216, 4028, 3900, 3560, 3506, 3491, 3454, 3419, 3287, 3227, 3037, 2983, 2972, 2916, 2796, 2787, 2776, 2728, 2709, 2591, 2479, 2384, 2362, 2019, 2006, 1953, 1905, 1873, 1712, 1697, 1687, 1585, 1532, 1454, 1450, 1421, 1319, 1277, 1199, 1188, 1184, 999, 935, 856, 816, 713, 590, 512, 446, 414, 385, 291, 231, 229, 224, 220, 214, 209, 208, 190, 171, 162, 141, 138, 75]",0.027523732345450337,0.06,0.4822441908105053,0.6314222673129232,0.6951940375224879,0.19999999999999996
"[8494, 8488, 8427, 8104, 8037, 7916, 7086, 6967, 6708, 6687, 6647, 6362, 4834, 4314, 4264, 3900, 3506, 3491, 3287, 3227, 2983, 2916, 2796, 2787, 2776, 2709, 2591, 2384, 2362, 2006, 1873, 1712, 1697, 1687, 1585, 1319, 1277, 1199, 1188, 1184, 935, 856, 816, 713, 590, 414, 291, 231, 229, 224, 220, 214, 209, 208, 190, 171, 162, 141, 138, 75, 1]",0.021363741606853438,0.4,0.445874223432446,0.529186422609717,0.7476227190953482,0.0
"[8376, 8243, 7722, 7365, 6715, 6586, 5975, 5947, 5704, 5684, 5460, 5444, 4806, 4650, 4640, 4038, 3402, 3219, 2336, 1822, 1821, 1556, 1043, 934, 564, 54]",0.00721463301690206,0.75,0.3128392297144922,0.4368617475840968,0.9424312516062708,0.19999999999999996
"[8449, 6506, 6097, 5229, 4483, 3204, 3089, 3056, 1889, 1094, 904, 897, 836, 665, 277, 162, 32, 31]",0.009586709886547811,0.83,0.28871147555266785,0.3240059192814816,0.9085068105885377,0.19999999999999996
"[8460, 8385, 8376, 8370, 8366, 8243, 8240, 7963, 7691, 7361, 6274, 5838, 5684, 5303, 4914, 4909, 4899, 4880, 4650, 4640, 4131, 3898, 3512, 3279, 3219, 2854, 2853, 2697, 2336, 2246, 2102, 1821, 1774, 1694, 1443, 1324, 1043, 934, 808, 797, 728, 561, 553, 442, 433, 283, 276, 200, 173, 172, 162, 55, 38, 32, 28]",0.01841977309562399,0.46,0.4062842720740907,0.5020401614653626,0.7987663839629915,0.19999999999999996
"[8574, 7563, 7526, 7122, 7101, 7092, 7072, 6579, 6536, 6495, 6013, 5989, 5627, 5498, 5095, 5078, 4451, 4216, 4028, 3560, 3454, 3419, 3037, 2972, 2479, 2126, 2102, 2054, 2019, 1953, 1905, 1582, 1556, 1555, 1553, 1546, 1532, 1454, 1450, 1377, 1128, 1098, 1094, 1092, 1068, 1026, 999, 627, 624, 614, 600, 596, 590, 564, 553, 529, 446, 385, 291, 87, 86, 76, 73, 64, 62, 59, 54, 40, 36, 35, 32, 31, 30, 28, 25, 22, 15, 13, 4, 2, 1]",0.03012965964343598,0.2,0.4870122958526578,0.5036943071272318,0.5230017990233873,0.19999999999999996
"[8464, 8385, 8376, 8272, 8243, 7691, 7361, 6274, 6170, 5838, 5684, 5303, 5298, 4914, 4909, 4899, 4880, 4650, 4640, 4475, 3512, 3279, 3219, 3013, 2854, 2853, 2697, 2336, 2246, 2102, 2026, 1821, 1774, 1697, 1694, 1688, 1443, 1305, 1296, 1231, 1184, 1128, 1043, 934, 856, 808, 728, 627, 625, 624, 553, 442, 382, 209, 200, 190, 173, 172, 162, 155, 144, 141, 87, 86, 75, 32, 28]",0.02585552211159991,0.34,0.4104046487803339,0.5139964073813341,0.6849139038807505,0.0
"[8467, 8465, 8464, 8213, 7741, 6700, 6683, 4493, 4474, 4227, 3826, 3227, 2821, 2126, 2102, 2054, 1707, 1694, 1687, 1555, 1305, 1296, 1231, 1128, 1098, 1092, 1068, 734, 627, 624, 614, 590, 553, 527, 240, 231, 219, 209, 173, 165, 144, 141, 86, 77, 76, 64, 61, 36, 35, 31, 22]",0.0259747626765455,0.5,0.3805729798744436,0.38172609480836783,0.6363402724235415,0.0
"[8498, 8488, 8487, 8467, 8463, 8459, 8453, 8441, 8427, 8237, 7916, 6981, 6976, 6967, 6954, 6920, 6824, 6708, 6687, 6362, 5452, 5266, 4936, 4925, 4834, 4491, 4486, 4482, 4477, 4476, 4475, 4471, 4470, 4263, 3920, 3900, 3327, 3287, 3013, 2878, 2820, 2796, 2787, 2776, 2733, 2709, 2591, 2316, 2212, 2028, 2026, 1907, 1872, 1795, 1712, 1697, 1585, 1404, 1354, 1330, 1324, 1319, 1307, 1299, 1277, 1274, 1188, 1184, 978, 951, 906, 856, 851, 836, 816, 772, 734, 458, 446, 428, 413, 392, 386, 359, 294, 291, 290, 231, 229, 222, 219, 214, 208, 192, 190, 173, 171]",0.032214633016902056,0.04,0.40748928234316584,0.4876956917066403,0.5741454638910306,0.19999999999999996
"[8299, 5520, 17]",0.0015072933549432738,0.98,0.18657092531706598,0.21324627167789778,0.9910048830634798,0.6
"[7820, 6313]",0.00029404954850659876,0.99,0.037169377736465115,0.19320907282036437,0.9989719866358263,1.0
"[8554, 8509, 8488, 8399, 8291, 8213, 8104, 8087, 8013, 7954, 7943, 7654, 7650, 7526, 7278, 7135, 7045, 7028, 6687, 6647, 6579, 6453, 6070, 6035, 6010, 5996, 5977, 5821, 5739, 5731, 5584, 5516, 5439, 5029, 5020, 4658, 4421, 4264, 4199, 4072, 3912, 3791, 3567, 3550, 3533, 3491, 3449, 3440, 2983, 2958, 2796, 2661, 2591, 2468, 2148, 2142, 2054, 2048, 2045, 1961, 1900, 1745, 1697, 1534, 1514, 1413, 1345, 1335, 1319, 1317, 1308, 1092, 1029, 978, 935, 899, 882, 809, 738, 474, 468, 449, 416, 414, 407, 402, 315, 291, 284, 240, 225, 165, 87, 64]",0.022983329474415375,0.07,0.4759090947401855,0.6450518321749266,0.7895142636854279,0.19999999999999996
"[7990, 3050, 2314]",0.000644825191016439,0.98,0.13471643181844373,0.20925561910151214,0.9948599331791314,0.8
"[8051, 7378, 7343, 7219, 6862, 6861, 6506, 6097, 5796, 5787, 5348, 5316, 5314, 5229, 4756, 4213, 4152, 4090, 3650, 3298, 3227, 3204, 3089, 3056, 2682, 2269, 1889, 1687, 836, 744]",0.005965501273442927,0.71,0.30169330806922634,0.4809299584300468,0.9503983551786174,0.4
"[8377, 7563, 7378, 7343, 6862, 6861, 6536, 6292, 5796, 5787, 5348, 5316, 5314, 5269, 4756, 4090, 3298, 3227, 2269, 1546, 744, 529, 512, 385, 208, 144, 141, 138, 15, 13, 4, 2, 1]",0.012255151655475804,0.68,0.3737849744813846,0.3818915813574505,0.8601901824723721,0.19999999999999996
"[8586, 8498, 8487, 8441, 8427, 8243, 8128, 8061, 8046, 7916, 7514, 7145, 6981, 6978, 6967, 6954, 6920, 6708, 6658, 6631, 6462, 6362, 5974, 5915, 5684, 5495, 5452, 5083, 4995, 4991, 4936, 4880, 4834, 4788, 4461, 4448, 4437, 4227, 3920, 3900, 3888, 3628, 3512, 3417, 3327, 3270, 3219, 3026, 3013, 2950, 2916, 2878, 2820, 2796, 2787, 2776, 2454, 2401, 2336, 2313, 1894, 1875, 1821, 1795, 1697, 1532, 1379, 1354, 1330, 1307, 1274, 1046, 772, 229, 222]",0.015384348228756655,0.26,0.4289666405718159,0.6383847652015715,0.8753533795939348,0.19999999999999996
"[8523, 8456, 8243, 7820, 5684, 4788, 4493, 4488, 4461, 3512, 3013, 2610, 2454, 2336, 2250, 1821, 200, 141, 138, 4]",0.009420004630701553,0.81,0.2714065709569017,0.33433120425486706,0.91467489077358,0.19999999999999996
"[8449, 4483, 2471, 2054, 1404, 1094, 1026, 904, 665, 277, 162, 87, 31, 12, 4, 2, 1]",0.011560546422783051,0.84,0.3151003705880917,0.2876646273277188,0.8673862760215882,0.19999999999999996
"[7309, 6686, 6292, 5269, 2709, 2591, 2006, 1873, 1401, 856, 214, 208, 141, 75, 1]",0.007510997916184301,0.86,0.32782681148442494,0.3059821617336035,0.9270110511436649,0.19999999999999996
"[8539, 8523, 8243, 6462, 5684, 4880, 4788, 4461, 4227, 3888, 3628, 3512, 3219, 3013, 2454, 2336, 2250, 1821, 1046, 200, 4]",0.006733040055568418,0.8,0.3199999179665173,0.4123443533357295,0.943716268311488,0.19999999999999996
"[4475, 2018, 1790, 1026, 382, 8, 4]",0.0056193563324843715,0.94,0.25770327519066727,0.2498895221778119,0.9524543819069647,0.19999999999999996
"[8459, 8458, 8457, 8453, 8449, 8448, 6658, 4495, 4491, 4487, 4485, 4484, 4481, 4480, 4478, 4473, 4470, 4469, 4227, 3628, 3490, 3227, 3013, 2126, 2066, 2054, 2026, 1907, 1904, 1873, 1697, 1687, 1556, 1555, 1546, 1443, 1420, 1404, 1332, 1296, 1277, 1199, 1184, 1172, 1098, 1094, 1068, 1022, 920, 904, 880, 856, 851, 824, 806, 713, 627, 618, 600, 596, 588, 582, 564, 553, 529, 442, 429, 392, 382, 294, 276, 231, 224, 220, 209, 208, 190, 171, 162, 155, 144, 141, 138, 124, 97, 86, 80, 77, 76, 64, 59, 54, 40, 35, 32, 30, 28, 25, 13, 2]",0.040419078490391294,0.01,0.4564370450466736,0.3692575391243401,0.19480853251092267,0.19999999999999996
"[8460, 8450, 6658, 4694, 4493, 4486, 4471, 3640, 3516, 3507, 2454, 2126, 2054, 2016, 1694, 1556, 1404, 1094, 951, 881, 851, 778, 616, 614, 428, 413, 277, 202, 171, 155, 141, 132, 87, 80, 73, 67, 8]",0.02043181291965733,0.64,0.3561927080412082,0.3383049677536637,0.7375995887946543,0.0
"[3227, 2647, 2126, 2102, 2054, 1697, 1694, 1687, 1582, 1556, 1555, 1553, 1546, 1184, 1128, 1098, 1094, 1092, 1068, 1026, 627, 624, 614, 600, 596, 590, 564, 553, 529, 144, 141, 138, 87, 86, 76, 73, 64, 62, 59, 54, 40, 36, 35, 32, 31, 30, 28, 25, 22, 15, 13, 4, 2, 1]",0.026851122945126187,0.47,0.4676560757573015,0.3396787515867168,0.5209457722950399,0.19999999999999996
"[8586, 8467, 8465, 8464, 8456, 8101, 7774, 7122, 7101, 7092, 6097, 6027, 5627, 5095, 5078, 4925, 4494, 4477, 4472, 4468, 4028, 3560, 3227, 3056, 3037, 2972, 2250, 2180, 2126, 2102, 2019, 1953, 1785, 1707, 1555, 1532, 1332, 1322, 1305, 1277, 1231, 1205, 1092, 1068, 1013, 999, 978, 914, 889, 856, 817, 734, 627, 618, 600, 596, 582, 553, 529, 527, 429, 424, 402, 370, 339, 318, 240, 231, 219, 200, 192, 172, 165, 132, 87, 86, 70, 65, 64, 40, 36, 35, 32, 31, 30, 26, 22, 17, 12]",0.03486570965501273,0.12,0.41525468406673904,0.42840419535016516,0.4664610639938319,0.19999999999999996
"[8302, 8291, 8178, 7924, 7789, 7654, 7526, 7278, 6780, 6774, 6236, 6143, 6133, 5739, 5731, 5704, 5460, 4806, 4725, 4199, 4083, 4072, 4038, 3950, 3710, 3567, 3402, 3109, 2796, 2661, 2159, 2148, 2142, 2126, 2102, 1905, 1582, 1556, 1514, 1094, 1068, 738, 596, 588, 582, 564, 474, 225, 80, 77, 76, 64, 59, 54, 40, 30, 28, 25, 17]",0.020135448020375087,0.42,0.4305018267563393,0.559867583858798,0.7730660498586481,0.19999999999999996
"[8574, 8494, 8488, 8427, 8104, 8037, 7916, 7563, 7526, 7086, 7072, 6967, 6708, 6687, 6647, 6536, 6495, 6362, 6013, 5989, 5498, 4834, 4495, 4491, 4487, 4485, 4484, 4481, 4480, 4478, 4451, 4264, 4216, 3900, 3506, 3491, 3490, 3454, 3419, 3287, 3227, 3013, 2983, 2972, 2916, 2796, 2787, 2776, 2728, 2709, 2591, 2479, 2384, 2362, 2006, 1953, 1905, 1873, 1712, 1697, 1687, 1585, 1450, 1443, 1421, 1420, 1319, 1277, 1199, 1188, 1184, 1022, 935, 920, 904, 856, 816, 713, 590, 512, 446, 442, 429, 414, 392, 385, 291, 231, 229, 224, 220, 214, 209, 208, 190, 171, 162, 141, 138, 75]",0.032654549664274134,0.01,0.44039383075259875,0.5237950452876077,0.5528141865844256,0.0
"[8554, 8399, 8291, 8087, 8013, 7654, 7650, 7526, 7278, 7135, 7028, 6658, 6070, 6035, 5996, 5977, 5739, 5731, 5584, 5439, 5029, 5020, 4421, 4227, 4199, 4072, 3912, 3628, 3567, 3550, 3533, 3449, 3440, 2958, 2931, 2796, 2661, 2468, 2148, 2142, 2066, 2054, 2045, 1961, 1900, 1745, 1697, 1687, 1556, 1555, 1546, 1534, 1514, 1345, 1335, 1317, 1308, 1172, 1094, 1092, 1068, 978, 899, 882, 809, 738, 582, 553, 529, 474, 468, 449, 416, 407, 402, 315, 284, 276, 240, 225, 165, 162, 155, 144, 141, 87, 64, 59, 54, 40, 35, 30, 25, 13, 2]",0.030798796017596667,0.06,0.4968094631411395,0.581568999903429,0.6134669750706759,0.19999999999999996
"[8488, 8487, 8441, 8427, 8061, 8046, 7954, 7943, 7920, 7514, 7292, 6920, 6793, 6749, 6362, 6330, 6260, 5639, 5529, 5495, 5007, 4936, 4834, 4707, 4490, 4448, 4437, 4237, 4197, 4037, 3920, 3677, 3417, 3327, 3287, 3280, 3220, 3204, 3165, 3083, 2820, 2798, 2796, 2787, 2776, 2650, 2401, 2360, 2316, 1894, 1875, 1795, 1379, 1319, 1307, 1274, 1098, 1094, 772, 722, 713, 629, 582, 291, 229, 222, 210, 209, 205, 70]",0.017793470710812685,0.31,0.3869841530517891,0.6182420406349667,0.8524800822410692,0.19999999999999996
"[5639, 1547, 1094, 1068, 1026, 627, 618, 600, 596, 553, 529, 527, 86, 76, 70, 58, 54, 38, 35, 32, 30, 22, 4, 2, 1]",0.015292891873118776,0.76,0.40253159864289256,0.28607074103623453,0.7746080699049087,0.19999999999999996
"[7599, 6658, 3050]",0.000404028710349618,0.98,0.053865739797546386,0.21435605062243668,0.9982009766126959,1.0
"[8376, 8302, 8291, 8243, 7789, 7691, 7654, 7526, 7347, 7278, 6848, 6715, 6274, 6236, 5947, 5739, 5731, 5704, 5684, 5460, 5444, 4914, 4880, 4806, 4650, 4640, 4272, 4199, 4072, 4038, 3950, 3567, 3512, 3402, 3219, 2796, 2697, 2661, 2648, 2336, 2159, 2148, 2142, 1905, 1821, 1514, 1043, 934, 738, 474, 225]",0.00894767307247048,0.5,0.33791144413481977,0.5791986784704776,0.9293240812130558,0.4
"[8467, 8465, 8464, 8456, 3227, 2126, 2102, 2054, 1873, 1872, 1697, 1694, 1687, 1582, 1556, 1555, 1553, 1546, 1332, 1305, 1296, 1231, 1184, 1128, 1098, 1094, 1092, 1068, 1026, 880, 817, 808, 736, 734, 627, 624, 614, 600, 596, 590, 564, 553, 529, 359, 318, 290, 283, 240, 231, 219, 209, 201, 173, 172, 165, 162, 144, 141, 138, 87, 86, 76, 73, 64, 62, 59, 54, 40, 36, 35, 31, 30, 28, 25, 22, 15, 13, 8, 4, 2, 1]",0.03605464227830516,0.2,0.4500069153173274,0.34826051388126644,0.317142122847597,0.0
"[7820, 5975, 5429, 223]",0.0006309330863625839,0.97,0.10093723547583977,0.21479963362992405,0.9964019532253919,1.0
"[8302, 8178, 8051, 7924, 7789, 7378, 7343, 7278, 7219, 6862, 6861, 6774, 6506, 6133, 6097, 5796, 5787, 5739, 5348, 5316, 5314, 5229, 4756, 4213, 4152, 4090, 4083, 4072, 3950, 3650, 3567, 3298, 3227, 3204, 3089, 3056, 2682, 2269, 2159, 1905, 1889, 1687, 1514, 836, 744]",0.00818244964112063,0.56,0.3142243799491625,0.5084533288132125,0.9365201747622719,0.4
"[8467, 8465, 7855, 7820, 5106, 4497, 4493, 4478, 4477, 4474, 4058, 3646, 3227, 3033, 2212, 2028, 2026, 1907, 1889, 1872, 1697, 1694, 1687, 1405, 1332, 1296, 1231, 1184, 978, 946, 920, 880, 836, 817, 736, 734, 402, 318, 240, 231, 219, 209, 201, 173, 172, 162, 144, 141, 138]",0.022877981014123642,0.52,0.3695889598435772,0.3641153058215115,0.6921099974299666,0.0
"[8302, 8178, 7924, 7789, 7741, 7526, 6780, 6774, 6700, 6143, 6133, 4725, 4337, 4227, 4083, 3950, 3710, 3227, 2796, 2159, 2126, 2102, 2054, 1905, 1707, 1694, 1687, 1555, 1231, 1128, 1098, 1092, 1068, 1026, 734, 627, 624, 614, 590, 553, 527, 240, 231, 219, 209, 201, 173, 165, 144, 141, 86, 77, 76, 73, 64, 36, 35, 31, 22, 2]",0.02463996295438759,0.41,0.4450917594561785,0.46973082172982605,0.647905422770496,0.19999999999999996
"[8467, 2250, 1555, 1546, 1299, 1026, 529, 200, 38, 36, 35, 32, 31, 26, 24, 22, 20, 8, 2]",0.012559620282472794,0.82,0.3507482500291821,0.2507249139161052,0.8242097147262915,0.19999999999999996
"[8467, 8465, 8464, 8372, 7741, 7691, 6700, 6274, 4476, 4475, 4474, 4469, 4227, 3826, 3227, 2821, 2126, 2102, 2054, 1907, 1872, 1707, 1694, 1687, 1555, 1404, 1305, 1296, 1231, 1128, 1098, 1092, 1068, 880, 851, 808, 734, 627, 624, 614, 590, 553, 527, 429, 359, 318, 290, 283, 240, 231, 219, 209, 201, 173, 165, 144, 141, 86, 77, 76, 73, 64, 36, 35, 31]",0.03040634406112526,0.36,0.4070651597645205,0.3857901423032858,0.5319969159599075,0.19999999999999996
"[6687, 2591, 2579, 2126, 2102, 2054, 1582, 1556, 1555, 1553, 1546, 1377, 1128, 1098, 1094, 1092, 1068, 1026, 627, 624, 614, 600, 596, 590, 564, 553, 529, 87, 86, 76, 73, 64, 62, 59, 54, 40, 36, 35, 32, 31, 30, 28, 25, 22, 15, 13, 4]",0.02411553600370456,0.54,0.4552067615719686,0.35877603521902324,0.6021588280647648,0.0
"[6506, 6474, 5229, 3204, 3089, 3056, 1889, 836]",0.0011796712201898587,0.93,0.15006678703256526,0.2677857671322892,0.9915188897455667,0.8
"[8459, 8458, 8457, 8453, 8449, 8448, 7122, 7101, 7092, 6658, 5627, 5095, 5078, 4473, 4470, 4469, 4227, 4028, 3825, 3628, 3560, 3227, 3037, 2126, 2066, 2054, 2026, 2019, 1907, 1904, 1873, 1697, 1687, 1556, 1555, 1546, 1532, 1454, 1404, 1332, 1296, 1277, 1199, 1184, 1172, 1098, 1094, 1068, 999, 880, 856, 851, 824, 806, 713, 627, 618, 600, 596, 588, 582, 564, 553, 529, 382, 294, 276, 231, 224, 220, 209, 208, 190, 171, 162, 155, 144, 141, 138, 124, 97, 86, 80, 77, 76, 64, 59, 54, 40, 35, 32, 30, 28, 25, 13, 2]",0.037957860615883306,0.05,0.44145354167093986,0.43149512727959194,0.33693138010794144,0.0
"[8574, 8494, 8488, 8427, 8104, 8037, 7916, 7563, 7526, 7122, 7101, 7092, 7086, 7072, 6967, 6708, 6687, 6647, 6536, 6495, 6362, 6013, 5989, 5627, 5498, 5095, 5078, 4834, 4451, 4264, 4216, 4028, 3900, 3560, 3506, 3491, 3454, 3419, 3287, 3037, 2983, 2972, 2916, 2796, 2787, 2776, 2728, 2709, 2591, 2479, 2384, 2362, 2019, 2006, 1953, 1905, 1873, 1712, 1697, 1687, 1585, 1532, 1454, 1450, 1421, 1319, 1277, 1199, 1188, 1184, 999, 935, 856, 816, 713, 527, 446, 414, 385, 291, 231, 229, 224, 220, 214, 209, 208, 190, 171, 162, 141, 138, 17, 12]",0.02703866635795323,0.07,0.48054757006469107,0.6305102906516341,0.7021331277306605,0.19999999999999996
"[8586, 8498, 8487, 8376, 8243, 8128, 8061, 8046, 7722, 7514, 7365, 7145, 6981, 6976, 6954, 6715, 6631, 6586, 6027, 5975, 5974, 5947, 5704, 5684, 5495, 5460, 5452, 5444, 5083, 4995, 4991, 4990, 4936, 4806, 4650, 4640, 4448, 4437, 4083, 4038, 3920, 3417, 3402, 3219, 3026, 2950, 2878, 2336, 2035, 1894, 1875, 1822, 1821, 1556, 1532, 1379, 1354, 1330, 1043, 934, 564, 54]",0.012499421162306089,0.39,0.36841303210072074,0.5529775744976895,0.903366743767669,0.19999999999999996
"[6418, 1556, 1555, 1546, 529, 30, 25, 24, 15, 13, 4, 1]",0.008123408196341745,0.89,0.3511723138895684,0.24113177324007085,0.8930866101259316,0.19999999999999996
"[8574, 8494, 8453, 8450, 7563, 7526, 7122, 7107, 7101, 7092, 6579, 6536, 6495, 6013, 5989, 5498, 5078, 4483, 4451, 4177, 4028, 3454, 3419, 3037, 2972, 2479, 2384, 2362, 2019, 1953, 1905, 1546, 1532, 1454, 1450, 1421, 1404, 1277, 1094, 904, 673, 665, 446, 433, 429, 385, 277, 231, 224, 220, 209, 162, 32, 31, 13, 12, 8, 4]",0.021883537855985184,0.43,0.3909038712266808,0.5026522571822248,0.7419686455923927,0.0
"[7943, 7045, 5639, 5516, 5163, 512]",0.0008786756193563325,0.95,0.11659256348349145,0.2694062458923431,0.9946029298380878,0.8
"[8488, 8037, 7086, 6687, 6647, 4264, 3491, 2983, 2709, 2591, 2006, 1873, 1319, 935, 856, 590, 512, 414, 291, 214, 208, 75]",0.00789650382032878,0.79,0.3460610574036006,0.3881379971918998,0.9175019275250578,0.19999999999999996
"[8385, 8370, 7895, 7728, 7361, 7355, 7164, 7094, 6824, 6160, 5838, 5681, 5656, 5303, 4497, 4494, 4485, 4469, 3614, 3351, 3227, 2733, 2720, 2314, 2295, 2246, 2126, 2076, 1796, 1707, 1678, 1663, 1582, 1567, 1199, 1092, 1068, 1022, 978, 920, 914, 880, 851, 713, 627, 596, 582, 553, 442, 433, 429, 318, 231, 209, 208, 201, 200, 190, 171, 86, 80, 77, 64, 35]",0.02615420236165779,0.37,0.4159208536150377,0.44818490900485464,0.6586995630943202,0.0
"[8494, 8451, 7855, 5106, 4490, 4483, 4478, 4477, 4474, 4058, 3033, 2362, 2028, 2026, 1907, 1872, 1405, 1404, 1332, 1277, 1231, 1094, 978, 946, 904, 880, 817, 736, 734, 665, 429, 318, 277, 240, 231, 224, 220, 219, 209, 201, 173, 162, 87, 65, 32, 31, 26, 12]",0.02361542023616578,0.53,0.38085418293010287,0.36671738429651857,0.6826008738113596,0.19999999999999996
"[8586, 8498, 8487, 8441, 8427, 8243, 8128, 8061, 8046, 7916, 7514, 7145, 6981, 6978, 6967, 6954, 6920, 6708, 6631, 6462, 6362, 5974, 5915, 5684, 5495, 5452, 5083, 4995, 4991, 4936, 4880, 4834, 4788, 4461, 4448, 4437, 4227, 3920, 3900, 3888, 3628, 3512, 3417, 3327, 3270, 3219, 3026, 3013, 2950, 2916, 2820, 2796, 2787, 2776, 2454, 2401, 2336, 2314, 2313, 2168, 1894, 1875, 1821, 1795, 1697, 1532, 1379, 1354, 1330, 1307, 1274, 1046, 772, 229, 222]",0.01521301227135911,0.26,0.4354174577588513,0.6345266835447089,0.8699563094320226,0.19999999999999996
"[6780, 2054, 1555, 1553, 1546, 1026, 529, 144, 141, 138, 15, 13, 4, 2, 1]",0.009851817550358879,0.86,0.3647858819005251,0.24913531798887312,0.8679002827036751,0.19999999999999996
"[8459, 8458, 8457, 8453, 8449, 8448, 7122, 7101, 7092, 6732, 6658, 5944, 5627, 5095, 5078, 4699, 4473, 4470, 4469, 4259, 4227, 4028, 3825, 3737, 3628, 3560, 3227, 3037, 2126, 2054, 2026, 2019, 1907, 1904, 1873, 1697, 1687, 1556, 1555, 1546, 1532, 1454, 1332, 1296, 1277, 1268, 1199, 1184, 1172, 1098, 1094, 1068, 880, 856, 851, 824, 806, 713, 627, 618, 600, 596, 582, 564, 529, 382, 294, 276, 231, 224, 220, 209, 208, 190, 171, 162, 155, 144, 141, 138, 124, 97, 86, 80, 77, 76, 64, 59, 54, 40, 35, 32, 30, 28, 25, 13]",0.03778536698309794,0.05,0.4435700728899893,0.43390323431194144,0.36674376766897965,0.0
"[8586, 8128, 8104, 8061, 8046, 7514, 7145, 7086, 6647, 6631, 6506, 6474, 5974, 5495, 5229, 5083, 4995, 4991, 4448, 4437, 4083, 3920, 3506, 3491, 3204, 3089, 3056, 3026, 2983, 2950, 2916, 2401, 2035, 1894, 1889, 1875, 1532, 1379, 935, 836, 414]",0.007014355174808984,0.6,0.31680887967175897,0.5226357706576178,0.947828321768183,0.4
"[8446, 8385, 8370, 7728, 7361, 7355, 7164, 6740, 6506, 6330, 5975, 5838, 5439, 5303, 5229, 4546, 4497, 4494, 4485, 4469, 3351, 3227, 2246, 2126, 1889, 1707, 1663, 1582, 1199, 1092, 1068, 1022, 978, 920, 914, 880, 851, 836, 713, 627, 596, 582, 553, 442, 433, 429, 318, 231, 209, 208, 201, 200, 190, 171, 86, 80, 77, 64, 42, 35, 32]",0.026131048853901367,0.4,0.3983318457238645,0.45472180458851763,0.6527884862503213,0.19999999999999996
"[7741, 4493, 4227, 3227, 2454, 2126, 2102, 2054, 1869, 1707, 1694, 1687, 1555, 1404, 1128, 1098, 1092, 1068, 1026, 951, 851, 627, 624, 614, 590, 553, 527, 201, 173, 165, 144, 141, 86, 77, 76, 73, 64, 36, 35, 31, 22, 2]",0.023456818708034267,0.59,0.41603164486548383,0.3906214540516869,0.6607555898226677,0.0
"[3370, 3227, 2126, 2102, 2054, 1697, 1694, 1687, 1582, 1556, 1553, 1546, 1231, 1184, 1128, 1098, 1094, 1092, 1068, 1026, 627, 624, 614, 600, 596, 590, 564, 553, 529, 209, 201, 173, 172, 165, 162, 144, 141, 138, 87, 86, 76, 73, 64, 62, 59, 54, 40, 36, 35, 32, 31, 30, 28, 25, 22, 15, 13, 4, 2, 1]",0.02838504283398935,0.41,0.4699480983723514,0.33707934727307776,0.47160113081470056,0.19999999999999996
"[8467, 8465, 8464, 8372, 7741, 7691, 6700, 6274, 6070, 5584, 5150, 5029, 4476, 4475, 4474, 4469, 4227, 4067, 3826, 3550, 3533, 3512, 3227, 2821, 2126, 2102, 2054, 2045, 1961, 1907, 1872, 1707, 1694, 1687, 1555, 1534, 1414, 1404, 1305, 1296, 1231, 1128, 1098, 1092, 1068, 934, 880, 808, 734, 627, 624, 614, 590, 553, 527, 468, 449, 429, 359, 318, 290, 283, 240, 231, 219, 209, 201, 173, 165, 144, 141, 86, 77, 76, 73, 64, 36, 35, 31]",0.033025005788376936,0.22,0.42103962892426716,0.41591457287500644,0.508609611924955,0.0
"[7722, 5512, 4776, 4640, 3941, 2336, 1901, 1821, 1043, 30, 25, 24]",0.0039800879833294745,0.89,0.2827752356861505,0.3382794332470821,0.9583654587509638,0.19999999999999996
"[8467, 8465, 8456, 7309, 6749, 4925, 4707, 4474, 4448, 3677, 3227, 3165, 2250, 2126, 2102, 1907, 1872, 1736, 1707, 1687, 1648, 1555, 1546, 1332, 1299, 1231, 1128, 1092, 1068, 1026, 880, 856, 817, 734, 627, 618, 614, 590, 588, 582, 553, 529, 370, 318, 240, 231, 222, 219, 214, 201, 200, 192, 173, 172, 165, 141, 97, 86, 76, 70, 67, 64, 58, 55, 54, 40, 38, 36, 35, 32, 31, 26, 24, 22, 20, 8, 2]",0.033177818939569344,0.24,0.43147477780594357,0.3756040994669618,0.40735029555384217,0.0
"[8459, 8458, 8457, 8453, 8449, 8448, 7595, 6708, 6687, 4495, 4491, 4487, 4485, 4484, 4481, 4480, 4478, 4473, 4470, 4469, 4264, 4216, 3490, 3227, 3204, 3013, 2709, 2591, 2126, 2026, 1907, 1904, 1873, 1697, 1687, 1585, 1546, 1443, 1420, 1404, 1332, 1296, 1277, 1199, 1188, 1184, 1172, 1098, 1094, 1026, 1022, 920, 904, 880, 856, 851, 824, 806, 713, 627, 618, 600, 596, 588, 582, 529, 527, 442, 429, 392, 382, 294, 276, 231, 224, 220, 209, 208, 190, 171, 162, 155, 144, 141, 138, 124, 97, 86, 80, 77, 76, 64, 59, 32, 30, 17, 13, 12, 4, 2]",0.0395913405880991,0.01,0.4544582334667068,0.3708581374498222,0.23952711385248004,0.19999999999999996
"[8427, 8243, 6967, 6708, 6462, 6362, 5684, 4880, 4788, 4478, 4477, 4461, 4227, 3900, 3888, 3628, 3512, 3270, 3219, 3013, 2916, 2796, 2787, 2776, 2454, 2336, 2314, 2028, 1821, 1697, 1404, 1046, 229]",0.009601759666589488,0.68,0.2969622946276159,0.464985151820404,0.9108198406579285,0.19999999999999996
"[8574, 8494, 8460, 8291, 7563, 7526, 7514, 7278, 6658, 6536, 6495, 6013, 5989, 5974, 5739, 5731, 5498, 4451, 4448, 4437, 4227, 4199, 3628, 3454, 3419, 3417, 3374, 2661, 2479, 2401, 2384, 2362, 2338, 2148, 2142, 2066, 2054, 1905, 1889, 1697, 1687, 1556, 1555, 1546, 1450, 1421, 1277, 1172, 1094, 1092, 1068, 836, 806, 582, 553, 529, 385, 277, 231, 224, 220, 209, 204, 162, 155, 144, 141, 87, 64, 59, 54, 40, 35, 30, 25, 13, 2]",0.027494790460754804,0.24,0.45562623492637533,0.5644051135232391,0.6335132356720637,0.19999999999999996
"[7855, 6506, 6330, 5229, 5106, 4478, 4477, 4474, 4058, 3033, 2362, 2212, 2028, 1907, 1889, 1872, 1405, 1332, 1231, 978, 946, 880, 836, 736, 734, 318, 240, 219, 201, 173, 163]",0.014119009029868025,0.7,0.33009496240102254,0.384051527995254,0.843484965304549,0.19999999999999996
"[8467, 8465, 8464, 8051, 7741, 7219, 6700, 6506, 6097, 5229, 4493, 4474, 4152, 3826, 3227, 3204, 3089, 3056, 2126, 2102, 1889, 1707, 1694, 1687, 1305, 1231, 1128, 1098, 1092, 1068, 836, 734, 627, 624, 614, 590, 240, 231, 219, 209, 173, 165, 86, 77, 76, 64, 61, 36, 35, 31]",0.023376939106274603,0.51,0.36867229834902004,0.4011104775911769,0.6918529940889231,0.0
"[5885, 4475, 2054, 1026, 382, 2, 1]",0.005476962259782357,0.94,0.27021037081277466,0.22734827392730728,0.9439732716525315,0.19999999999999996
"[7855, 7309, 6749, 4707, 3677, 3298, 3227, 3165, 2798, 2250, 2126, 2102, 1707, 1687, 1648, 1555, 1546, 1231, 1128, 1092, 1068, 627, 618, 614, 590, 588, 582, 553, 529, 222, 214, 201, 200, 192, 173, 172, 141, 97, 86, 76, 67, 64, 58, 55, 54, 40, 38, 36, 35, 32, 31, 26, 24, 22, 20, 8, 4]",0.026039592498263486,0.44,0.46692964906404233,0.42798893204248845,0.5597532767925983,0.19999999999999996
"[8574, 8494, 8370, 7728, 7526, 6495, 6013, 5989, 5705, 5208, 4451, 4216, 3454, 3419, 3227, 2384, 2362, 2126, 1905, 1707, 1697, 1582, 1556, 1555, 1421, 1277, 1199, 1184, 1098, 1068, 713, 627, 618, 600, 596, 588, 582, 529, 527, 231, 224, 220, 209, 208, 190, 171, 162, 155, 144, 141, 124, 97, 86, 80, 77, 76, 64, 42, 40, 36, 35, 32, 31, 30, 26, 25, 24, 22, 17, 15, 12]",0.028393146561704097,0.3,0.4670881068658501,0.42262546647645094,0.5348239527113853,0.19999999999999996
"[8467, 8037, 6647, 2443, 2006, 1873, 1555, 1546, 1299, 1026, 856, 590, 529, 214, 75, 31, 26, 24, 22, 20, 8, 2]",0.013082889557768002,0.79,0.36527519273148656,0.28907523905439514,0.8337188383448985,0.19999999999999996
"[8164, 7654, 6418, 6092, 5070, 5058, 3536, 3506, 2972, 2527, 2506, 2002, 1556, 1555, 1546, 1498, 1022, 529, 30, 25, 24, 15, 13, 4, 1]",0.010581153044686271,0.76,0.3786092655569102,0.37733195396176267,0.8745823695708044,0.19999999999999996
"[8494, 8451, 4490, 4483, 4295, 2026, 1277, 1094, 904, 665, 429, 277, 231, 224, 220, 209, 162, 87, 65, 32, 31, 26, 12]",0.014689742996063904,0.78,0.33005664021212267,0.3142201965261533,0.8265227447956823,0.0
"[8554, 8509, 8488, 8399, 8291, 8213, 8104, 8087, 8013, 7954, 7654, 7650, 7526, 7278, 7135, 7028, 6687, 6647, 6579, 6453, 6070, 6035, 6010, 5996, 5977, 5821, 5739, 5731, 5584, 5516, 5439, 5029, 5020, 4658, 4421, 4264, 4199, 4072, 3912, 3791, 3567, 3550, 3533, 3491, 3449, 3440, 2983, 2958, 2796, 2661, 2591, 2468, 2148, 2142, 2054, 2048, 2045, 1961, 1900, 1745, 1697, 1546, 1534, 1514, 1345, 1335, 1319, 1317, 1308, 1092, 1026, 978, 935, 899, 882, 809, 738, 474, 468, 449, 416, 414, 407, 402, 291, 284, 240, 225, 165, 87, 64, 8, 2]",0.024387589719842555,0.08,0.4752301717522909,0.6320653645261061,0.7527627859162169,0.19999999999999996
"[7741, 6700, 6249, 4227, 3227, 2102, 2054, 1707, 1694, 1687, 1555, 1128, 1098, 1092, 1068, 1026, 627, 624, 614, 590, 553, 527, 165, 144, 141, 86, 77, 76, 73, 64, 36, 35, 31, 22, 2]",0.019202361657791156,0.66,0.4271171667310325,0.37502308168699117,0.7265484451297867,0.19999999999999996
"[8488, 8467, 8465, 8456, 8213, 8104, 7954, 7943, 7309, 7142, 7045, 6749, 6687, 6647, 6010, 5516, 4925, 4707, 4497, 4493, 4488, 4478, 4477, 4474, 4448, 4264, 3677, 3491, 3227, 3165, 3013, 2983, 2591, 2540, 2250, 2126, 2048, 2026, 1907, 1872, 1707, 1687, 1648, 1443, 1413, 1405, 1404, 1332, 1319, 1299, 1231, 1128, 1092, 1029, 1022, 935, 920, 880, 856, 817, 734, 627, 618, 614, 590, 588, 582, 442, 429, 418, 414, 402, 370, 318, 291, 240, 231, 222, 219, 214, 201, 200, 192, 173, 172, 165, 141, 97, 86, 76, 70, 67, 64, 58]",0.03556494558925677,0.07,0.42413972685527257,0.44175160050803897,0.4582369570804421,0.0
"[8586, 8467, 8465, 8464, 8372, 8128, 8104, 8061, 8046, 7741, 7691, 7514, 7145, 7086, 6981, 6976, 6700, 6647, 6631, 6274, 5974, 5495, 5452, 5083, 4995, 4991, 4936, 4448, 4437, 4227, 4083, 3920, 3506, 3491, 3417, 3227, 3026, 2983, 2950, 2916, 2878, 2821, 2401, 2126, 2102, 2054, 2035, 1894, 1872, 1707, 1694, 1687, 1555, 1532, 1404, 1379, 1354, 1305, 1296, 1231, 1098, 1092, 1068, 935, 808, 590, 553, 527, 429, 414, 318, 290, 283, 209, 201, 173, 165, 144, 141, 77, 76, 73, 64, 36, 35, 31]",0.030419078490391292,0.15,0.42353675013804715,0.573949304990587,0.6263171421228476,0.0
"[8498, 8488, 8487, 8441, 8427, 8237, 7916, 6967, 6954, 6920, 6708, 6687, 6362, 4834, 4476, 4475, 4474, 4469, 4264, 3900, 3826, 3549, 3327, 3287, 2820, 2796, 2787, 2776, 2591, 2316, 1907, 1795, 1712, 1697, 1585, 1546, 1330, 1319, 1307, 1274, 1188, 1128, 880, 851, 816, 772, 734, 627, 624, 614, 529, 359, 291, 240, 231, 229, 222, 219, 214, 86, 15, 13, 8, 4, 1]",0.024159527668441767,0.36,0.3980609343447715,0.49960885003165034,0.7026471344127474,0.19999999999999996
"[8459, 8458, 8457, 8453, 8449, 8448, 7595, 6708, 6687, 4495, 4491, 4487, 4485, 4484, 4481, 4480, 4478, 4473, 4470, 4469, 4264, 4216, 3490, 3227, 3204, 3013, 2709, 2591, 2126, 2026, 1941, 1907, 1904, 1873, 1697, 1687, 1585, 1546, 1443, 1420, 1404, 1332, 1296, 1277, 1199, 1188, 1184, 1172, 1098, 1094, 1026, 1022, 920, 904, 880, 856, 851, 824, 806, 713, 627, 618, 600, 596, 588, 582, 529, 527, 442, 429, 392, 382, 294, 276, 231, 224, 220, 209, 208, 190, 171, 162, 155, 144, 141, 138, 124, 86, 80, 79, 77, 76, 64, 59, 32, 30, 17, 13, 4, 2]",0.03953114146793239,0.01,0.45092785529561774,0.3739420353869055,0.2441531739912619,0.19999999999999996
"[8441, 8427, 8061, 8046, 7920, 7514, 7292, 6749, 6506, 6474, 6260, 5974, 5495, 5452, 5229, 4936, 4707, 4448, 4437, 4197, 3920, 3677, 3417, 3327, 3204, 3165, 3089, 3056, 2798, 2796, 2650, 2401, 1894, 1889, 1875, 1379, 1274, 836, 722, 229, 210, 205, 52]",0.0075966658948830755,0.58,0.3214783591289353,0.5342321107172765,0.9429452582883577,0.4
"[7855, 7309, 6242, 6070, 5584, 5150, 5029, 4476, 4475, 4474, 4469, 4067, 3826, 3550, 3533, 3512, 3227, 2250, 2126, 2102, 2045, 1961, 1907, 1872, 1707, 1687, 1555, 1546, 1534, 1414, 1231, 1128, 1098, 1092, 1068, 934, 880, 734, 627, 624, 614, 590, 588, 582, 553, 529, 468, 449, 359, 240, 231, 219, 209, 201, 200, 192, 173, 172, 141, 86, 77, 76, 73, 67, 64, 58, 55, 54, 40, 38, 36, 35, 32, 31, 26, 24, 22, 20, 8, 4]",0.03318129196573281,0.21,0.4346505862797566,0.4053095739169893,0.4356206630686199,0.0
"[8467, 8463, 8460, 8459, 8457, 8456, 8453, 5885, 4925, 4491, 4486, 4482, 4477, 4476, 4475, 4471, 4470, 3227, 3204, 3013, 2180, 2054, 2028, 2026, 1907, 1872, 1697, 1687, 1461, 1420, 1404, 1332, 1326, 1324, 1299, 1277, 1231, 1184, 1094, 1026, 978, 951, 914, 906, 880, 856, 851, 817, 734, 627, 618, 600, 588, 582, 458, 446, 428, 413, 392, 386, 382, 359, 294, 290, 277, 276, 231, 220, 219, 202, 192, 190, 171, 150, 132, 124, 86, 67, 62, 59, 54, 2, 1]",0.03609516091687891,0.18,0.4356446390696853,0.3276612062647877,0.3317913132870728,0.19999999999999996
"[7943, 7855, 7045, 6749, 4707, 3677, 3415, 3298, 3227, 3165, 2798, 2250, 2126, 2102, 1707, 1687, 1648, 1555, 1413, 1299, 1231, 1128, 1092, 1068, 1029, 627, 618, 614, 590, 588, 582, 553, 529, 222, 214, 201, 200, 192, 173, 172, 97, 86, 76, 67, 64, 58, 55, 54, 40, 38, 36, 35, 32, 31, 26, 24, 22, 20]",0.025999073859689744,0.43,0.46043005022967687,0.422542936902367,0.5875096376252891,0.19999999999999996
"[6506, 6474, 5975, 5229, 4485, 3089, 1889, 1131, 836]",0.002820097244732577,0.92,0.18827142079662618,0.2717756567284708,0.9812387561038294,0.4
"[8637, 8540, 8488, 8237, 8213, 8159, 8155, 8128, 8104, 8053, 7954, 7943, 7655, 7408, 7235, 6967, 6836, 6708, 6687, 6683, 6317, 6010, 5639, 5566, 5516, 5492, 5481, 5335, 4984, 4580, 4443, 4334, 4332, 4302, 4264, 4215, 4210, 3900, 3548, 3506, 3491, 3441, 3399, 3167, 2983, 2591, 2540, 2493, 2383, 2016, 1978, 1731, 1720, 1717, 1712, 1585, 1502, 1491, 1376, 1340, 1319, 935, 623, 512, 414, 335, 291, 1]",0.014293818013429034,0.33,0.4064529332065664,0.6066910592740044,0.8856335132356721,0.19999999999999996
"[8213, 7954, 7943, 7086, 7045, 6687, 6683, 6647, 6010, 5516, 2591, 1413, 1404, 291, 220, 31]",0.005140078721926371,0.85,0.2843437401432165,0.3711121778161185,0.9568234387047032,0.19999999999999996
"[8467, 8463, 8459, 8453, 8262, 8237, 7731, 7236, 6824, 6708, 6687, 6219, 5779, 5681, 5266, 4925, 4731, 4719, 4491, 4486, 4482, 4477, 4476, 4475, 4471, 4470, 4264, 4200, 4179, 3703, 3013, 2733, 2720, 2591, 2180, 2028, 2026, 1907, 1872, 1712, 1697, 1678, 1656, 1611, 1585, 1546, 1404, 1324, 1299, 1277, 1188, 1184, 1137, 978, 951, 906, 856, 851, 734, 627, 618, 600, 588, 553, 529, 458, 446, 428, 413, 386, 359, 294, 290, 231, 219, 214, 192, 190, 173, 171, 132, 124, 86, 80, 77, 73, 62, 59, 54, 51, 49, 42, 15, 13, 8, 4, 1]",0.03666589488307479,0.04,0.4352489912525802,0.4162340593100019,0.4040092521202776,0.0
"[8488, 8104, 8037, 7086, 6687, 6647, 4264, 3491, 2983, 2591, 2006, 1873, 1712, 1319, 935, 856, 726, 590, 512, 414, 291, 214, 208, 75]",0.00865362352396388,0.77,0.3582373740399606,0.40231582093277507,0.911076843998972,0.19999999999999996
"[8370, 7728, 7361, 7355, 5303, 3227, 3169, 2126, 1707, 1697, 1694, 1687, 1582, 1556, 1555, 1546, 1231, 1199, 1184, 1128, 1098, 1092, 1068, 627, 624, 614, 600, 596, 590, 553, 529, 442, 433, 429, 318, 209, 201, 190, 173, 172, 171, 165, 162, 144, 141, 138, 87, 86, 76, 64, 42, 35, 32, 30, 25, 24, 15, 13, 4, 2, 1]",0.028008798332947442,0.4,0.47977526089171985,0.4068203958983656,0.5152916987920844,0.19999999999999996
"[8586, 8488, 8467, 8441, 8427, 8237, 8128, 8104, 8061, 8046, 7916, 7514, 7145, 7086, 6981, 6976, 6967, 6708, 6687, 6647, 6631, 6362, 5974, 5495, 5452, 5083, 4995, 4991, 4936, 4834, 4448, 4437, 4264, 4083, 3930, 3920, 3900, 3506, 3491, 3417, 3327, 3287, 3026, 2983, 2950, 2916, 2878, 2796, 2787, 2776, 2709, 2591, 2401, 2035, 2006, 1894, 1873, 1872, 1795, 1712, 1697, 1585, 1532, 1404, 1379, 1354, 1319, 1305, 1274, 1188, 935, 856, 816, 808, 590, 429, 414, 318, 291, 290, 283, 229, 222, 214, 208, 75, 1]",0.02471521185459597,0.14,0.4195780708584901,0.6634181686235451,0.7581598560781291,0.19999999999999996
"[8509, 8467, 1555, 1546, 1299, 1026, 529, 24, 22, 20, 8, 2]",0.00831095160916879,0.89,0.31247810322276903,0.2515228172934818,0.9054227704960165,0.19999999999999996
"[8586, 8498, 8487, 8465, 8464, 8372, 8128, 8104, 8061, 8046, 7741, 7691, 7514, 7145, 7086, 6981, 6976, 6954, 6920, 6700, 6647, 6631, 6274, 6027, 5974, 5495, 5452, 5083, 4995, 4991, 4936, 4437, 4227, 4083, 3920, 3506, 3491, 3417, 3227, 3026, 2983, 2950, 2916, 2878, 2821, 2820, 2527, 2401, 2316, 2126, 2102, 2054, 2035, 1894, 1875, 1707, 1694, 1687, 1555, 1532, 1379, 1354, 1330, 1307, 1296, 1231, 1098, 1092, 1068, 935, 772, 590, 553, 527, 414, 209, 201, 173, 165, 144, 141, 77, 76, 73, 64, 36, 35, 31]",0.027788840009261403,0.13,0.4363387868484605,0.6206890440621928,0.6772038036494474,0.0
"[8467, 2314, 1555, 1299, 1094, 1068, 1026, 627, 618, 600, 596, 529, 86, 76, 70, 58, 54, 38, 35, 32, 24, 22, 20, 8, 2]",0.016377633711507293,0.76,0.38623471929610564,0.29270581791299477,0.7684399897198664,0.0
"[8451, 8450, 7055, 4493, 4490, 4487, 4485, 4483, 4481, 4227, 3227, 2923, 2454, 2126, 1707, 1694, 1687, 1404, 1128, 1098, 1092, 951, 904, 851, 627, 624, 614, 590, 201, 173, 165, 144, 141, 86, 77, 76, 73, 64, 31, 12, 8, 4]",0.022666126418152348,0.59,0.3732488514104425,0.33125634808021265,0.6730917501927525,0.0
"[8488, 8487, 8460, 7968, 7967, 7963, 7954, 7943, 6920, 4899, 4131, 4037, 2854, 2853, 2820, 2360, 2313, 2066, 1795, 1694, 1319, 1307, 1098, 1094, 799, 772, 713, 582, 561, 291, 283, 276, 162, 155, 70, 32, 28, 15, 1]",0.014313498495021997,0.62,0.37394346574698256,0.4379633256910981,0.8388589051657671,0.19999999999999996
"[8488, 8487, 8441, 8427, 8104, 8061, 8046, 7920, 7916, 7514, 7292, 7086, 6967, 6920, 6708, 6687, 6647, 6362, 6260, 5974, 5495, 5452, 4936, 4834, 4707, 4448, 4437, 4264, 4197, 3920, 3900, 3506, 3491, 3417, 3327, 3287, 2983, 2916, 2820, 2798, 2796, 2787, 2776, 2709, 2591, 2401, 2316, 2006, 1894, 1875, 1873, 1795, 1712, 1697, 1585, 1379, 1319, 1307, 1274, 1188, 935, 856, 816, 772, 590, 414, 291, 229, 222, 214, 208, 75, 52, 1]",0.01880296364899282,0.27,0.4507660051358059,0.6523206694289709,0.8198406579285531,0.19999999999999996
"[8213, 7309, 6749, 6687, 4707, 4478, 4477, 4461, 3677, 3165, 3013, 2591, 2126, 2048, 2028, 1648, 1404, 1161, 1092, 1029, 627, 618, 614, 590, 588, 582, 97, 86, 76, 70, 67, 64, 58]",0.01644014818244964,0.68,0.3634181362010044,0.41236741208535,0.804420457465947,0.19999999999999996
"[4475, 382, 192, 1]",0.0037612873350312574,0.97,0.22860912260840882,0.20877343883483668,0.9681315857106142,0.19999999999999996
"[8586, 8498, 8487, 8441, 8128, 8061, 8046, 7916, 7741, 7514, 7145, 6981, 6978, 6954, 6920, 6631, 5974, 5915, 5495, 5452, 5083, 4995, 4991, 4936, 4497, 4496, 4493, 4448, 4437, 3920, 3417, 3327, 3026, 2950, 2820, 2454, 2401, 2313, 2168, 2102, 2054, 1997, 1894, 1875, 1869, 1795, 1555, 1532, 1379, 1354, 1330, 1307, 1274, 1094, 1068, 1026, 1022, 978, 951, 946, 920, 880, 772, 665, 553, 527, 442, 429, 402, 222, 87, 36, 35, 31, 22, 2]",0.026304700162074555,0.25,0.4130672691227101,0.5992410655043436,0.696479054227705,0.0
"[8376, 8302, 8291, 8243, 7789, 7691, 7654, 7526, 7347, 7278, 7014, 6848, 6715, 6274, 6236, 5947, 5739, 5731, 5704, 5684, 5460, 5444, 4914, 4880, 4806, 4650, 4640, 4478, 4272, 4199, 4072, 4038, 3646, 3567, 3512, 3402, 3219, 2796, 2697, 2661, 2336, 2148, 2142, 1821, 1514, 1043, 934, 738, 474, 225]",0.01002662653391989,0.51,0.2937548833608993,0.5762292231642545,0.9249550244153174,0.19999999999999996
"[8467, 8465, 8464, 8456, 4600, 4497, 4487, 4485, 4478, 4477, 4476, 4475, 4469, 3227, 2126, 2102, 2018, 1907, 1904, 1873, 1872, 1790, 1697, 1694, 1687, 1582, 1556, 1555, 1553, 1546, 1404, 1332, 1305, 1296, 1231, 1184, 1128, 1098, 1094, 1092, 1068, 1026, 920, 906, 880, 817, 808, 736, 734, 627, 624, 614, 600, 590, 582, 564, 553, 529, 458, 442, 407, 386, 359, 318, 290, 283, 240, 231, 219, 209, 201, 173, 172, 165, 162, 144, 141, 138, 87, 86, 76, 73, 64, 62, 59, 54, 40, 36, 35, 32, 31, 30, 28, 25, 22, 15, 13, 8, 4]",0.040862468163926836,0.02,0.44739615455845216,0.35653364240166585,0.17424826522744796,0.0
"[7855, 7718, 6506, 6330, 5229, 2362, 2250, 2212, 1889, 1332, 946, 836, 318, 201, 200, 173, 163, 38, 36, 35]",0.010077564250984024,0.81,0.35689870428274983,0.3364683233580936,0.887432536622976,0.19999999999999996
"[8441, 8427, 8061, 8046, 7920, 7595, 7292, 6708, 6687, 6260, 5494, 4834, 4707, 4448, 4264, 4216, 4197, 3677, 3327, 3280, 3204, 3165, 2798, 2796, 2787, 2709, 2591, 2401, 2126, 1894, 1697, 1687, 1585, 1379, 1277, 1274, 1199, 1188, 1184, 1098, 1094, 713, 629, 627, 618, 600, 596, 588, 582, 527, 229, 224, 220, 209, 208, 190, 171, 162, 141, 138, 124, 97, 86, 80, 77, 76, 64, 59, 17, 12]",0.025959712896503822,0.31,0.4637224506154536,0.5404473437172865,0.6540735029555385,0.19999999999999996
"[6330, 5529, 4490, 3220, 3083, 629, 590, 75, 1]",0.00565524426950683,0.92,0.2534805152554138,0.2644706089421188,0.9547674119763557,0.19999999999999996
"[8494, 8451, 8061, 7855, 4490, 4483, 2362, 2026, 1404, 1332, 1277, 1094, 904, 817, 665, 429, 277, 231, 224, 220, 209, 173, 162, 87, 65, 32, 31, 26, 12]",0.017182218106043066,0.72,0.343788586390685,0.35453536589801704,0.7959393472115137,0.0
"[8467, 8465, 8456, 7855, 7309, 6749, 4925, 4707, 4600, 4497, 4493, 4488, 4487, 4478, 4477, 4476, 4475, 4474, 4467, 4448, 3677, 3227, 3165, 3013, 2250, 2126, 2102, 2026, 1907, 1872, 1707, 1687, 1648, 1555, 1546, 1443, 1405, 1404, 1332, 1299, 1231, 1128, 1092, 1068, 1026, 920, 906, 880, 856, 817, 734, 627, 618, 614, 590, 588, 582, 553, 529, 458, 442, 429, 418, 407, 402, 386, 370, 318, 240, 231, 222, 219, 214, 201, 200, 192, 173, 172, 165, 141, 97, 86, 67, 64, 58, 55, 54, 40, 38, 36, 35, 32, 31, 26, 24, 22, 20, 2]",0.03901713359573975,0.03,0.4414100761001355,0.37940686014943137,0.2662554613209972,0.19999999999999996
"[8467, 2314, 2102, 1582, 1555, 1333, 1299, 1094, 1068, 1026, 600, 596, 564, 553, 529, 86, 76, 70, 62, 59, 58, 54, 38, 36, 35, 32, 22, 20, 8, 2]",0.017891873118777497,0.71,0.39846060623805923,0.3067578213915586,0.7347725520431765,0.19999999999999996
"[8467, 5113, 5106, 4478, 4477, 4474, 4058, 3033, 2028, 1907, 1872, 1555, 1546, 1405, 1299, 1231, 1026, 978, 880, 736, 734, 529, 240, 219, 32, 31, 26, 24, 22, 20, 8, 2]",0.017721694836767773,0.69,0.3468928820233651,0.342290638105167,0.7792341300436906,0.19999999999999996
"[8637, 8540, 8488, 8159, 8155, 8128, 8104, 8053, 7691, 7655, 7408, 7235, 6967, 6836, 6708, 6700, 6317, 6010, 5566, 5492, 5481, 5335, 4984, 4580, 4443, 4334, 4332, 4302, 4264, 4215, 4210, 3900, 3548, 3506, 3491, 3441, 3399, 3167, 2983, 2540, 2493, 2383, 2054, 2016, 1978, 1731, 1720, 1717, 1712, 1585, 1555, 1502, 1491, 1376, 1340, 1319, 1068, 935, 623, 553, 527, 414, 335, 291, 36, 35, 31]",0.017649918962722853,0.34,0.4203806502722367,0.5750085315338018,0.8350038550501157,0.19999999999999996
"[8467, 8463, 8459, 8453, 8262, 7731, 7703, 7236, 6824, 6219, 5779, 5681, 5512, 5266, 4925, 4776, 4731, 4719, 4640, 4491, 4486, 4482, 4477, 4476, 4475, 4471, 4470, 4200, 4179, 3941, 3703, 3219, 3013, 2733, 2720, 2336, 2180, 2028, 2026, 1907, 1901, 1872, 1821, 1697, 1678, 1656, 1556, 1404, 1324, 1299, 1277, 1184, 1137, 1043, 978, 951, 934, 906, 856, 851, 734, 627, 618, 600, 588, 553, 458, 446, 428, 413, 392, 386, 359, 294, 290, 231, 223, 219, 192, 190, 173, 171, 132, 124, 86, 80, 77, 73, 62, 59, 54, 51, 49, 42, 38, 32, 30, 24]",0.036661264181523504,0.03,0.4302580377194585,0.42538120662775614,0.4243125160627088,0.19999999999999996
"[8487, 8441, 8427, 8376, 8243, 8061, 8046, 7920, 7916, 7514, 7365, 7292, 6967, 6715, 6708, 6647, 6586, 6362, 6260, 5975, 5974, 5947, 5704, 5684, 5495, 5452, 5444, 4936, 4834, 4806, 4707, 4650, 4640, 4448, 4437, 4197, 4038, 3920, 3900, 3506, 3417, 3327, 3287, 3219, 2916, 2798, 2796, 2787, 2776, 2401, 2336, 2006, 1894, 1875, 1873, 1822, 1821, 1556, 1379, 1274, 1043, 934, 856, 816, 590, 564, 229, 222, 214, 208, 75, 54, 52]",0.017927761055799955,0.28,0.430041181777598,0.6113519328666179,0.8290927782061167,0.19999999999999996
"[2054, 1026, 484, 138, 4, 2, 1]",0.00519333178976615,0.94,0.29311602700733563,0.19027714031945098,0.9452582883577486,0.19999999999999996
"[665, 512, 54, 12, 1]",0.003840009261403103,0.96,0.2663915925835869,0.1917600561489149,0.9588794654330506,0.19999999999999996
"[8554, 8509, 8488, 8399, 8291, 8213, 8104, 8087, 8013, 7954, 7654, 7650, 7526, 7278, 7135, 7028, 6687, 6658, 6647, 6579, 6453, 6070, 6035, 6010, 5996, 5977, 5821, 5739, 5731, 5584, 5516, 5439, 5029, 5020, 4658, 4421, 4264, 4199, 4076, 4072, 3912, 3791, 3567, 3550, 3533, 3491, 3449, 3440, 2983, 2958, 2796, 2661, 2591, 2468, 2148, 2142, 2054, 2045, 1961, 1900, 1745, 1697, 1546, 1534, 1514, 1345, 1335, 1319, 1317, 1308, 1026, 978, 935, 899, 882, 809, 738, 474, 468, 449, 416, 414, 407, 402, 291, 284, 240, 225, 165, 87, 64, 8, 2]",0.024333178976614956,0.08,0.48659929482550957,0.6353781595325511,0.7635569262400411,0.19999999999999996
"[8467, 2054, 1691, 1556, 1555, 1553, 1546, 1068, 943, 618, 529, 54, 40, 35, 32, 31, 30, 28, 25, 22, 15, 13, 4, 2, 1]",0.01579184996526974,0.76,0.37986639198760297,0.28318173480936315,0.7756360832690825,0.19999999999999996
"[8399, 8291, 7278, 6658, 5739, 5731, 4227, 3628, 2796, 2661, 2148, 2142, 2066, 2054, 1845, 1745, 1697, 1687, 1556, 1555, 1546, 1172, 1094, 1092, 1068, 738, 582, 553, 529, 284, 276, 240, 225, 165, 162, 155, 144, 141, 87, 64, 59, 54, 40, 35, 30, 25, 13, 2]",0.021122945126186617,0.53,0.4441047739676359,0.4746599154963861,0.7113852480082241,0.0
"[8467, 8463, 8459, 8453, 8409, 8386, 8262, 7900, 7236, 6824, 6219, 5779, 5705, 5266, 5208, 4925, 4731, 4719, 4491, 4486, 4482, 4477, 4476, 4475, 4471, 4470, 4200, 4179, 3703, 3013, 2733, 2720, 2611, 2180, 2066, 2028, 2026, 1907, 1872, 1678, 1656, 1611, 1546, 1404, 1324, 1299, 1277, 1184, 1137, 978, 951, 906, 856, 851, 806, 734, 665, 627, 618, 600, 588, 458, 446, 428, 413, 386, 359, 294, 290, 233, 231, 222, 219, 214, 202, 201, 192, 190, 173, 172, 171, 155, 132, 124, 86, 80, 77, 73, 62, 59, 54, 35, 32, 30, 15, 4]",0.0367318823801806,0.05,0.4338034583568525,0.41456552789646584,0.39758416859419177,0.0
"[8488, 8487, 8441, 8104, 8061, 8046, 7920, 7916, 7514, 7292, 7086, 6967, 6920, 6708, 6687, 6647, 6362, 6260, 5974, 5495, 5452, 4936, 4834, 4707, 4448, 4437, 4264, 4197, 3920, 3900, 3506, 3491, 3417, 3287, 2983, 2916, 2820, 2798, 2796, 2787, 2776, 2709, 2591, 2401, 2316, 2006, 1894, 1875, 1873, 1795, 1712, 1697, 1585, 1379, 1319, 1307, 1274, 1188, 935, 856, 816, 772, 590, 414, 291, 229, 222, 214, 208, 75, 52, 1]",0.01885390136605696,0.29,0.44581143256739797,0.6382787970944681,0.8208686712927268,0.19999999999999996
"[8243, 6780, 5684, 5512, 4914, 4776, 4650, 4640, 3941, 3219, 2336, 1821, 1043, 934]",0.00265686501504978,0.87,0.22965538972964528,0.3691969665099941,0.978668722693395,0.6
"[6658, 4227, 3841, 1889, 836, 385]",0.0015790692289881917,0.95,0.1894568070468381,0.2605941284319747,0.9866358262657414,0.6
"[8459, 8458, 8457, 8453, 8449, 8448, 8423, 8262, 8206, 7731, 7236, 6824, 6240, 6219, 6160, 5836, 5827, 5779, 5681, 5656, 5216, 4814, 4757, 4731, 4719, 4495, 4491, 4487, 4485, 4484, 4481, 4480, 4478, 4473, 4470, 4469, 4200, 4179, 3829, 3703, 3614, 3490, 3292, 3257, 3227, 3013, 2777, 2733, 2720, 2607, 2295, 2250, 2233, 2091, 2026, 1907, 1904, 1873, 1796, 1678, 1656, 1567, 1546, 1543, 1443, 1420, 1404, 1332, 1296, 1212, 1172, 1068, 1026, 1024, 1022, 920, 904, 880, 856, 851, 824, 806, 628, 627, 600, 529, 442, 429, 392, 382, 294, 276, 216, 155, 144, 32, 30, 13, 4, 2]",0.034002083815698074,0.01,0.4268564816401821,0.44045115094070697,0.47262914417887436,0.19999999999999996
"[8488, 8213, 8104, 7954, 7943, 6687, 6683, 6317, 6249, 5639, 5516, 4264, 4227, 3491, 3227, 2983, 2591, 1707, 1694, 1687, 1319, 1128, 935, 627, 624, 614, 594, 512, 414, 291, 165, 144, 141, 86, 1]",0.012963648992822412,0.66,0.395892565194331,0.4346884529422931,0.851195065535852,0.19999999999999996
"[8376, 8302, 8291, 8243, 8178, 7924, 7789, 7654, 7526, 7347, 7278, 6848, 6780, 6774, 6715, 6236, 6143, 6133, 5947, 5739, 5731, 5704, 5684, 5460, 5444, 4914, 4806, 4725, 4650, 4640, 4272, 4199, 4072, 4038, 3950, 3710, 3567, 3512, 3402, 2796, 2661, 2336, 2159, 2148, 2142, 2054, 1905, 1592, 1546, 1514, 1026, 934, 738, 474, 225, 138, 4, 2, 1]",0.01441884695531373,0.42,0.3989086920574717,0.5965108760228273,0.8704703161141095,0.19999999999999996
"[8488, 8487, 8441, 8427, 7954, 7943, 7495, 6920, 6836, 6749, 6708, 6362, 4925, 4834, 4707, 4264, 4216, 4197, 4037, 3677, 3327, 3287, 3165, 2820, 2798, 2796, 2787, 2776, 2650, 2168, 1795, 1717, 1712, 1697, 1555, 1546, 1319, 1307, 1274, 1098, 1094, 1026, 772, 722, 713, 582, 529, 291, 229, 222, 210, 209, 205, 70, 8, 2]",0.017919657328085203,0.45,0.40334697381591167,0.5277547689205779,0.8054484708301208,0.19999999999999996
"[7691, 6780, 6274, 4880, 3219, 2697, 1555, 1553, 1043, 529, 144, 141, 15, 13, 4]",0.007655707339661959,0.86,0.3361479621456058,0.30601189071826995,0.9172449241840144,0.19999999999999996
"[4925, 4477, 4471, 3507, 2454, 2126, 2054, 2016, 1694, 1683, 1556, 1461, 1420, 1404, 1184, 1128, 1094, 951, 881, 880, 851, 614, 428, 413, 290, 277, 219, 214, 202, 171, 155, 144, 141, 87, 80, 73, 35, 15]",0.021995832368603842,0.63,0.3807796483320143,0.3451595837512199,0.6921099974299666,0.19999999999999996
"[8467, 8302, 8291, 8237, 8178, 7924, 7789, 7654, 7526, 7278, 6774, 6687, 6236, 6133, 5739, 5731, 5460, 4199, 4083, 4072, 3950, 3567, 2796, 2661, 2591, 2159, 2142, 2102, 1905, 1585, 1546, 1514, 1299, 1068, 738, 582, 474, 64, 58, 55, 54, 40, 38, 36, 35, 32, 31, 26, 24, 22, 20, 8]",0.01907849039129428,0.49,0.39867723380970244,0.5256900204860315,0.7589308661012593,0.19999999999999996
"[8376, 8243, 7722, 7365, 6715, 6586, 5947, 5704, 5684, 5499, 5460, 5444, 4914, 4806, 4650, 4038, 3402, 2054, 1553, 1546, 1026, 527, 16, 15, 14, 2, 1]",0.010596202824727946,0.74,0.369495164621948,0.4290632906238535,0.8825494731431509,0.19999999999999996
"[8467, 4925, 4477, 2250, 2054, 1546, 1026, 665, 529, 200, 141, 38, 36, 35, 32, 31, 26, 24, 2]",0.013981245658717296,0.82,0.32391127758656413,0.24137019819408312,0.8231817013621177,0.0
"[8509, 8467, 2054, 1795, 1299, 1026, 772, 24, 22, 20, 2]",0.006723778652465848,0.9,0.28740901531980767,0.2519828057293486,0.9318941146234901,0.19999999999999996
"[8467, 8465, 8464, 8456, 5624, 5227, 4600, 4497, 4487, 4485, 4477, 4476, 4475, 4469, 3227, 2126, 2102, 2018, 1941, 1907, 1904, 1873, 1872, 1790, 1697, 1694, 1687, 1582, 1556, 1555, 1553, 1546, 1404, 1332, 1305, 1296, 1231, 1184, 1128, 1098, 1094, 1092, 1068, 920, 906, 880, 817, 808, 736, 734, 665, 627, 624, 614, 600, 596, 590, 564, 553, 529, 458, 442, 407, 386, 359, 318, 290, 283, 240, 231, 219, 209, 201, 173, 172, 165, 162, 144, 141, 138, 87, 86, 76, 73, 64, 62, 59, 54, 40, 36, 35, 32, 31, 30, 28, 25, 22, 15, 13]",0.04101643899050706,0.02,0.4438793490703218,0.36941334577636153,0.2007196093549216,0.19999999999999996
"[8458, 8457, 8453, 8449, 8448, 8164, 7654, 6920, 6113, 4790, 4491, 4480, 4478, 4474, 4470, 4469, 3363, 3227, 3204, 2820, 2709, 2527, 2316, 2126, 1904, 1873, 1795, 1697, 1687, 1582, 1404, 1332, 1296, 1277, 1199, 1184, 1172, 1098, 1094, 1068, 1022, 880, 856, 851, 824, 806, 772, 713, 627, 618, 600, 596, 588, 582, 564, 553, 382, 294, 276, 231, 224, 220, 209, 208, 171, 155, 144, 141, 138, 124, 97, 86, 80, 77, 76, 59, 54, 1]",0.03371150729335494,0.23,0.4209754759114168,0.41130070206941094,0.4561809303520946,0.0
"[8494, 8370, 7728, 7563, 7526, 6971, 6536, 6495, 6013, 5989, 5705, 5208, 4451, 3419, 3227, 2384, 2362, 2126, 1707, 1697, 1582, 1556, 1555, 1546, 1421, 1242, 1184, 1098, 1068, 713, 600, 596, 588, 582, 529, 385, 231, 224, 220, 209, 208, 190, 171, 162, 155, 144, 141, 138, 97, 86, 80, 77, 76, 64, 42, 32, 30, 25, 24, 15, 13, 4, 2, 1]",0.026324380643667513,0.37,0.46183449437441315,0.45137264486102413,0.5967617579028528,0.0
"[8487, 7820, 6749, 6313, 4707, 4197, 4037, 3677, 3165, 2798, 2650, 1319, 1094, 722, 713, 582, 210, 209, 205, 70]",0.006888168557536467,0.81,0.32719680295207254,0.36290524822866876,0.943716268311488,0.19999999999999996
"[8456, 4485, 2126, 2102, 1790, 1697, 1694, 1687, 1582, 1556, 1555, 1553, 1546, 1296, 1231, 1184, 1128, 1098, 1094, 1092, 1068, 1026, 736, 734, 627, 624, 614, 600, 590, 582, 564, 553, 529, 240, 231, 219, 209, 201, 173, 172, 165, 162, 144, 141, 138, 87, 86, 76, 73, 64, 62, 59, 54, 40, 36, 35, 32, 31, 30, 25, 22, 15, 13, 8, 4]",0.03144477888400093,0.36,0.43920080921125226,0.38088261436987514,0.44076072988948856,0.0
"[5512, 4776, 3941, 1901, 1513]",0.00089488307478583,0.96,0.1501890258656846,0.2555203247738833,0.9933179131328708,0.8
"[8467, 8465, 8456, 7855, 7421, 7309, 6749, 6122, 5415, 4934, 4925, 4707, 4600, 4497, 4493, 4487, 4478, 4477, 4476, 4475, 4474, 4467, 4448, 3677, 3570, 3227, 3165, 3013, 2250, 2126, 2102, 2026, 1907, 1707, 1648, 1555, 1546, 1443, 1405, 1404, 1332, 1299, 1231, 1092, 1068, 1026, 920, 906, 880, 856, 817, 734, 627, 614, 590, 588, 582, 553, 529, 458, 442, 429, 418, 407, 402, 386, 370, 318, 240, 231, 222, 219, 214, 201, 200, 192, 173, 172, 165, 141, 97, 86, 67, 64, 58, 55, 54, 40, 38, 36, 35, 32, 31, 26, 24, 20, 2]",0.038174345913405884,0.04,0.43484045769756363,0.39462011406534825,0.3086610125931637,0.0
"[8554, 8087, 8013, 7943, 7855, 7654, 7650, 7526, 7135, 7045, 7028, 6070, 6035, 5996, 5977, 5739, 5584, 5439, 5029, 5020, 4421, 4199, 4072, 3912, 3550, 3533, 3449, 3440, 3227, 2958, 2796, 2661, 2468, 2250, 2148, 2102, 2054, 1961, 1900, 1707, 1697, 1687, 1555, 1534, 1514, 1413, 1345, 1335, 1317, 1308, 1299, 1092, 1068, 1029, 978, 899, 882, 809, 588, 582, 553, 529, 468, 449, 416, 407, 402, 315, 284, 240, 201, 200, 192, 173, 172, 165, 87, 76, 67, 64, 58, 55, 54, 40, 38, 36, 35, 32, 31, 26, 24, 22, 20, 15]",0.03149687427645288,0.07,0.48563104209573627,0.511242405122747,0.5463891030583398,0.0
"[1026, 31, 8, 4]",0.003910627460060199,0.97,0.26127138755561474,0.1674453888423022,0.9635055255718324,0.19999999999999996
"[8467, 8465, 8464, 8372, 8194, 7741, 7691, 6700, 6274, 4227, 3227, 2126, 2102, 2054, 1707, 1694, 1687, 1555, 1444, 1305, 1296, 1098, 1092, 1068, 808, 627, 590, 553, 527, 294, 290, 283, 231, 201, 173, 165, 144, 141, 86, 77, 76, 73, 64, 36, 35, 31]",0.0238944200046307,0.55,0.39640829974907144,0.377427094658599,0.6712927268054485,0.0
"[7691, 6274, 4471, 3507, 2697, 2454, 2126, 2054, 2016, 1694, 1683, 1556, 1461, 1420, 1404, 1285, 1184, 1128, 1094, 951, 881, 880, 851, 614, 428, 290, 277, 219, 214, 202, 171, 155, 144, 87, 80, 73, 35, 15]",0.02070965501273443,0.63,0.40521171995399496,0.3653764502764979,0.71781033153431,0.19999999999999996
"[8399, 8291, 7691, 7278, 6274, 5739, 5731, 4880, 4227, 3628, 3616, 3219, 2796, 2697, 2661, 2148, 2142, 1845, 1821, 1745, 1697, 1687, 1556, 1555, 1172, 1094, 1092, 1068, 1043, 738, 582, 553, 284, 276, 240, 225, 165, 162, 155, 144, 141, 87, 64, 59, 54, 40, 35, 30, 25]",0.02,0.52,0.43812957380704076,0.4931819643141596,0.7494217424826523,0.19999999999999996
"[8467, 8463, 8459, 8457, 8456, 8453, 8449, 5885, 4475, 3227, 3204, 2180, 2054, 1697, 1687, 1332, 1326, 1324, 1299, 1277, 1231, 1184, 1094, 1026, 817, 734, 627, 618, 600, 588, 582, 382, 294, 290, 277, 276, 231, 220, 219, 202, 192, 190, 171, 150, 132, 124, 86, 67, 62, 59, 54, 2, 1]",0.02723084047233156,0.48,0.3964959350366051,0.3026502354215683,0.5654073502955539,0.19999999999999996
"[8574, 8494, 8291, 7526, 7514, 7278, 6495, 6013, 5989, 5974, 5739, 5731, 5512, 5498, 4914, 4776, 4650, 4640, 4451, 4448, 4437, 4199, 3941, 3628, 3454, 3419, 3417, 3374, 2661, 2479, 2401, 2384, 2362, 2338, 2336, 2148, 2142, 2066, 1905, 1889, 1697, 1687, 1556, 1555, 1450, 1421, 1277, 1172, 1094, 1092, 1068, 1043, 906, 836, 806, 582, 553, 529, 277, 231, 224, 220, 209, 204, 162, 155, 144, 141, 87, 64, 59, 54, 40, 35, 30, 25, 13]",0.026545496642741376,0.24,0.46954118982685833,0.5480749606021301,0.6586995630943202,0.19999999999999996
"[4471, 3507, 2454, 2126, 2054, 2016, 1795, 1694, 1683, 1556, 1461, 1420, 1404, 1184, 1128, 1094, 1026, 951, 881, 880, 851, 772, 614, 428, 413, 290, 277, 219, 202, 155, 144, 87, 80, 73, 35, 15, 2]",0.02125492012039824,0.64,0.40704794752785767,0.3685017765525721,0.7013621177075302,0.19999999999999996
"[6313, 5643, 3370, 3227, 2126, 2102, 2054, 1697, 1694, 1687, 1582, 1556, 1553, 1546, 1231, 1184, 1128, 1098, 1094, 1092, 1068, 1026, 627, 624, 614, 600, 596, 590, 564, 553, 529, 209, 201, 173, 172, 165, 162, 144, 141, 138, 87, 86, 76, 73, 64, 62, 59, 54, 40, 36, 35, 32, 31, 30, 28, 25, 22, 15, 13, 4, 2]",0.028793702245890253,0.4,0.4702868799510447,0.3493054290681674,0.4813672577743511,0.19999999999999996
"[8467, 8465, 8464, 8372, 8087, 7741, 7691, 7654, 7650, 7171, 7135, 7028, 6700, 6274, 6070, 6035, 5584, 5029, 5020, 4475, 4474, 4469, 4227, 4072, 3826, 3567, 3550, 3533, 3449, 3227, 2958, 2931, 2821, 2468, 2126, 2102, 2054, 2045, 1907, 1872, 1707, 1694, 1687, 1555, 1534, 1514, 1414, 1404, 1305, 1296, 1231, 1128, 1098, 1092, 1068, 978, 899, 882, 880, 808, 734, 627, 624, 614, 590, 553, 527, 474, 468, 449, 429, 416, 407, 402, 359, 318, 290, 283, 240, 231, 219, 209, 201, 173, 165, 144, 141, 86, 77, 76, 73, 64, 36, 35, 31]",0.03650382032877981,0.06,0.43096306091271164,0.49410033791899943,0.4685170907221794,0.0
"[8262, 7731, 7703, 7236, 6824, 6219, 5779, 5681, 4731, 4719, 4200, 4179, 3703, 2733, 2720, 2180, 2054, 1697, 1678, 1656, 1556, 1553, 1546, 1184, 1137, 1026, 817, 627, 618, 600, 588, 553, 527, 190, 173, 171, 132, 124, 86, 80, 77, 73, 62, 59, 54, 51, 49, 42, 38, 32, 30, 24, 16, 14, 2, 1]",0.023900208381569806,0.45,0.44611297497168245,0.43087680784695603,0.6463634027242354,0.0
"[8488, 7691, 6967, 6836, 6708, 6700, 6317, 5113, 4478, 4477, 4264, 3900, 3506, 3491, 2983, 2543, 2054, 1978, 1720, 1717, 1712, 1585, 1555, 1319, 1068, 553, 527, 414, 291, 36, 35, 31]",0.012861773558694141,0.69,0.3220413486278383,0.4464236799606335,0.8763813929581085,0.0
"[8465, 8464, 8455, 8372, 7741, 7691, 6700, 6274, 4227, 3227, 2821, 2126, 2102, 2054, 1872, 1707, 1694, 1687, 1555, 1414, 1404, 1305, 1296, 1231, 1128, 1098, 1092, 1068, 808, 734, 614, 590, 553, 527, 429, 318, 290, 283, 231, 219, 209, 201, 173, 165, 144, 141, 86, 77, 76, 73, 64, 36, 35, 31]",0.027101180828895576,0.47,0.41218710786980994,0.39534942347361013,0.6083269082498073,0.19999999999999996
"[7278, 4493, 4490, 4487, 4485, 4483, 4227, 3227, 2454, 2126, 1707, 1694, 1687, 1546, 1404, 1128, 1098, 1092, 951, 904, 851, 627, 624, 614, 590, 201, 173, 165, 144, 141, 86, 77, 76, 73, 64, 31, 13, 12, 8, 4, 2, 1]",0.023214864551979623,0.59,0.38946600201384374,0.3388469658386677,0.6466204060652789,0.19999999999999996
"[8637, 8540, 8449, 8159, 8155, 8128, 8104, 8053, 7655, 7408, 7235, 6010, 5566, 5492, 5481, 5335, 5106, 4984, 4580, 4474, 4443, 4334, 4332, 4302, 4215, 4210, 4058, 3548, 3441, 3399, 3167, 3033, 2540, 2493, 2383, 2028, 2016, 1907, 1872, 1731, 1555, 1546, 1502, 1491, 1405, 1376, 1299, 1231, 1026, 978, 935, 880, 736, 734, 623, 529, 335, 240, 219, 32, 31, 26, 24, 22, 20, 8, 2]",0.023473026163463764,0.34,0.4053226481760227,0.5646316374596458,0.73502955538422,0.0
"[8637, 8540, 8488, 8237, 8159, 8155, 8128, 8104, 8053, 7767, 7655, 7408, 7235, 6967, 6836, 6708, 6687, 6317, 6010, 5566, 5492, 5481, 5335, 4984, 4580, 4443, 4334, 4332, 4302, 4264, 4215, 4210, 3900, 3548, 3506, 3491, 3441, 3399, 3167, 2983, 2540, 2493, 2383, 2054, 2016, 1978, 1731, 1720, 1717, 1712, 1585, 1553, 1546, 1502, 1491, 1376, 1340, 1319, 1026, 935, 623, 527, 335, 291, 16, 15, 14, 2, 1]",0.01927761055799954,0.32,0.44103656641653566,0.5772080211575292,0.8059624775122076,0.19999999999999996
"[8467, 8463, 8460, 8459, 8457, 8456, 8453, 7990, 4925, 4491, 4486, 4482, 4477, 4476, 4475, 4471, 4470, 4131, 3589, 3227, 3204, 3013, 2387, 2180, 2054, 2028, 2026, 1907, 1872, 1697, 1687, 1556, 1555, 1553, 1546, 1461, 1420, 1404, 1326, 1324, 1299, 1277, 1231, 1184, 1094, 978, 951, 914, 906, 880, 856, 851, 817, 734, 627, 618, 600, 588, 582, 553, 458, 446, 428, 413, 392, 386, 359, 294, 290, 277, 276, 231, 219, 202, 192, 190, 171, 150, 132, 124, 86, 73, 67, 62, 59, 54, 51, 49, 42, 38, 32, 30, 25, 16, 15, 14]",0.03919194257930077,0.05,0.4429232739281973,0.3516608895255111,0.24723721408378307,0.19999999999999996
"[8376, 8243, 8213, 7954, 7943, 7722, 7365, 6715, 6683, 6586, 5947, 5704, 5684, 5639, 5516, 5499, 5460, 5444, 4914, 4806, 4650, 4038, 3402, 2591, 1941, 414, 1]",0.005420236165779115,0.74,0.28726799330379094,0.4372068273051336,0.9604214854793113,0.4
"[8399, 8291, 8262, 8206, 7731, 7278, 7236, 6219, 6160, 5739, 5731, 5681, 5656, 4227, 3614, 2796, 2661, 2607, 2148, 2142, 2091, 1845, 1745, 1697, 1687, 1546, 1543, 1172, 1094, 1068, 1024, 738, 582, 529, 284, 276, 240, 225, 165, 162, 155, 144, 141, 87, 30, 13, 2]",0.017799259087751793,0.54,0.4343445329979073,0.5420364240492239,0.7969673605756875,0.19999999999999996
"[8376, 8302, 8291, 8243, 7789, 7654, 7526, 7347, 7278, 7014, 6848, 6715, 6236, 5947, 5739, 5731, 5704, 5684, 5460, 5444, 4925, 4914, 4880, 4806, 4650, 4640, 4478, 4477, 4272, 4199, 4072, 4038, 3646, 3567, 3512, 3402, 3219, 2796, 2661, 2336, 2148, 2142, 1821, 1514, 1043, 998, 934, 738, 474, 225, 141]",0.012353554063440611,0.5,0.2980511022580191,0.5640005069259857,0.9000257003341043,0.19999999999999996
"[8376, 8302, 8291, 8243, 7789, 7654, 7526, 7347, 6848, 6780, 6715, 6236, 6046, 5947, 5739, 5731, 5704, 5684, 5460, 5444, 4914, 4806, 4707, 4650, 4640, 4272, 4199, 4072, 4038, 3950, 3567, 3512, 3415, 3402, 3298, 2798, 2796, 2661, 2336, 2148, 2142, 2054, 1648, 1546, 1514, 1128, 1026, 934, 738, 627, 618, 614, 474, 225, 138, 4, 2, 1]",0.015928455661032646,0.43,0.4123701581385094,0.5723577307923164,0.8378308918015934,0.19999999999999996
"[8488, 8213, 8104, 7954, 6687, 6683, 6317, 6249, 5639, 5516, 4264, 4227, 4083, 3491, 3227, 3094, 2983, 2591, 2035, 1707, 1694, 1687, 1532, 1354, 1319, 1128, 935, 627, 624, 614, 594, 512, 414, 291, 165, 144, 141, 86, 1]",0.013547117388284324,0.62,0.40950848826813935,0.45957372733349167,0.8460549987149832,0.19999999999999996
"[8554, 8509, 8488, 8399, 8291, 8213, 8104, 8087, 8013, 7954, 7943, 7654, 7650, 7526, 7278, 7135, 7045, 7028, 6687, 6658, 6647, 6579, 6453, 6070, 6035, 6010, 5996, 5977, 5821, 5739, 5731, 5584, 5516, 5439, 5029, 5020, 4658, 4421, 4264, 4199, 4072, 3912, 3791, 3567, 3550, 3533, 3491, 3449, 3440, 2983, 2958, 2796, 2661, 2591, 2468, 2148, 2142, 2054, 2048, 2045, 1961, 1900, 1745, 1697, 1534, 1514, 1345, 1335, 1319, 1317, 1308, 1092, 1026, 978, 935, 899, 882, 809, 738, 561, 474, 468, 449, 416, 414, 407, 402, 315, 291, 284, 240, 225, 87, 64]",0.022743690669136375,0.07,0.4667152902008139,0.647598631937623,0.7902852737085582,0.19999999999999996
"[8467, 2314, 1555, 1299, 1094, 1068, 1026, 529, 76, 70, 58, 54, 38, 24, 22, 20, 8, 2]",0.01227946283862005,0.83,0.3474573976069233,0.26348051744846324,0.8411719352351581,0.19999999999999996
"[7654, 7135, 6647, 6592, 6579, 6274, 6070, 5584, 4072, 3567, 3550, 3533, 2045, 1961, 1534, 1514, 978, 474, 468, 449, 171]",0.0053241491085899515,0.8,0.30152534310194934,0.3956291681301679,0.951940375224878,0.19999999999999996
"[8467, 8302, 8178, 8051, 7924, 7789, 7378, 7278, 6862, 6861, 6774, 6687, 6506, 6133, 6097, 5739, 5348, 5316, 5314, 5229, 4213, 4090, 4083, 4072, 3567, 3298, 3056, 2682, 2269, 2159, 1905, 1889, 1546, 1514, 1299, 836, 744, 32, 31, 26, 24, 22, 20, 8]",0.0129520722389442,0.57,0.3512959586733614,0.48246180167385333,0.8756103829349782,0.19999999999999996
"[7741, 7125, 6700, 6249, 2102, 2054, 1555, 1128, 1098, 1092, 1068, 1026, 627, 624, 614, 590, 553, 527, 86, 77, 76, 73, 64, 36, 35, 31, 22, 2]",0.015879833294744152,0.73,0.40305439656387476,0.3509766123305397,0.7851452068876895,0.19999999999999996
"[8534, 8487, 8467, 8463, 8460, 8459, 8457, 8453, 8376, 8243, 7365, 6967, 6741, 6715, 6708, 6647, 6586, 5947, 5704, 5684, 5452, 5444, 4936, 4925, 4806, 4650, 4640, 4471, 4470, 4038, 3920, 3900, 3506, 3227, 3219, 2336, 1907, 1872, 1822, 1821, 1697, 1687, 1556, 1332, 1326, 1324, 1299, 1277, 1231, 1184, 1043, 934, 880, 856, 851, 817, 816, 734, 590, 564, 359, 294, 290, 277, 276, 231, 219, 202, 192, 190, 171, 150, 75, 54, 52]",0.02803774021764297,0.26,0.38140698179765353,0.42722620799312705,0.6247751220765869,0.19999999999999996
"[8487, 8427, 8376, 8243, 8164, 8046, 7916, 7654, 7514, 7365, 6967, 6715, 6708, 6647, 6586, 6362, 6092, 5975, 5974, 5947, 5704, 5684, 5549, 5452, 5444, 5070, 5058, 4936, 4902, 4834, 4806, 4707, 4650, 4640, 4448, 4437, 4197, 4038, 4012, 3920, 3900, 3536, 3520, 3506, 3417, 3287, 3219, 2916, 2799, 2796, 2787, 2776, 2527, 2506, 2401, 2336, 2006, 2002, 1894, 1875, 1873, 1822, 1821, 1556, 1498, 1379, 1043, 1022, 934, 856, 816, 590, 564, 229, 222, 214, 208, 75, 54, 52]",0.019563556378791386,0.21,0.4412764888691819,0.6183814488091275,0.8129015677203804,0.19999999999999996
"[8399, 8291, 7526, 7278, 6658, 6495, 6013, 5989, 5739, 5731, 5208, 4451, 4227, 4216, 3628, 3454, 3419, 3405, 2796, 2661, 2384, 2148, 2142, 2066, 2054, 1905, 1845, 1745, 1697, 1687, 1556, 1555, 1546, 1172, 1094, 1092, 1068, 738, 627, 618, 600, 596, 582, 553, 529, 240, 231, 225, 224, 220, 209, 208, 165, 162, 155, 144, 141, 124, 97, 87, 86, 80, 77, 64, 59, 54, 40, 35, 30, 25, 13, 2]",0.027992590877517945,0.29,0.4781538618894482,0.5021746564748942,0.5877666409663326,0.19999999999999996
"[6641, 4776, 3589, 2387, 1513]",0.0008231072007409123,0.96,0.15725533847073736,0.24455468031868588,0.992289899768697,0.8
"[8376, 8243, 7722, 7365, 6715, 6586, 6506, 6474, 5975, 5947, 5704, 5684, 5460, 5229, 4914, 4806, 4485, 4038, 3402, 3089, 1889, 1131, 836]",0.004873813382727484,0.78,0.2194046374579176,0.4271162795265079,0.9694166024158314,0.19999999999999996
"[7990, 3050, 2054]",0.0009458207918499653,0.98,0.1707477339998199,0.20359859891538912,0.9925469031097405,0.6
"[8488, 8104, 8037, 7703, 7086, 6647, 4640, 4264, 3491, 2983, 1712, 1556, 1319, 1043, 935, 856, 553, 414, 42, 38, 32, 30, 24]",0.009083121092845566,0.78,0.3477597813936193,0.3897964568421246,0.9085068105885377,0.19999999999999996
"[8554, 8509, 8488, 8399, 8291, 8213, 8104, 8087, 8013, 7954, 7654, 7650, 7526, 7278, 7135, 7028, 6687, 6647, 6579, 6464, 6453, 6070, 6035, 6010, 5996, 5977, 5821, 5739, 5731, 5516, 5439, 5029, 5020, 4658, 4421, 4264, 4199, 4076, 4072, 3912, 3791, 3567, 3550, 3533, 3491, 3449, 3440, 2983, 2958, 2796, 2661, 2591, 2468, 2148, 2142, 2054, 2045, 1961, 1900, 1745, 1697, 1546, 1534, 1514, 1413, 1345, 1335, 1319, 1317, 1308, 1029, 978, 935, 899, 882, 809, 738, 474, 468, 449, 416, 414, 407, 402, 291, 284, 240, 225, 165, 87, 64, 8, 2]",0.023844639962954387,0.08,0.47903086724109645,0.6319718630099123,0.7668979696736058,0.19999999999999996
"[8302, 7789, 7278, 4478, 4477, 3567, 1026, 998, 31, 4]",0.005475804584394535,0.91,0.23834717376984604,0.271758288308799,0.9545104086353122,0.19999999999999996
"[8574, 2102, 1582, 1556, 1555, 1421, 1102, 1094, 1068, 600, 596, 564, 553, 529, 527, 144, 141, 86, 76, 70, 62, 59, 38, 36, 35, 32, 24, 22, 17, 15, 12]",0.017551516554758048,0.7,0.4229375746054721,0.2980762637396204,0.7345155487021331,0.19999999999999996
"[8467, 8302, 8178, 7924, 7789, 7654, 7278, 6774, 6749, 6133, 5739, 4707, 4083, 4072, 3950, 3677, 3626, 3567, 3165, 2796, 2159, 2126, 2102, 1905, 1555, 1546, 1514, 1299, 1092, 1068, 1026, 614, 590, 588, 582, 553, 529, 97, 67, 64, 58, 55, 54, 40, 38, 36, 35, 32, 31, 26, 24, 20, 2]",0.021920583468395462,0.48,0.41789012521969493,0.48052215830912093,0.6895399640195323,0.19999999999999996
"[8376, 8302, 8291, 7829, 7789, 7654, 7526, 7347, 6848, 6780, 6715, 6236, 6046, 5947, 5739, 5731, 5704, 5684, 5460, 5444, 4806, 4707, 4272, 4199, 4072, 4038, 3950, 3567, 3512, 3415, 3402, 3298, 2798, 2796, 2661, 2148, 2142, 2054, 1648, 1556, 1555, 1553, 1546, 1514, 1128, 943, 738, 627, 618, 614, 474, 225, 22, 15, 13, 4, 2, 1]",0.01780620514007872,0.43,0.43234065930116505,0.5487098124982553,0.8046774608069904,0.19999999999999996
"[8376, 8243, 7347, 7249, 6848, 6715, 6236, 5947, 5731, 5704, 5684, 5460, 5444, 4914, 4806, 4756, 4640, 4478, 4272, 4038, 3512, 3402, 3219, 3204, 3089, 2796, 2336, 2142, 1895, 1821, 1043, 934, 225]",0.0071034961796712206,0.68,0.2612283410825339,0.497652836851183,0.9503983551786174,0.19999999999999996
"[8051, 7219, 4152, 3650, 3089, 2682, 2054, 1546, 1026, 138, 2, 1]",0.006155360037045613,0.89,0.3171910429795637,0.28679292404479806,0.9329221279876638,0.19999999999999996
"[5512, 4776, 4648, 4640, 3941, 3219, 2336, 1901, 1821, 1043, 934]",0.0021498031951840703,0.9,0.22290704223256275,0.3538629167033448,0.9802107427396556,0.6
"[8467, 8465, 8464, 8372, 7741, 7691, 7654, 6700, 6274, 4475, 4227, 4072, 3774, 3567, 3227, 3013, 2821, 2126, 2102, 2054, 2028, 2026, 1907, 1872, 1707, 1694, 1687, 1555, 1514, 1461, 1414, 1404, 1305, 1296, 1231, 1128, 1098, 1092, 1068, 978, 951, 880, 808, 734, 624, 614, 590, 553, 527, 474, 458, 446, 429, 428, 413, 359, 318, 290, 283, 240, 231, 219, 209, 201, 173, 165, 144, 141, 86, 77, 76, 73, 64, 36, 35, 31]",0.03370687659180366,0.25,0.42565646449614003,0.41490608293102194,0.4767411976355692,0.0
"[8465, 8464, 8455, 8372, 7741, 7691, 7654, 7650, 7135, 6700, 6274, 4405, 4227, 4072, 3567, 3227, 2931, 2821, 2468, 2126, 2102, 2054, 1872, 1707, 1694, 1687, 1555, 1514, 1414, 1404, 1305, 1296, 1231, 1128, 1098, 1092, 1068, 978, 808, 734, 614, 590, 553, 527, 474, 429, 416, 318, 290, 283, 231, 219, 209, 201, 173, 165, 144, 141, 86, 77, 76, 73, 64, 36, 35, 31]",0.029524195415605463,0.35,0.41862788557007513,0.4376856182724268,0.5772295039835518,0.19999999999999996
"[8467, 8243, 4914, 4650, 4640, 2336, 2054, 1691, 1546, 1068, 934, 881, 618, 138, 54, 40, 35, 32, 31, 30, 28, 25, 4, 2, 1]",0.013511229451261866,0.76,0.3607919044752772,0.3353444357670692,0.816242611153945,0.19999999999999996
"[3941, 3050, 1901, 190]",0.001239870340356564,0.97,0.1711117185370189,0.23402485181124721,0.9892058596761758,0.6
"[8586, 8498, 8488, 8487, 8441, 8427, 8237, 8128, 8104, 8061, 8046, 7916, 7514, 7145, 7086, 6981, 6976, 6967, 6954, 6920, 6708, 6687, 6647, 6631, 6362, 6027, 5974, 5495, 5452, 5083, 4995, 4991, 4936, 4831, 4448, 4437, 4264, 4083, 3920, 3900, 3506, 3491, 3417, 3327, 3287, 3026, 2983, 2950, 2916, 2878, 2820, 2796, 2787, 2776, 2709, 2591, 2401, 2316, 2054, 2035, 2006, 1894, 1875, 1873, 1795, 1712, 1697, 1585, 1532, 1420, 1379, 1354, 1330, 1319, 1307, 1274, 1188, 1026, 935, 856, 816, 772, 414, 291, 229, 222, 214, 2]",0.021125260476962258,0.13,0.4604004818575802,0.6696370050019371,0.8054484708301208,0.19999999999999996
"[8586, 8494, 8451, 8128, 8061, 8046, 7855, 7514, 7145, 6981, 6976, 6783, 6631, 6027, 5974, 5495, 5452, 5083, 4995, 4991, 4936, 4490, 4483, 4448, 4437, 4083, 3920, 3417, 3026, 2950, 2878, 2401, 2362, 2035, 2026, 1894, 1875, 1532, 1404, 1379, 1354, 1332, 1277, 1094, 904, 817, 665, 429, 277, 231, 224, 220, 209, 173, 87, 65, 32, 31, 26, 12]",0.021667052558462605,0.41,0.3775219311273701,0.5747627961537423,0.7663839629915189,0.19999999999999996
"[8457, 8456, 8453, 8302, 8178, 7924, 7789, 7654, 6780, 6774, 6143, 6133, 5739, 4725, 4199, 4083, 4072, 3950, 3710, 3227, 3204, 2796, 2180, 2159, 1905, 1697, 1687, 1555, 1546, 1514, 1277, 1231, 1184, 1094, 1026, 734, 627, 618, 600, 588, 582, 529, 231, 220, 219, 202, 192, 190, 171, 150, 124, 86, 67, 62, 59, 54, 8, 2]",0.02451956471405418,0.43,0.3996482576829117,0.4209938218772058,0.6499614494988435,0.19999999999999996
"[8463, 8461, 8459, 8451, 8447, 8053, 7820, 7408, 6010, 5492, 4984, 4471, 4470, 4469, 4468, 4334, 4215, 4210, 3441, 3227, 2250, 1907, 1904, 1873, 1556, 1555, 1546, 1332, 1305, 1296, 1277, 1199, 1094, 1068, 856, 851, 824, 806, 627, 623, 618, 600, 596, 529, 370, 318, 294, 283, 276, 214, 200, 192, 172, 144, 141, 138, 132, 86, 76, 32, 30, 24, 15, 13, 4, 2, 1]",0.03092498263486918,0.34,0.4167611102457385,0.36355162224459836,0.5014135183757389,0.0
"[8574, 8494, 8370, 7728, 7691, 7563, 7526, 7122, 7107, 7101, 7092, 7072, 6579, 6536, 6274, 6013, 5989, 5705, 5498, 5208, 5078, 4451, 4216, 4028, 3454, 3419, 3227, 3037, 2972, 2697, 2479, 2384, 2362, 2126, 2054, 2019, 1953, 1905, 1707, 1697, 1687, 1582, 1556, 1532, 1454, 1450, 1421, 1420, 1277, 1199, 1184, 1128, 1098, 1068, 880, 713, 673, 627, 618, 600, 596, 588, 582, 495, 446, 433, 429, 385, 290, 231, 224, 220, 214, 209, 208, 190, 171, 162, 155, 144, 141, 138, 124, 97, 86, 80, 77, 76, 64, 42, 32, 30, 15]",0.03209655012734429,0.08,0.48866812567708284,0.5129846466476011,0.5209457722950399,0.0
"[8399, 8291, 7278, 5739, 5731, 4227, 3628, 3589, 2796, 2661, 2387, 2148, 2142, 2066, 2054, 1845, 1745, 1697, 1687, 1556, 1555, 1546, 1172, 1094, 1092, 1068, 738, 582, 553, 529, 284, 276, 240, 225, 165, 162, 155, 144, 141, 87, 59, 54, 40, 35, 30, 25, 13]",0.02053600370456124,0.54,0.448367454283915,0.4744336705971801,0.7270624518118736,0.19999999999999996
"[8488, 8104, 6687, 6317, 6249, 4756, 4640, 4437, 4227, 4083, 3491, 3227, 3219, 3204, 3089, 2983, 2591, 2035, 1895, 1821, 1707, 1694, 1687, 1532, 1354, 1319, 1128, 1043, 935, 627, 624, 614, 594, 414, 291, 165, 144, 141, 86]",0.013298217179902755,0.62,0.40633296147626474,0.4570056735050321,0.8491390388075045,0.19999999999999996
"[8467, 4127, 2314, 1555, 1299, 1094, 1068, 1026, 529, 76, 70, 58, 54, 38, 22, 20, 8, 4]",0.011638110673767075,0.83,0.33747904719578825,0.27609359420679835,0.8571061423798509,0.19999999999999996
"[8488, 8291, 8104, 8037, 7278, 7086, 6687, 6647, 5739, 5731, 5612, 4264, 2983, 2796, 2661, 2591, 2148, 2006, 1873, 1712, 1319, 935, 856, 738, 726, 590, 512, 414, 291, 240, 225, 214, 208, 75]",0.010968974299606391,0.67,0.38062090274316274,0.48348211348268544,0.8918015934207144,0.19999999999999996
"[8467, 8463, 8459, 8457, 8456, 8453, 8243, 7347, 5684, 4925, 4914, 4880, 4650, 4640, 4491, 4486, 4482, 4477, 4476, 4475, 4471, 4470, 4272, 3227, 3219, 3204, 3013, 2336, 2180, 2028, 2026, 1907, 1872, 1821, 1697, 1687, 1461, 1420, 1404, 1332, 1326, 1324, 1299, 1277, 1231, 1184, 1094, 1043, 978, 951, 934, 914, 906, 880, 856, 851, 817, 734, 627, 618, 600, 588, 582, 553, 458, 446, 428, 413, 392, 386, 359, 294, 290, 277, 276, 231, 219, 202, 192, 190, 171, 150, 141, 132, 124, 86, 73, 67, 62, 59, 54, 51, 49, 42, 38]",0.03814308867793471,0.06,0.435264900278026,0.37546168238226596,0.3197121562580314,0.19999999999999996
"[8586, 8302, 8178, 8128, 8061, 8051, 8046, 7924, 7789, 7514, 7378, 7343, 7278, 7219, 7145, 6981, 6862, 6861, 6774, 6631, 6506, 6133, 6097, 6027, 5974, 5796, 5787, 5739, 5495, 5452, 5348, 5316, 5314, 5229, 5083, 4995, 4991, 4936, 4756, 4448, 4437, 4213, 4152, 4090, 4083, 4072, 3950, 3920, 3650, 3567, 3417, 3298, 3227, 3204, 3089, 3056, 3026, 2950, 2682, 2401, 2269, 2159, 2035, 1905, 1894, 1889, 1875, 1687, 1532, 1514, 1379, 1354, 1326, 836]",0.014448946515397083,0.27,0.356370459225932,0.6354093161246139,0.8936006168080185,0.19999999999999996
"[7691, 6274, 4880, 4236, 3628, 3219, 2697, 1845, 1821, 1697, 1687, 1556, 1555, 1172, 1092, 1068, 1043, 582, 553, 284, 276, 165, 162, 155, 144, 141, 64, 59, 54, 40, 35, 30, 25]",0.016083584163000694,0.68,0.41604404415538365,0.40242404994553915,0.7936263171421228,0.19999999999999996
"[8427, 8164, 8046, 7916, 7654, 7514, 7365, 6770, 6362, 6274, 6092, 5975, 5974, 5704, 5549, 5452, 5070, 5058, 4936, 4902, 4834, 4806, 4707, 4448, 4437, 4197, 4038, 4012, 3920, 3536, 3520, 3417, 3287, 2916, 2799, 2796, 2787, 2776, 2527, 2506, 2401, 2006, 2002, 1894, 1875, 1873, 1498, 1379, 1022, 856, 590, 229, 222, 214, 208, 171, 75]",0.014833294744153739,0.44,0.40082135010772424,0.5441107870649046,0.8640452325880237,0.19999999999999996
"[8399, 8291, 7278, 6780, 5739, 5731, 4944, 3616, 2796, 2148, 2142, 2054, 1745, 1555, 1553, 1546, 1094, 1026, 738, 529, 240, 225, 144, 141, 138, 87, 15, 13, 4, 2, 1]",0.013814540402871035,0.7,0.39908975320679285,0.38452432410504367,0.8260087381135954,0.19999999999999996
"[8574, 8494, 8427, 7916, 7563, 7526, 7072, 6967, 6708, 6536, 6362, 6330, 6013, 5989, 5498, 4451, 3589, 3506, 3454, 3419, 3287, 3227, 2916, 2796, 2787, 2776, 2479, 2387, 2384, 2362, 2325, 1905, 1697, 1687, 1585, 1555, 1450, 1421, 1420, 1277, 1199, 1188, 1184, 849, 816, 713, 527, 385, 313, 293, 231, 229, 224, 220, 209, 190, 171, 162, 141, 138, 36, 35, 31, 22]",0.02207571197036351,0.37,0.441494589711695,0.4696417364491865,0.7311745052685685,0.19999999999999996
"[8376, 8302, 8291, 7789, 7654, 7526, 7278, 7014, 6848, 6715, 6236, 5947, 5739, 5731, 5704, 5460, 5444, 4925, 4478, 4477, 4199, 4131, 4072, 4038, 3646, 3567, 3512, 3402, 2796, 2661, 2148, 2142, 2054, 1690, 1556, 1553, 1546, 1514, 1026, 998, 738, 474, 225, 32, 30, 25, 16, 15, 14, 2, 1]",0.018343366520027785,0.5,0.3510683212242336,0.5095530721315983,0.7972243639167309,0.19999999999999996
"[7599, 6658, 5975, 5229, 3050, 1889, 1131]",0.0015373929150266264,0.94,0.17024792215867013,0.2855341446813342,0.9915188897455667,0.6
"[8459, 8457, 8456, 8453, 5885, 5643, 4475, 3227, 3204, 2180, 2126, 2102, 2054, 1697, 1687, 1582, 1277, 1231, 1184, 1128, 1098, 1094, 1092, 1026, 734, 627, 624, 618, 614, 600, 596, 590, 588, 582, 382, 231, 220, 219, 209, 202, 201, 192, 190, 173, 172, 171, 165, 150, 132, 124, 87, 86, 76, 73, 67, 64, 62, 59, 54, 2, 1]",0.0293899050706182,0.4,0.4133235220600552,0.35201517807176086,0.5093806219480853,0.19999999999999996
"[8456, 7654, 7135, 6647, 6592, 5584, 4485, 4306, 4072, 3567, 3550, 3533, 2045, 1546, 1534, 1514, 1026, 978, 474, 468, 8, 4]",0.009606390368140774,0.79,0.2915680998398902,0.3742271957848664,0.9079928039064508,0.19999999999999996
"[4707, 4197, 2798, 1789, 1556, 1555, 1553, 1546, 1094, 1026, 529, 209, 31, 30, 28, 25, 22, 15, 13, 8, 4]",0.01193794859921278,0.8,0.388506397984933,0.3144785817512731,0.8437419686455924,0.19999999999999996
"[8574, 8494, 8370, 7563, 7526, 7122, 7107, 7101, 7095, 7072, 6658, 6579, 6536, 6013, 5989, 5705, 5498, 5208, 5078, 4451, 4216, 4028, 3628, 3454, 3419, 3227, 3037, 2972, 2479, 2384, 2362, 2126, 2066, 2054, 2019, 1953, 1905, 1707, 1697, 1687, 1556, 1555, 1546, 1532, 1454, 1450, 1421, 1277, 1199, 1184, 1098, 1068, 713, 673, 627, 618, 600, 596, 588, 582, 553, 529, 495, 446, 433, 429, 385, 231, 224, 220, 209, 208, 190, 171, 162, 155, 144, 141, 138, 124, 97, 86, 80, 77, 76, 64, 40, 35, 30, 25, 15, 13, 2]",0.032971752720537165,0.08,0.5018696188641352,0.5308049686007765,0.49550244153173995,0.0
"[8586, 8498, 8488, 8487, 8441, 8427, 8237, 8128, 8104, 8061, 8046, 7916, 7514, 7145, 7086, 6981, 6976, 6967, 6954, 6920, 6708, 6687, 6647, 6631, 6362, 6027, 5974, 5495, 5452, 5083, 4995, 4991, 4936, 4831, 4448, 4437, 4264, 4083, 3920, 3900, 3650, 3506, 3491, 3417, 3401, 3327, 3287, 3026, 2983, 2950, 2916, 2878, 2820, 2796, 2787, 2776, 2709, 2591, 2401, 2316, 2054, 2035, 2006, 1894, 1875, 1873, 1712, 1697, 1546, 1532, 1379, 1354, 1330, 1319, 1307, 1274, 1188, 1026, 935, 856, 816, 414, 291, 229, 222, 214, 2, 1]",0.021155360037045615,0.13,0.4690823733341769,0.6684452705993613,0.8013364173734259,0.19999999999999996
"[8488, 8487, 8441, 8427, 8061, 8046, 7954, 7920, 7514, 6920, 6793, 6749, 6687, 6362, 6330, 6260, 5529, 5495, 5007, 4936, 4834, 4707, 4490, 4448, 4437, 4237, 4197, 4037, 3920, 3677, 3417, 3327, 3287, 3280, 3220, 3204, 3165, 3083, 2798, 2796, 2787, 2776, 2650, 2591, 2401, 2360, 2316, 1894, 1875, 1379, 1319, 1307, 1274, 1098, 1094, 722, 713, 629, 582, 527, 291, 229, 222, 210, 209, 205, 70, 17, 12]",0.019121324380643664,0.32,0.38256226990651065,0.5951612476732362,0.8342328450269854,0.0
"[8213, 7954, 7943, 7086, 7045, 6687, 6683, 6647, 6010, 5516, 2591, 1404, 290, 31, 8]",0.005365825422551517,0.86,0.3040509408405525,0.37066957624077645,0.951940375224878,0.19999999999999996
"[7679, 4227, 726]",0.0008196341745774485,0.98,0.167254951216256,0.21066123973878792,0.9912618864045233,0.8
"[8451, 8450, 7654, 7650, 7135, 6070, 5029, 4490, 4483, 4072, 3567, 3550, 3533, 2931, 2821, 2468, 2045, 1961, 1534, 1514, 1404, 1219, 1094, 978, 904, 665, 474, 468, 449, 429, 162, 87, 31, 12, 8, 4]",0.015494327390599676,0.65,0.32970654647803177,0.3880338203523025,0.8360318684142893,0.0
"[8467, 8456, 4485, 1691, 1556, 1555, 1553, 1546, 1068, 1026, 529, 141, 138, 58, 54, 40, 35, 32, 31, 30, 25, 22, 15, 13, 8]",0.01740796480666821,0.76,0.35136270214047916,0.28239437231090014,0.7643279362631714,0.0
"[8262, 8164, 8081, 7731, 7703, 7654, 7236, 6219, 6092, 5681, 5549, 5058, 4902, 4719, 4494, 4493, 4475, 4200, 4179, 4012, 3703, 3645, 3536, 3520, 3506, 3227, 2972, 2527, 2506, 2454, 2054, 2002, 1687, 1656, 1556, 1553, 1546, 1498, 1434, 1137, 1026, 1022, 914, 906, 734, 627, 618, 600, 588, 553, 529, 527, 413, 402, 397, 386, 231, 220, 173, 162, 141, 138, 86, 80, 77, 73, 62, 59, 54, 51, 49, 42, 38, 32, 30, 24, 16, 15, 14, 2]",0.031058115304468625,0.21,0.42359818136227156,0.48004291088176576,0.5242868157286045,0.19999999999999996
"[8554, 8399, 8291, 8087, 8013, 7526, 7278, 7028, 6658, 6035, 5996, 5977, 5739, 5731, 5439, 5020, 4421, 4227, 4199, 3912, 3628, 3449, 3440, 2958, 2796, 2661, 2148, 2142, 2066, 2054, 1900, 1745, 1697, 1687, 1556, 1555, 1546, 1345, 1335, 1317, 1308, 1172, 1094, 1092, 1068, 899, 809, 738, 582, 553, 529, 416, 407, 402, 315, 284, 276, 240, 225, 165, 162, 155, 144, 141, 87, 64, 59, 54, 40, 35, 30, 25, 13, 2]",0.02618777494790461,0.27,0.47819172221526074,0.5282991462038099,0.6586995630943202,0.19999999999999996
"[8302, 8178, 7924, 7789, 7654, 7278, 6774, 6749, 6133, 5885, 5739, 4707, 4475, 4083, 4072, 3950, 3677, 3567, 3204, 3165, 2796, 2180, 2159, 2126, 2102, 2054, 1905, 1514, 1094, 1092, 1026, 627, 618, 614, 600, 590, 588, 582, 497, 382, 220, 150, 132, 124, 97, 86, 67, 64, 62, 59, 58, 54, 2, 1]",0.022806205140078722,0.47,0.41379093059119154,0.4897148719804162,0.7036751477769211,0.19999999999999996
"[8061, 7820, 6313, 1332, 817]",0.0018048159296133364,0.96,0.23798016265457955,0.2305336601442164,0.9825237728090466,0.4
"[8399, 8291, 8051, 7278, 7219, 6780, 5739, 5731, 4944, 3616, 3089, 2796, 2148, 2142, 2054, 1745, 1555, 1553, 1546, 1094, 1026, 738, 529, 240, 225, 144, 138, 87, 2, 1]",0.012071081268812225,0.71,0.3867420845651748,0.40742121827473066,0.864816242611154,0.19999999999999996
"[8302, 4478, 4477, 3567, 1546, 1026, 71, 31, 13, 4]",0.006636952998379254,0.91,0.25763148041456063,0.2484946541481079,0.9318941146234901,0.19999999999999996
"[6920, 4491, 4480, 4478, 4004, 3227, 3204, 3013, 2820, 2709, 2316, 2126, 1873, 1795, 1697, 1687, 1582, 1443, 1404, 1199, 1184, 1172, 1098, 1094, 1068, 1022, 880, 856, 851, 772, 713, 627, 618, 600, 596, 588, 582, 564, 553, 442, 429, 231, 224, 220, 209, 208, 171, 155, 144, 141, 138, 124, 97, 86, 80, 77, 76, 59, 54, 1]",0.02920583468395462,0.41,0.4278311078196062,0.4180255883808396,0.5528141865844256,0.0
"[8051, 7219, 4152, 3089, 2682, 2124, 2054, 1546, 1026, 138, 4, 2, 1]",0.007012039824033341,0.88,0.32773437272744244,0.285687715282967,0.9198149575944488,0.19999999999999996
"[5512, 4776, 4648, 4640, 3219, 1901, 1821, 1556, 1043, 934]",0.002549201203982403,0.91,0.23099345615701683,0.3207871386844815,0.9766126959650475,0.4
"[8467, 8463, 8459, 8453, 8262, 7731, 7703, 7236, 6824, 6219, 5779, 5681, 5266, 4925, 4776, 4731, 4719, 4640, 4200, 4179, 3941, 3703, 3219, 2733, 2720, 2336, 2180, 1872, 1821, 1697, 1678, 1656, 1556, 1324, 1299, 1277, 1184, 1137, 1043, 856, 851, 734, 627, 618, 600, 588, 553, 294, 290, 231, 219, 192, 190, 173, 171, 132, 124, 86, 80, 77, 73, 62, 59, 54, 51, 42, 38, 32, 30, 24]",0.027215790692289882,0.31,0.413334198643011,0.39716697093131026,0.6119249550244152,0.19999999999999996
"[1627, 343]",0.0004642278305163232,0.99,0.1301052215671865,0.19256179745521496,0.9948599331791314,0.8
"[8467, 8463, 8460, 8459, 8457, 8456, 8453, 5885, 5707, 4925, 4495, 4491, 4487, 4485, 4484, 4481, 4475, 3490, 3227, 3204, 3013, 2180, 2102, 2054, 1907, 1872, 1697, 1687, 1582, 1443, 1420, 1332, 1324, 1299, 1277, 1231, 1184, 1098, 1094, 1092, 1026, 1022, 920, 904, 851, 817, 734, 627, 618, 600, 588, 582, 446, 442, 429, 392, 382, 294, 290, 277, 276, 231, 220, 219, 202, 201, 192, 190, 173, 172, 171, 165, 150, 132, 124, 86, 73, 67, 64, 62, 59, 54, 51, 2, 1]",0.03701203982403334,0.16,0.4409910502766219,0.32993116283490964,0.3058339758416859,0.19999999999999996
"[2126, 2102, 2054, 1790, 1697, 1694, 1687, 1651, 1582, 1556, 1555, 1553, 1546, 1296, 1231, 1184, 1128, 1098, 1094, 1092, 1068, 943, 736, 734, 627, 624, 618, 614, 600, 590, 582, 564, 553, 529, 240, 231, 219, 209, 201, 173, 172, 165, 162, 144, 87, 86, 76, 73, 64, 62, 59, 54, 40, 36, 35, 32, 31, 30, 28, 25, 22, 15, 13, 4, 2, 1]",0.029966427413753185,0.35,0.47859695647033096,0.3604973793751328,0.4443587766640966,0.19999999999999996
"[8376, 8302, 8291, 8243, 7789, 7654, 7526, 7347, 7278, 7014, 6848, 6715, 6236, 5947, 5739, 5731, 5704, 5684, 5460, 5444, 4925, 4914, 4806, 4485, 4483, 4478, 4477, 4272, 4199, 4072, 3646, 3567, 3512, 3402, 2796, 2661, 2148, 2142, 1546, 1514, 998, 738, 474, 225, 141, 13, 8, 4, 2, 1]",0.015486223662884928,0.51,0.3182233517807326,0.5064773651989491,0.8360318684142893,0.19999999999999996
"[8458, 8457, 8453, 8449, 8448, 8164, 7654, 6113, 5745, 4790, 4495, 4491, 4487, 4485, 4484, 4481, 4480, 4478, 4474, 4471, 4470, 4469, 4216, 3507, 3490, 3363, 2972, 2728, 2527, 2454, 2126, 2054, 2016, 1953, 1904, 1795, 1694, 1683, 1556, 1461, 1442, 1420, 1404, 1332, 1296, 1277, 1184, 1128, 1094, 1026, 1022, 951, 920, 904, 881, 880, 824, 806, 614, 446, 428, 413, 392, 382, 294, 290, 277, 276, 219, 202, 155, 144, 87, 80, 73, 35, 15, 2]",0.03202361657791156,0.23,0.41462282220657776,0.37836134058942095,0.4456437933693138,0.19999999999999996
"[8441, 8061, 8046, 7920, 7292, 6506, 6260, 5499, 5495, 5229, 4707, 4197, 3327, 3056, 2798, 2796, 1894, 1582, 1556, 1555, 1553, 1546, 1379, 1274, 1068, 1026, 564, 553, 529, 229, 40, 36, 35, 32, 31, 30, 28, 25, 22, 15, 13, 8, 4]",0.0180990970131975,0.58,0.42338923893199654,0.4425803546330237,0.7579028527370856,0.19999999999999996
"[1894, 54, 31, 8]",0.00346839546191248,0.97,0.26214969901942387,0.19321455531377896,0.9619635055255719,0.19999999999999996
"[8586, 8488, 8487, 8441, 8427, 8237, 8128, 8104, 8061, 8046, 7916, 7514, 7145, 7086, 6981, 6976, 6967, 6954, 6920, 6708, 6687, 6647, 6631, 6362, 6027, 5974, 5495, 5452, 5083, 4995, 4991, 4936, 4834, 4448, 4437, 4264, 4203, 4083, 3920, 3900, 3506, 3491, 3417, 3327, 3287, 3026, 2983, 2950, 2916, 2878, 2820, 2796, 2787, 2776, 2709, 2591, 2401, 2316, 2035, 2006, 1894, 1875, 1873, 1795, 1712, 1697, 1585, 1556, 1532, 1379, 1354, 1330, 1319, 1307, 1274, 1188, 1043, 935, 856, 816, 772, 590, 414, 291, 229, 222, 214, 208]",0.019949062282935862,0.13,0.46075298338880866,0.6829983298985396,0.8200976612695965,0.19999999999999996
[8453],0.0006737670757119704,1.0,0.1039816419195112,0.1674453888423023,0.9940889231560011,0.6
"[8586, 8128, 8061, 8046, 7514, 7145, 6631, 6027, 5495, 5083, 4995, 4991, 4990, 4448, 4083, 3417, 3026, 2951, 2035, 1894, 1627, 1532, 1379, 1354, 343]",0.004326232924288029,0.76,0.2734348550243435,0.4546371759601143,0.9658185556412233,0.6
"[8586, 8498, 8488, 8487, 8441, 8427, 8237, 8128, 8104, 8061, 8046, 7514, 7145, 7086, 6981, 6976, 6967, 6954, 6920, 6708, 6631, 6362, 6027, 5974, 5495, 5452, 5083, 4995, 4991, 4936, 4834, 4448, 4437, 4264, 4131, 4083, 3920, 3900, 3506, 3417, 3327, 3287, 3026, 2983, 2950, 2916, 2878, 2820, 2796, 2787, 2776, 2401, 2316, 2054, 2035, 1894, 1875, 1795, 1712, 1697, 1585, 1556, 1553, 1546, 1532, 1379, 1354, 1330, 1307, 1274, 1188, 1026, 935, 816, 772, 553, 229, 222, 38, 32, 30, 25, 16, 15, 14, 2, 1]",0.023473026163463764,0.14,0.4687261792769616,0.6674520964817868,0.742739655615523,0.19999999999999996
"[8488, 8487, 8441, 8427, 8061, 8046, 7954, 7943, 7920, 7514, 7292, 6920, 6793, 6749, 6658, 6362, 6330, 6260, 5639, 5529, 5495, 5392, 5007, 4936, 4834, 4707, 4490, 4448, 4437, 4237, 4197, 4037, 3920, 3677, 3417, 3327, 3287, 3280, 3220, 3165, 3083, 3050, 2798, 2796, 2787, 2776, 2650, 2401, 2360, 2316, 1894, 1889, 1875, 1379, 1319, 1307, 1274, 1131, 1098, 1094, 722, 713, 629, 582, 291, 229, 222, 210, 209, 205, 70]",0.017644130585783745,0.3,0.3750345012553865,0.6061628206544349,0.8550501156515035,0.19999999999999996
"[8554, 8509, 8488, 8399, 8291, 8213, 8104, 8087, 8013, 7954, 7943, 7654, 7650, 7526, 7135, 7045, 7028, 6687, 6647, 6579, 6453, 6070, 6035, 6010, 5996, 5977, 5821, 5739, 5731, 5584, 5516, 5439, 5029, 5020, 4658, 4421, 4264, 4199, 4072, 3912, 3791, 3567, 3550, 3533, 3491, 3449, 3440, 2983, 2958, 2796, 2661, 2591, 2468, 2337, 2148, 2142, 2054, 2048, 2045, 1961, 1900, 1745, 1697, 1534, 1514, 1345, 1335, 1319, 1317, 1308, 1092, 1026, 978, 935, 899, 882, 809, 738, 561, 474, 468, 449, 416, 414, 407, 402, 315, 291, 284, 240, 225, 87, 64, 1]",0.02365130817318824,0.07,0.48350052018237233,0.6440918592136038,0.7764070932922128,0.19999999999999996
"[4810, 2, 1]",0.0025480435285945824,0.98,0.23994729161391293,0.1932577863131284,0.9750706759187869,0.19999999999999996
"[8498, 8487, 8376, 8243, 7722, 7365, 6981, 6976, 6954, 6715, 6586, 5975, 5974, 5947, 5704, 5684, 5460, 5452, 5444, 4936, 4806, 4650, 4640, 4437, 4038, 3920, 3402, 3219, 2878, 2713, 2336, 1875, 1822, 1821, 1556, 1330, 1043, 934, 564, 54]",0.009157212317666126,0.61,0.3364202011927183,0.49122201618412287,0.9303520945772294,0.19999999999999996
"[8586, 8302, 8178, 8128, 8061, 8051, 8046, 7924, 7789, 7514, 7378, 7343, 7278, 7219, 7206, 7145, 6981, 6862, 6861, 6774, 6760, 6631, 6506, 6133, 6097, 6027, 5974, 5796, 5787, 5739, 5452, 5348, 5316, 5314, 5229, 5083, 4995, 4991, 4936, 4756, 4448, 4213, 4152, 4090, 4083, 4072, 3950, 3920, 3650, 3417, 3227, 3204, 3089, 3056, 3026, 2950, 2682, 2401, 2269, 2035, 1905, 1894, 1889, 1875, 1687, 1532, 1514, 1379, 1354, 1326, 1057, 1028, 836, 728]",0.014410743227598981,0.27,0.35212239822060665,0.6483859587000282,0.8953996401953226,0.19999999999999996
"[8586, 8498, 8487, 8376, 8273, 8243, 8128, 8061, 8046, 7722, 7514, 7365, 7145, 6981, 6976, 6954, 6715, 6658, 6631, 6586, 6027, 5975, 5974, 5947, 5704, 5684, 5495, 5460, 5452, 5444, 5083, 4995, 4991, 4990, 4936, 4806, 4650, 4640, 4448, 4437, 4083, 4038, 3920, 3417, 3402, 3219, 3050, 3026, 2950, 2878, 2336, 2035, 1894, 1875, 1822, 1821, 1532, 1379, 1354, 1330, 1043, 934, 54]",0.011887010882148646,0.38,0.37171061081610324,0.552864112154638,0.9177589308661013,0.19999999999999996
"[8463, 8459, 8447, 6780, 4485, 4482, 4474, 4470, 4468, 3490, 3227, 2250, 2054, 1957, 1555, 1553, 1547, 1546, 1414, 1305, 1296, 1094, 1026, 920, 856, 851, 824, 806, 618, 553, 529, 428, 413, 283, 200, 192, 144, 141, 138, 132, 86, 70, 58, 54, 38, 30, 22, 15, 13, 4, 2, 1]",0.0271949525353091,0.49,0.3925422637517846,0.3279725584336012,0.5618093035209457,0.19999999999999996
"[8467, 8465, 8464, 8456, 8427, 7514, 7453, 7365, 6362, 6274, 6092, 5975, 5974, 5704, 5549, 5452, 5058, 4936, 4902, 4834, 4806, 4707, 4600, 4497, 4487, 4485, 4477, 4476, 4475, 4469, 4448, 4437, 4197, 4038, 4012, 3920, 3536, 3520, 3417, 3287, 3227, 2916, 2787, 2776, 2527, 2506, 2401, 2018, 2006, 2002, 1941, 1907, 1904, 1894, 1875, 1873, 1872, 1790, 1697, 1694, 1404, 1379, 1332, 1305, 1296, 1231, 1184, 920, 906, 880, 856, 817, 808, 736, 734, 590, 458, 442, 407, 386, 359, 318, 290, 283, 240, 231, 229, 222, 219, 214, 209, 208, 201, 173, 172, 171, 165, 162, 75]",0.03464922435749016,0.02,0.419208354898602,0.4834963264337693,0.5037265484451298,0.0
"[6362, 4398, 1026]",0.0012433433665200277,0.98,0.18740741533147787,0.2152356151320981,0.9902338730403495,0.6
"[8427, 8376, 8164, 8046, 7916, 7654, 7514, 7365, 6967, 6715, 6708, 6658, 6586, 6362, 6092, 5975, 5974, 5947, 5704, 5684, 5452, 5444, 5070, 5058, 4936, 4902, 4834, 4806, 4707, 4448, 4437, 4197, 4038, 4012, 3920, 3900, 3536, 3520, 3417, 3287, 2916, 2799, 2796, 2787, 2776, 2527, 2506, 2401, 2066, 2054, 2006, 2002, 1894, 1875, 1873, 1556, 1555, 1546, 1498, 1379, 1022, 856, 590, 564, 553, 529, 229, 222, 214, 208, 75, 54, 52, 40, 35, 30, 25, 13, 2]",0.023696457513313268,0.22,0.4632764354296389,0.5847074677132873,0.7250064250835261,0.19999999999999996
"[8488, 8104, 6687, 6317, 6249, 4485, 4482, 4480, 4437, 4227, 4083, 3491, 3227, 2983, 2591, 2054, 2035, 1707, 1694, 1687, 1532, 1414, 1354, 1319, 1128, 1026, 935, 627, 624, 614, 594, 291, 277, 165, 144, 141, 86, 2, 1]",0.01774832137068766,0.62,0.36778716762480557,0.408702864609394,0.7823181701362117,0.0
"[5975, 4483, 1546, 1131, 8, 4, 2, 1]",0.006465617040981709,0.93,0.27376356594451834,0.22703431969131682,0.9311231046003599,0.19999999999999996
"[8498, 8488, 8487, 8441, 8427, 8237, 8104, 7916, 7086, 6967, 6954, 6920, 6708, 6687, 6647, 6362, 4831, 4264, 3900, 3506, 3491, 3401, 3327, 3287, 2983, 2916, 2820, 2796, 2787, 2776, 2709, 2591, 2316, 2054, 2006, 1873, 1712, 1697, 1546, 1330, 1319, 1307, 1274, 1188, 1026, 935, 856, 816, 414, 291, 229, 222, 214, 69, 2, 1]",0.01583931465617041,0.45,0.4314999253070799,0.5601908902076553,0.8357748650732459,0.19999999999999996
"[8637, 8540, 8467, 8456, 8159, 8155, 8128, 8053, 7655, 7408, 7235, 6967, 6836, 6708, 6010, 5566, 5492, 5481, 5335, 4984, 4580, 4485, 4443, 4334, 4332, 4302, 4215, 4210, 3900, 3548, 3441, 3399, 3167, 2540, 2493, 2383, 2016, 1978, 1731, 1717, 1697, 1691, 1556, 1555, 1553, 1546, 1502, 1491, 1376, 1340, 1068, 1026, 623, 529, 335, 141, 138, 58, 40, 35, 32, 31, 30, 25, 22, 15, 13, 8]",0.024606390368140774,0.33,0.40389549192030016,0.5105055757914467,0.7044461578000514,0.19999999999999996
"[8487, 8427, 8376, 8243, 8164, 8046, 7916, 7654, 7514, 7365, 6967, 6715, 6708, 6647, 6586, 6362, 6092, 5975, 5974, 5947, 5704, 5684, 5549, 5452, 5444, 5070, 5058, 4936, 4902, 4834, 4806, 4707, 4650, 4640, 4448, 4197, 4038, 4012, 3920, 3900, 3779, 3536, 3520, 3506, 3417, 3287, 3219, 2916, 2799, 2796, 2787, 2776, 2527, 2506, 2401, 2336, 2064, 2026, 2006, 2002, 1894, 1875, 1873, 1822, 1821, 1556, 1498, 1379, 1043, 1022, 934, 856, 816, 590, 564, 442, 429, 428, 229, 222, 214, 208, 75, 54, 52]",0.021797869877286408,0.16,0.4459936862212066,0.6239894078915613,0.7797481367257775,0.19999999999999996
"[7654, 6658, 6647, 4306, 4227, 4072, 3567, 2066, 2054, 2045, 1687, 1556, 1555, 1546, 1534, 1514, 1167, 529, 144, 141, 13, 2]",0.010039360963185922,0.79,0.360913589403167,0.4040790331650206,0.8864045232588024,0.19999999999999996
"[8467, 8463, 8460, 8459, 8457, 8456, 8453, 8451, 8450, 8441, 8427, 8061, 8046, 7920, 6260, 5495, 4925, 4490, 4197, 3327, 3227, 3204, 3125, 2821, 2798, 2796, 2401, 2180, 2044, 1894, 1697, 1556, 1379, 1332, 1326, 1324, 1299, 1277, 1274, 1231, 1184, 1094, 1043, 856, 817, 734, 629, 627, 618, 600, 588, 294, 290, 277, 276, 231, 229, 220, 219, 192, 190, 171, 162, 150, 132, 124, 87, 86, 12]",0.02797175272053716,0.32,0.40309757023973203,0.3822548391440638,0.597532767925983,0.19999999999999996
"[8586, 8498, 8488, 8487, 8441, 8427, 8237, 8128, 8104, 8061, 8046, 7916, 7514, 7145, 7086, 6981, 6976, 6967, 6954, 6920, 6708, 6687, 6647, 6631, 6362, 6027, 5975, 5974, 5495, 5452, 5083, 4995, 4991, 4936, 4834, 4448, 4437, 4264, 4083, 3920, 3900, 3506, 3491, 3417, 3327, 3287, 3026, 2983, 2950, 2916, 2878, 2820, 2796, 2787, 2776, 2709, 2591, 2401, 2316, 2035, 2006, 1916, 1894, 1875, 1873, 1795, 1712, 1697, 1585, 1532, 1379, 1354, 1330, 1319, 1307, 1274, 1188, 935, 856, 816, 772, 590, 414, 291, 229, 222, 214, 208, 75]",0.020365825422551515,0.12,0.4654554109275939,0.6804268955559148,0.8206116679516834,0.19999999999999996
"[8441, 8061, 8046, 7920, 7343, 7292, 7219, 6506, 6260, 5796, 5787, 5499, 5495, 5314, 5229, 4756, 4707, 4197, 4152, 3650, 3327, 3227, 3204, 3089, 3056, 2798, 2796, 1894, 1687, 1582, 1379, 1274, 1068, 836, 564, 553, 229, 192, 40, 36, 35, 31, 30]",0.014340125028941886,0.58,0.396777605357861,0.5285324228736328,0.8465690053970701,0.19999999999999996
"[8586, 8128, 8061, 8046, 7514, 7145, 6981, 6976, 6027, 5975, 5974, 5495, 5452, 5083, 4995, 4991, 4936, 4448, 4437, 4083, 3920, 3417, 3026, 2950, 2878, 2401, 2275, 2035, 1894, 1875, 1532, 1379, 1354]",0.00555336883537856,0.68,0.2900270917844149,0.4968067364906521,0.959650475456181,0.4
"[8488, 8487, 7954, 7943, 6920, 6793, 6579, 6330, 6274, 6070, 5639, 5529, 5007, 4936, 4491, 4490, 4486, 4482, 4477, 4476, 4475, 4471, 4470, 4237, 4037, 3220, 3204, 3083, 3013, 2820, 2360, 2316, 2126, 2028, 2026, 1961, 1907, 1901, 1795, 1790, 1697, 1694, 1687, 1404, 1319, 1307, 1296, 1231, 1184, 1150, 1098, 1094, 978, 951, 934, 906, 772, 736, 734, 713, 627, 624, 600, 582, 458, 449, 446, 428, 413, 392, 386, 359, 291, 240, 231, 223, 219, 209, 201, 173, 172, 171, 165, 162, 144, 141, 138, 87, 86, 70]",0.032660338041213245,0.11,0.4345009165328212,0.4202070092733047,0.5158057054741712,0.0
"[8467, 8463, 8460, 8459, 8457, 8456, 8453, 5885, 5707, 4925, 4495, 4491, 4487, 4485, 4484, 4481, 4475, 3490, 3227, 3204, 2180, 2102, 2054, 1907, 1872, 1697, 1687, 1582, 1420, 1332, 1324, 1299, 1277, 1231, 1184, 1098, 1094, 1092, 1026, 920, 904, 851, 817, 734, 627, 618, 600, 588, 582, 392, 382, 294, 290, 277, 276, 231, 220, 219, 202, 201, 192, 190, 172, 171, 165, 150, 132, 124, 86, 73, 67, 64, 62, 59, 54, 51, 2, 1]",0.03461912479740681,0.23,0.4220158491048991,0.3253139818780614,0.3646877409406323,0.19999999999999996
"[2028, 2026, 978, 726, 458, 171]",0.0037219263718453344,0.95,0.26506335010893933,0.22362292619737945,0.9617065021845284,0.19999999999999996
"[8494, 8370, 7728, 7563, 7526, 6971, 6495, 6013, 5989, 5705, 5208, 4451, 3419, 3227, 2384, 2362, 2126, 2054, 1707, 1697, 1582, 1556, 1555, 1546, 1421, 1242, 1184, 1098, 1068, 1026, 713, 600, 596, 588, 582, 529, 527, 231, 224, 220, 209, 208, 190, 171, 162, 155, 144, 141, 138, 97, 86, 80, 77, 76, 64, 32, 30, 25, 24, 15, 14, 13, 2]",0.026131048853901367,0.38,0.46090788681135486,0.4389636189116992,0.588023644307376,0.19999999999999996
"[6362, 2321, 1043]",0.0005915721231766613,0.98,0.13570952580540452,0.21543464793821798,0.9938319198149576,0.8
"[7741, 7125, 6249, 4914, 4650, 2054, 1865, 1546, 1128, 1098, 1092, 1026, 934, 627, 624, 614, 590, 86, 77, 76, 73, 64, 16, 15, 14, 2, 1]",0.014422319981477194,0.74,0.4047197405070859,0.3565611013788976,0.8041634541249036,0.19999999999999996
"[7745, 7741, 7125, 6920, 6700, 6249, 2820, 2102, 1795, 1098, 1092, 1068, 772, 627, 624, 614, 590, 553, 86, 77, 76, 73, 64, 36, 35, 31, 22, 1]",0.0144281083584163,0.73,0.40323226631524745,0.3907941533531647,0.8175276278591621,0.19999999999999996
"[8376, 8243, 7722, 7365, 6715, 6586, 5947, 5704, 5684, 5512, 5460, 5444, 4914, 4806, 4776, 4650, 4640, 4038, 3941, 3402, 3219, 2336, 2126, 1901, 1821, 1790, 1651, 1231, 1128, 1043, 934, 734, 729, 627, 624, 618, 614, 600, 590, 240, 231, 219, 209, 87, 86]",0.015001157675387823,0.56,0.41405603120697554,0.5055977737584718,0.831662811616551,0.19999999999999996
"[7278, 4493, 4490, 4487, 4485, 4483, 4227, 2454, 2126, 1694, 1546, 1128, 1098, 1092, 951, 904, 851, 627, 624, 614, 590, 201, 173, 165, 86, 77, 76, 73, 64, 55, 31, 12, 8, 4, 2, 1]",0.02088677934707108,0.65,0.3762106290372913,0.32328035866455607,0.698278077615009,0.0
[171],0.0010963185922667285,1.0,0.18137572629434673,0.1674453888423022,0.9917758930866101,0.6
"[8399, 8291, 7526, 7278, 6658, 6495, 6423, 6013, 5989, 5739, 5731, 5208, 4451, 4227, 4216, 3628, 3454, 3419, 3405, 2796, 2661, 2387, 2384, 2148, 2142, 2066, 2054, 1905, 1845, 1745, 1697, 1687, 1556, 1555, 1546, 1172, 1094, 1092, 1068, 738, 627, 618, 600, 596, 582, 553, 529, 240, 231, 225, 224, 220, 209, 208, 165, 162, 155, 144, 141, 124, 97, 87, 86, 80, 77, 64, 59, 54, 40, 35, 30, 25, 13]",0.027765686501504978,0.28,0.4846335655092573,0.5155585859273926,0.5990747879722436,0.19999999999999996
"[8467, 8463, 8459, 8457, 8456, 8453, 7347, 5684, 4925, 4914, 4880, 4491, 4486, 4482, 4477, 4476, 4475, 4471, 4470, 4272, 3227, 3219, 3204, 3013, 2336, 2180, 2054, 2028, 2026, 1907, 1872, 1821, 1697, 1687, 1546, 1461, 1420, 1404, 1332, 1326, 1324, 1299, 1277, 1231, 1184, 1094, 1026, 978, 951, 934, 914, 906, 880, 856, 851, 817, 734, 627, 618, 600, 588, 582, 553, 458, 446, 428, 413, 392, 386, 359, 294, 290, 278, 277, 231, 219, 202, 192, 190, 171, 150, 141, 132, 124, 86, 73, 67, 62, 59, 54, 51, 38, 4, 2, 1]",0.038931465617040986,0.06,0.44336608859049886,0.3628723304903231,0.28218966846569005,0.19999999999999996
"[8534, 8467, 8463, 8460, 8459, 8457, 8453, 5093, 4925, 4485, 4483, 4471, 4470, 4131, 3227, 3204, 2180, 1907, 1872, 1697, 1687, 1556, 1553, 1546, 1332, 1326, 1324, 1299, 1277, 1231, 1184, 1094, 880, 856, 851, 817, 734, 627, 618, 600, 588, 582, 553, 359, 294, 290, 277, 276, 231, 219, 202, 192, 190, 171, 150, 132, 124, 86, 73, 67, 62, 59, 54, 51, 49, 42, 38, 32, 30, 25, 16, 13, 4, 2, 1]",0.03427413753183607,0.26,0.4206634137914764,0.32667371979671334,0.39938319198149574,0.0
"[6920, 3227, 3204, 2820, 2709, 2316, 2126, 2064, 1873, 1795, 1697, 1687, 1582, 1404, 1199, 1184, 1172, 1098, 1094, 1068, 856, 851, 772, 713, 627, 618, 600, 588, 582, 564, 553, 231, 224, 220, 209, 208, 171, 155, 144, 141, 138, 124, 97, 86, 80, 77, 76, 59, 54, 1]",0.024056494558925678,0.51,0.46189314733212716,0.4325416750555615,0.6324852223078901,0.0
"[1555, 1553, 1546, 1404, 904, 665, 529, 429, 87, 31, 15, 13, 12, 8, 4]",0.010410974762676547,0.86,0.3802520579507752,0.2668896675338672,0.8673862760215882,0.19999999999999996
"[8488, 8291, 8237, 8104, 8051, 7278, 7086, 6780, 6687, 6647, 4264, 3491, 2983, 2709, 2591, 2482, 2006, 1873, 1697, 1562, 1556, 1319, 1043, 935, 590, 414, 291, 240, 214, 208]",0.009543875897198425,0.71,0.3692889861928701,0.4929057117368705,0.9079928039064508,0.19999999999999996
"[8467, 8456, 4485, 3148, 1691, 1556, 1555, 1546, 1026, 529, 141, 138, 58, 54, 15, 13, 8]",0.012681176198194028,0.84,0.3188801628048118,0.25574401160255,0.8491390388075045,0.19999999999999996
"[7100, 3050, 726, 458, 171]",0.0023512387126649686,0.96,0.25075483706555923,0.2514807525751279,0.9753276792598303,0.4
"[3241, 2150, 1919]",0.0008462607084973373,0.98,0.12824552459983207,0.213902234510015,0.9953739398612182,0.8
"[8399, 8178, 7924, 7278, 6774, 6658, 6133, 4227, 4083, 3628, 3598, 2796, 2384, 2066, 2054, 1905, 1845, 1745, 1697, 1687, 1556, 1555, 1546, 1172, 1094, 1092, 1068, 600, 596, 582, 553, 529, 209, 208, 165, 162, 155, 144, 141, 97, 87, 86, 80, 77, 64, 59, 54, 40, 35, 30, 25, 13, 2]",0.023279694373697615,0.48,0.4551258512090618,0.48262645437568397,0.6702647134412747,0.19999999999999996
"[3075, 2453, 1555, 1546, 1299, 1026, 529, 20, 2]",0.0060338041213243805,0.92,0.3169765374407687,0.27058812777150165,0.934207144692881,0.19999999999999996
"[8455, 8376, 8243, 6586, 6274, 5947, 5684, 4810, 4335, 4227, 2550, 2054, 1414, 1068, 564, 54, 52, 40, 35, 32, 31, 30, 25, 22]",0.011269969900439917,0.77,0.3446122509130908,0.3518640092033023,0.8653302492932409,0.19999999999999996
"[6658, 2321, 1941]",0.0006807131280388978,0.98,0.1517944648566555,0.21567327569016803,0.9920328964276536,0.8
"[8164, 6092, 4902, 3645, 3536, 3096, 2527, 2506, 2102, 2054, 2002, 1697, 1694, 1687, 1582, 1556, 1555, 1553, 1546, 1498, 1296, 1184, 1098, 1094, 1092, 1068, 1022, 943, 669, 582, 564, 553, 529, 201, 173, 172, 165, 162, 76, 73, 64, 62, 59, 54, 40, 36, 35, 32, 31, 30, 28, 25, 22, 15, 4, 2, 1]",0.02549201203982403,0.44,0.4584122397342262,0.4206146878361945,0.5774865073245952,0.19999999999999996
"[8586, 8487, 8441, 8427, 8399, 8128, 8061, 8046, 7916, 7514, 7219, 7145, 6981, 6976, 6967, 6954, 6920, 6708, 6631, 6362, 6027, 5974, 5731, 5495, 5452, 5083, 4995, 4991, 4944, 4936, 4448, 4437, 4203, 4083, 3920, 3900, 3616, 3506, 3417, 3327, 3287, 3219, 3089, 3026, 2950, 2916, 2878, 2820, 2796, 2787, 2776, 2401, 2336, 2316, 2148, 2142, 2035, 1894, 1875, 1822, 1821, 1795, 1745, 1712, 1585, 1556, 1555, 1553, 1532, 1379, 1354, 1330, 1307, 1274, 1188, 1094, 1043, 856, 816, 772, 738, 529, 229, 225, 222, 144, 87]",0.019432739059967587,0.14,0.45312119623375513,0.6409153156685007,0.8224106913389874,0.19999999999999996
"[8591, 8399, 8291, 7563, 7526, 7278, 6658, 6536, 6495, 6052, 5989, 5739, 5731, 5208, 4600, 4497, 4491, 4488, 4487, 4485, 4484, 4483, 4477, 4476, 4451, 4227, 3628, 3490, 3419, 2796, 2661, 2384, 2148, 2142, 2066, 2054, 2026, 2018, 1905, 1845, 1745, 1697, 1687, 1556, 1555, 1546, 1443, 1421, 1414, 1172, 1094, 1092, 1068, 1022, 920, 906, 904, 738, 627, 618, 600, 596, 582, 553, 529, 458, 442, 429, 428, 407, 392, 386, 240, 231, 225, 224, 220, 209, 208, 165, 162, 155, 144, 141, 97, 87, 86, 80, 77, 64, 59, 54, 40, 38, 35, 30, 25, 13, 2]",0.03704098170872887,0.02,0.4671080338782161,0.4895409070363377,0.37650989462863016,0.19999999999999996
"[8399, 2796, 1745, 1603, 738, 284, 276, 240, 171, 165, 162]",0.004995369298448715,0.9,0.2913747579948821,0.2852261903794272,0.953225391930095,0.19999999999999996
"[5707, 3227, 3204, 2180, 2102, 2054, 1697, 1687, 1582, 1231, 1184, 1098, 1094, 1092, 1026, 734, 627, 618, 600, 588, 582, 344, 220, 219, 202, 201, 192, 190, 172, 171, 165, 150, 132, 124, 86, 73, 67, 64, 62, 59, 54, 51, 2, 1]",0.022652234313498495,0.57,0.4425090921326432,0.35813941379116243,0.6386533024929324,0.19999999999999996
"[5975, 3204, 2054, 1546, 1026, 2, 1]",0.004736050011576754,0.94,0.30379272092614273,0.2344488435841442,0.9462863017219224,0.19999999999999996
"[8128, 7145, 6631, 6274, 6027, 5083, 4083, 3026, 2035, 1528, 1354, 171]",0.0028884000926140308,0.89,0.245337339433629,0.3477234096612757,0.9784117193523516,0.4
"[8458, 8457, 8453, 8449, 8448, 8164, 8014, 7654, 7086, 6920, 6647, 6113, 6092, 5549, 5070, 5056, 4790, 4474, 4469, 3536, 3520, 3506, 3363, 3227, 3204, 2983, 2820, 2709, 2527, 2506, 2316, 2126, 2026, 2006, 2002, 1873, 1795, 1697, 1687, 1582, 1498, 1404, 1296, 1277, 1199, 1184, 1172, 1098, 1094, 1068, 1022, 880, 856, 806, 772, 713, 627, 618, 600, 596, 588, 582, 564, 553, 442, 429, 428, 231, 224, 220, 209, 208, 171, 155, 144, 141, 138, 124, 97, 86, 80, 77, 76, 59, 54, 1]",0.03416878907154434,0.15,0.4315817129133981,0.46684580972353695,0.4877923413004369,0.0
"[8243, 5684, 4707, 4650, 4640, 4197, 2798, 1789, 1094, 1043, 553, 209, 67, 64, 62, 59, 54, 51, 49, 42, 38]",0.010355406344061126,0.8,0.36498315308172113,0.34526524547132653,0.8810074530968902,0.19999999999999996
"[8467, 8463, 8459, 8457, 8456, 8453, 7347, 6793, 5684, 5639, 4925, 4914, 4880, 4491, 4486, 4482, 4477, 4476, 4475, 4471, 4470, 4272, 3227, 3219, 3204, 3013, 2662, 2336, 2180, 2054, 2028, 2026, 1907, 1872, 1821, 1697, 1687, 1546, 1461, 1420, 1404, 1332, 1326, 1324, 1299, 1277, 1231, 1184, 1094, 1026, 978, 951, 934, 914, 906, 880, 856, 851, 817, 734, 627, 618, 600, 588, 582, 553, 458, 446, 428, 413, 392, 386, 359, 294, 290, 278, 277, 231, 219, 202, 192, 190, 171, 150, 141, 132, 124, 86, 73, 67, 62, 59, 54, 51, 38, 4]",0.03856679786987729,0.05,0.44313572531944545,0.37153847380085314,0.299922898997687,0.19999999999999996
"[8463, 8461, 8459, 8451, 8447, 7820, 4478, 4474, 4472, 4471, 4470, 4469, 4468, 3227, 2250, 1907, 1904, 1873, 1556, 1555, 1546, 1404, 1332, 1305, 1296, 1277, 1199, 1094, 1068, 955, 889, 856, 851, 824, 809, 806, 627, 618, 600, 596, 529, 370, 318, 294, 283, 276, 231, 214, 200, 192, 172, 144, 141, 132, 76, 32, 30, 24, 15, 13, 4, 2, 1]",0.030287103496179673,0.38,0.41545295530215287,0.31669815022254455,0.4793112310460036,0.19999999999999996
"[8376, 8302, 8178, 7924, 7789, 7654, 7365, 7278, 6774, 6749, 6715, 6708, 6658, 6362, 6133, 5739, 5704, 5684, 4806, 4707, 4197, 4083, 4072, 3950, 3567, 3287, 2796, 2783, 2776, 2159, 2066, 2054, 1905, 1556, 1555, 1546, 1514, 614, 590, 564, 553, 529, 214, 208, 97, 75, 54, 52, 40, 35, 30, 25, 13, 2]",0.018262329242880296,0.47,0.4136328376489209,0.524075822363445,0.7887432536622976,0.19999999999999996
"[8302, 6920, 3626, 3567, 2820, 2709, 2316, 2126, 2102, 1795, 1697, 1582, 1098, 1092, 1068, 772, 588, 585, 553, 86, 77, 76, 67, 64, 58, 55, 54, 40, 1]",0.015151655475804583,0.72,0.4260685682814451,0.3654349568739924,0.8013364173734259,0.19999999999999996
"[8376, 8302, 8291, 8243, 7789, 7654, 7526, 7347, 7278, 7014, 6848, 6715, 6236, 5947, 5739, 5731, 5704, 5684, 5460, 4994, 4925, 4914, 4806, 4650, 4640, 4478, 4477, 4272, 4199, 4072, 4038, 3646, 3567, 3512, 3402, 2796, 2661, 2148, 2142, 1546, 1514, 1026, 998, 934, 738, 474, 225, 15, 13, 8, 4]",0.01541444778884001,0.5,0.33867484818753657,0.5632435556444566,0.8519660755589823,0.19999999999999996
"[6506, 6330, 5529, 5229, 4237, 3220, 3204, 1889, 836]",0.0015593887473952304,0.92,0.17323079883897885,0.2885334714250949,0.9899768696993061,0.8
"[8399, 8291, 7563, 7526, 7278, 7122, 7107, 7101, 7092, 7072, 6658, 6579, 6536, 6495, 5989, 5739, 5731, 5208, 5078, 4488, 4484, 4483, 4451, 4227, 4028, 3755, 3628, 3419, 2796, 2661, 2479, 2384, 2148, 2142, 2066, 2054, 2019, 1953, 1905, 1845, 1745, 1697, 1687, 1556, 1555, 1546, 1532, 1454, 1450, 1421, 1172, 1094, 1092, 1068, 738, 673, 627, 618, 600, 596, 582, 553, 529, 446, 433, 429, 392, 240, 231, 225, 224, 220, 209, 208, 165, 162, 155, 144, 141, 97, 87, 86, 80, 77, 64, 59, 54, 40, 35, 30, 25, 13, 2]",0.033757814308867796,0.08,0.4469610259783464,0.537349473216897,0.5186327422256489,0.0
"[8586, 8488, 8487, 8441, 8427, 8237, 8128, 8104, 8061, 8046, 7916, 7514, 7145, 7086, 6981, 6976, 6967, 6954, 6920, 6708, 6687, 6647, 6631, 6362, 6027, 5974, 5495, 5452, 5083, 4995, 4991, 4834, 4640, 4448, 4437, 4264, 4203, 4083, 3920, 3900, 3529, 3506, 3491, 3417, 3327, 3287, 3219, 3026, 2983, 2950, 2916, 2878, 2820, 2796, 2787, 2776, 2591, 2401, 2336, 2316, 2035, 1894, 1875, 1822, 1821, 1795, 1712, 1697, 1585, 1556, 1532, 1379, 1354, 1330, 1319, 1307, 1274, 1188, 1043, 935, 856, 816, 772, 414, 291, 229, 222, 214]",0.018356100949293817,0.13,0.44934213654985755,0.657131120683466,0.8437419686455924,0.19999999999999996
"[4986, 4925, 4914, 4810, 4487, 4477, 4475, 4471, 4470, 3096, 3013, 2054, 1907, 1872, 1687, 1556, 1555, 1553, 1546, 1461, 1332, 1296, 951, 880, 856, 851, 529, 446, 359, 144, 22, 15, 4, 2, 1]",0.019138689511460985,0.66,0.3553999896333627,0.32593023126898657,0.7329735286558725,0.19999999999999996
"[8498, 8487, 8376, 8262, 8243, 8164, 8081, 7722, 7654, 7365, 6976, 6954, 6715, 6586, 6219, 6092, 5947, 5684, 5549, 5444, 5058, 4902, 4719, 4650, 4640, 4494, 4493, 4475, 4200, 4179, 4012, 3703, 3645, 3536, 3520, 3506, 3227, 3219, 2972, 2878, 2772, 2527, 2506, 2454, 2336, 2002, 1822, 1687, 1656, 1556, 1498, 1434, 1330, 1137, 1043, 1022, 934, 914, 906, 734, 627, 618, 600, 588, 564, 413, 402, 397, 386, 231, 220, 173, 162, 141, 138, 86, 80, 77, 73, 54]",0.026799027552674232,0.21,0.40013368329880106,0.5559543279716816,0.6764327936263171,0.0
"[8376, 8302, 8291, 8243, 8178, 8104, 8087, 7924, 7789, 7691, 7654, 7650, 7526, 7347, 7278, 7135, 7028, 6848, 6780, 6774, 6715, 6647, 6579, 6387, 6274, 6236, 6133, 6070, 6035, 6010, 5996, 5947, 5739, 5731, 5704, 5684, 5584, 5516, 5460, 5444, 5029, 5020, 4914, 4880, 4806, 4725, 4650, 4640, 4272, 4199, 4083, 4072, 4038, 3950, 3567, 3550, 3533, 3512, 3491, 3449, 3440, 3402, 3219, 2983, 2958, 2796, 2697, 2661, 2468, 2336, 2159, 2148, 2142, 2045, 1961, 1905, 1900, 1821, 1534, 1514, 1043, 978, 935, 934, 899, 882, 738, 474, 468, 449, 416, 414, 407, 402, 225]",0.019119009029868024,0.06,0.4465719981465349,0.6279580124623343,0.8491390388075045,0.19999999999999996
"[8498, 8487, 8376, 8243, 7722, 7365, 6981, 6976, 6954, 6715, 6586, 5975, 5974, 5947, 5704, 5684, 5460, 5452, 5444, 4936, 4806, 4650, 4437, 4038, 3920, 3402, 2929, 2878, 2713, 2709, 2006, 1875, 1873, 1556, 1330, 1043, 934, 590, 564, 208, 54]",0.010935401713359574,0.6,0.36229996798749464,0.5301790277791307,0.9041377537907993,0.19999999999999996
"[8467, 8465, 8464, 8456, 3227, 3055, 2126, 2102, 1873, 1872, 1790, 1697, 1694, 1687, 1582, 1556, 1555, 1553, 1546, 1332, 1305, 1296, 1231, 1184, 1128, 1098, 1094, 1068, 1026, 817, 808, 736, 734, 627, 624, 614, 600, 590, 582, 564, 553, 529, 359, 318, 290, 283, 240, 231, 219, 209, 201, 173, 172, 165, 162, 144, 141, 138, 87, 86, 76, 73, 64, 62, 59, 54, 40, 36, 35, 32, 31, 30, 28, 25, 22, 15, 13, 8, 4]",0.0355661032646446,0.22,0.44215009725696286,0.35690875075584994,0.34464148033924435,0.19999999999999996
"[8554, 8509, 8488, 8104, 8087, 8013, 7954, 7654, 7650, 7526, 7278, 7135, 7028, 6647, 6579, 6453, 6070, 6035, 6010, 5996, 5977, 5584, 5516, 5439, 5029, 5020, 4493, 4490, 4487, 4485, 4483, 4421, 4227, 4072, 3912, 3567, 3550, 3533, 3491, 3449, 3440, 2983, 2958, 2796, 2468, 2454, 2126, 2045, 1961, 1900, 1694, 1546, 1534, 1514, 1345, 1335, 1319, 1317, 1308, 1128, 1098, 1092, 978, 951, 935, 904, 899, 882, 809, 624, 614, 590, 474, 468, 449, 416, 414, 407, 402, 291, 284, 240, 86, 77, 76, 73, 64, 38, 31, 13, 12, 8, 4, 2]",0.030583468395461912,0.07,0.42828865700266383,0.5462901623082219,0.614751991775893,0.0
"[8213, 7954, 7943, 7086, 7045, 6687, 6683, 6647, 6610, 6010, 5516, 3204, 3089, 2591, 1404, 291, 31]",0.004262560777957861,0.84,0.26734809825739914,0.39608852875692957,0.9658185556412233,0.4
"[8591, 8372, 7741, 7563, 6658, 6536, 6274, 6052, 4600, 4497, 4491, 4487, 4485, 4484, 4483, 4482, 4481, 4480, 4476, 4227, 3779, 3647, 3490, 3227, 2821, 2126, 2102, 2026, 2018, 1707, 1694, 1687, 1443, 1421, 1414, 1098, 1092, 1022, 920, 904, 627, 590, 458, 442, 429, 428, 413, 407, 392, 385, 231, 201, 173, 165, 144, 141, 86, 77, 76, 73, 64, 2]",0.02671799027552674,0.39,0.4175765889243723,0.38916300657772385,0.5841685941917245,0.0
"[7365, 6715, 6586, 5947, 5704, 5460, 5444, 4806, 4038, 3402, 3241, 2150]",0.0021231766612641815,0.89,0.18611888754359351,0.36128962364109485,0.9892058596761758,0.6
"[7347, 5684, 4471, 4272, 3219, 3204, 2180, 2054, 1697, 1687, 1546, 1420, 1184, 1026, 880, 588, 582, 553, 290, 219, 171, 150, 141, 130, 124, 86, 67, 62, 59, 51, 4, 2, 1]",0.018675619356332485,0.68,0.3976630295456144,0.3500028685843187,0.7388846054998714,0.0
"[7703, 4493, 2054, 1556, 1553, 1546, 1026, 976, 906, 529, 527, 397, 386, 162, 141, 138, 16, 15, 14, 2]",0.013162769159527668,0.81,0.34669774191252556,0.2894230345392398,0.8326908249807248,0.19999999999999996
"[6793, 6330, 5639, 5529, 4488, 4237, 3220, 3083, 629, 458]",0.0035586941421625377,0.91,0.21212698191549872,0.298898980838904,0.9737856592135697,0.19999999999999996
"[8467, 8465, 8464, 8372, 8194, 8164, 7741, 7691, 6700, 6274, 6092, 5058, 4902, 4485, 4482, 4481, 4480, 4478, 4474, 4472, 4471, 4469, 4468, 4227, 3645, 3536, 3227, 2821, 2527, 2506, 2126, 2102, 2054, 2002, 1907, 1904, 1873, 1707, 1694, 1687, 1555, 1498, 1404, 1332, 1305, 1296, 1098, 1092, 1068, 1022, 889, 856, 851, 824, 808, 627, 590, 553, 527, 413, 385, 370, 318, 294, 290, 283, 231, 201, 173, 165, 144, 141, 86, 77, 76, 73, 64, 36, 35, 31]",0.03227020143551748,0.21,0.4224276686988532,0.4010966837501707,0.4656900539707016,0.19999999999999996
"[8574, 8494, 8467, 8463, 8459, 8453, 8370, 7731, 7703, 7563, 7526, 7122, 7107, 7101, 7095, 7072, 6824, 6536, 6013, 5989, 5779, 5681, 5498, 5266, 5078, 4776, 4640, 4451, 4028, 3454, 3419, 3219, 3037, 2972, 2733, 2728, 2720, 2479, 2384, 2362, 2336, 2180, 2019, 1953, 1905, 1821, 1697, 1678, 1556, 1532, 1454, 1450, 1421, 1324, 1299, 1277, 1199, 1184, 1043, 713, 673, 627, 618, 600, 588, 553, 495, 446, 433, 429, 385, 294, 290, 231, 224, 220, 209, 208, 190, 173, 171, 162, 132, 124, 86, 80, 77, 51, 42, 38, 32, 30, 24]",0.031259550821949526,0.08,0.43958864749218896,0.5019292356015118,0.5777435106656387,0.0
"[7145, 6920, 6631, 5083, 4083, 2820, 2709, 2316, 2126, 2035, 1795, 1697, 1582, 1532, 1354, 1098, 1068, 772, 564, 553, 86, 76, 54, 1]",0.010915721231766613,0.77,0.38622799289576204,0.4166186822997855,0.8720123361603701,0.19999999999999996
"[8586, 8488, 8487, 8441, 8427, 8237, 8104, 8061, 8046, 7916, 7514, 7086, 6981, 6976, 6967, 6954, 6920, 6706, 6687, 6647, 6362, 6027, 5974, 5495, 5452, 4995, 4991, 4936, 4834, 4448, 4437, 4264, 4203, 3920, 3900, 3506, 3491, 3417, 3327, 3287, 2983, 2950, 2916, 2878, 2820, 2796, 2787, 2776, 2709, 2591, 2401, 2316, 2006, 1894, 1875, 1873, 1795, 1712, 1697, 1585, 1556, 1379, 1330, 1319, 1307, 1274, 1188, 1043, 935, 856, 816, 772, 590, 414, 291, 229, 222, 214, 208]",0.018447557304931698,0.22,0.4444444602868203,0.676590828446219,0.827550758159856,0.19999999999999996
"[8586, 8498, 8488, 8487, 8441, 8427, 8128, 8104, 8061, 8046, 7916, 7599, 7514, 7145, 7086, 6981, 6976, 6967, 6954, 6920, 6658, 6647, 6631, 6362, 6219, 6027, 5975, 5974, 5495, 5452, 5083, 4995, 4991, 4936, 4834, 4448, 4437, 4200, 4179, 4083, 3920, 3900, 3506, 3491, 3417, 3327, 3287, 3050, 3026, 2983, 2950, 2916, 2878, 2820, 2796, 2787, 2776, 2401, 2316, 2035, 2006, 1916, 1894, 1875, 1873, 1795, 1712, 1532, 1379, 1354, 1329, 1319, 1307, 1274, 935, 856, 816, 772, 600, 588, 414, 291, 229, 222, 214, 208, 86, 80, 77]",0.02092150960870572,0.12,0.4717134036033471,0.6925371961379218,0.8059624775122076,0.19999999999999996
"[8376, 8302, 8291, 8243, 8178, 7924, 7789, 7691, 7654, 7526, 7347, 7278, 6848, 6780, 6774, 6715, 6309, 6236, 6143, 6133, 5947, 5739, 5731, 5704, 5684, 5460, 5444, 4914, 4880, 4806, 4725, 4650, 4640, 4272, 4199, 4083, 4072, 4038, 3950, 3710, 3567, 3402, 3219, 2796, 2697, 2661, 2583, 2336, 2239, 2159, 2148, 2142, 1905, 1821, 1514, 1043, 934, 738, 474, 225]",0.010365825422551517,0.41,0.3502857243312434,0.5805789701679807,0.9239270110511437,0.4
"[2126, 2102, 2054, 1687, 1582, 1546, 1404, 1128, 1098, 1094, 1092, 1068, 1026, 665, 627, 624, 614, 600, 590, 582, 564, 553, 529, 162, 144, 141, 138, 87, 86, 76, 73, 64, 62, 59, 54, 40, 36, 35, 32, 31, 30, 28, 26, 25, 24]",0.0236709886547812,0.56,0.44519461666674154,0.31579762928173427,0.5962477512207658,0.19999999999999996
"[5975, 4624]",0.0002697383653623524,0.99,0.031107090835894358,0.19249929953969802,0.9992289899768697,1.0
"[8467, 8465, 8464, 8456, 5624, 5227, 4497, 4487, 4485, 4477, 4476, 4475, 4469, 3227, 2126, 2102, 1941, 1907, 1904, 1873, 1872, 1790, 1697, 1694, 1687, 1582, 1556, 1555, 1553, 1546, 1404, 1332, 1305, 1296, 1231, 1184, 1128, 1098, 1094, 1092, 1068, 906, 880, 817, 808, 736, 734, 665, 627, 624, 614, 600, 596, 590, 564, 553, 529, 386, 359, 318, 290, 283, 252, 240, 231, 219, 209, 201, 173, 172, 165, 162, 144, 141, 138, 87, 86, 76, 73, 64, 62, 59, 54, 40, 35, 32, 31, 30, 28, 25, 22, 15, 13]",0.03905417920815004,0.08,0.4408287599533156,0.3573736426055091,0.2451811873554356,0.0
"[8427, 8164, 8046, 7916, 7654, 7514, 7365, 6770, 6362, 6274, 6092, 5975, 5974, 5704, 5549, 5452, 5070, 5058, 4936, 4902, 4834, 4806, 4707, 4600, 4448, 4437, 4197, 4038, 4012, 3959, 3920, 3536, 3520, 3417, 3287, 2916, 2799, 2796, 2787, 2776, 2527, 2506, 2401, 2018, 2006, 2002, 1894, 1875, 1873, 1498, 1379, 1022, 920, 856, 590, 458, 442, 407, 229, 222, 214, 208, 171, 75]",0.017746006019912015,0.37,0.4336245242325909,0.5921560403887423,0.8164996144949884,0.19999999999999996
"[2536, 171]",0.001067376707571197,0.99,0.1710380190000912,0.1896925166991853,0.9912618864045233,0.6
"[8051, 7924, 7219, 6774, 6133, 6097, 5229, 4152, 3650, 3204, 3089, 3056, 2783, 2682, 2623, 1889, 836]",0.002663811067376708,0.84,0.22371245080711322,0.37798448169335974,0.9804677460806991,0.6
"[8498, 8487, 8458, 8457, 8453, 8449, 8448, 8376, 8243, 8164, 8014, 7722, 7654, 7365, 7086, 6981, 6976, 6954, 6715, 6647, 6586, 6113, 6092, 5975, 5974, 5947, 5704, 5684, 5549, 5460, 5452, 5444, 5070, 5056, 4936, 4806, 4790, 4650, 4640, 4474, 4469, 4437, 4038, 3920, 3536, 3520, 3506, 3480, 3402, 3363, 3219, 2983, 2878, 2713, 2527, 2506, 2336, 2026, 2006, 2002, 1875, 1822, 1821, 1556, 1498, 1404, 1330, 1296, 1277, 1043, 1022, 934, 880, 806, 713, 564, 442, 429, 428, 224, 220, 54]",0.023931465617040983,0.19,0.3652189720424641,0.5310271561975525,0.7489077358005654,0.0
"[2054, 1546, 1026, 342, 144, 141, 138, 15, 13, 4, 2, 1]",0.008407038666357954,0.89,0.3550354409618144,0.21000491368027185,0.8882035466461065,0.19999999999999996
"[8509, 8488, 8467, 8465, 8464, 8456, 8399, 8291, 8213, 7954, 7943, 7045, 6687, 6453, 5821, 5739, 5731, 5439, 4658, 4421, 4264, 4199, 3912, 3791, 3227, 2796, 2661, 2591, 2337, 2148, 2142, 2054, 2048, 1873, 1872, 1790, 1745, 1697, 1694, 1687, 1345, 1335, 1332, 1319, 1317, 1308, 1305, 1296, 1231, 1184, 1092, 1026, 817, 809, 808, 738, 736, 734, 561, 359, 318, 315, 291, 290, 284, 283, 240, 231, 225, 219, 209, 201, 173, 172, 165, 162, 87, 64]",0.027959018291271127,0.23,0.4193763184876981,0.5254389962634831,0.6499614494988435,0.19999999999999996
"[8376, 8302, 8291, 8243, 8005, 7789, 7654, 7526, 7347, 7278, 7014, 6848, 6715, 6236, 5947, 5739, 5731, 5704, 5684, 5460, 5444, 4925, 4914, 4806, 4650, 4640, 4478, 4477, 4272, 4199, 4072, 4038, 3646, 3567, 3512, 3402, 3050, 2796, 2661, 2336, 2148, 2142, 1821, 1514, 998, 934, 738, 726, 474, 458, 225, 171]",0.012520259319286872,0.49,0.3079437726563171,0.5668810333616213,0.8930866101259316,0.19999999999999996
"[5681, 4471, 3507, 3405, 2454, 2126, 2054, 2016, 1795, 1694, 1556, 1461, 1420, 1404, 1184, 1128, 1094, 1026, 951, 881, 880, 851, 772, 614, 428, 413, 290, 277, 219, 202, 155, 144, 87, 80, 73, 35, 15, 2]",0.021317434591340587,0.63,0.39886883799020767,0.3717972259476804,0.702390131071704,0.0
"[8291, 7347, 6658, 5731, 4377, 4272, 3628, 2142, 2066, 2054, 1697, 1687, 1556, 1555, 1546, 1184, 1094, 1092, 1068, 582, 553, 529, 171, 141, 87, 64, 59, 54, 40, 35, 30, 25, 13, 2]",0.017954387589719845,0.67,0.42125998926248576,0.3689933518396178,0.756360832690825,0.19999999999999996
"[8487, 7347, 6647, 5684, 4650, 4640, 4471, 4272, 3219, 3204, 2336, 2180, 1822, 1821, 1697, 1687, 1556, 1420, 1184, 1043, 934, 880, 816, 588, 582, 553, 290, 220, 219, 171, 150, 124, 86]",0.015583468395461915,0.68,0.37932325387528465,0.43613451917485524,0.8136725777435106,0.19999999999999996
"[8467, 8465, 8464, 8372, 8194, 8164, 7741, 7691, 7654, 6770, 6700, 6274, 6092, 5058, 4902, 4227, 3536, 3227, 2821, 2799, 2597, 2527, 2506, 2126, 2102, 2054, 2002, 1873, 1707, 1694, 1687, 1555, 1498, 1305, 1296, 1098, 1092, 1068, 1022, 856, 627, 590, 553, 527, 283, 201, 173, 144, 141, 86, 77, 76, 73, 64, 36, 35, 31]",0.02502662653391989,0.44,0.4009989834504476,0.44668079335291255,0.6694937034181445,0.0
"[8554, 8104, 8087, 8013, 7654, 7650, 7526, 7135, 7028, 6647, 6579, 6070, 6035, 6010, 5996, 5977, 5584, 5516, 5029, 5020, 4072, 3567, 3550, 3533, 3491, 3449, 3440, 3055, 2983, 2958, 2468, 2126, 2102, 2045, 1961, 1900, 1697, 1582, 1556, 1555, 1553, 1546, 1534, 1514, 1128, 1098, 1094, 1068, 1026, 978, 935, 899, 882, 627, 624, 614, 600, 590, 582, 564, 553, 529, 474, 468, 449, 416, 414, 407, 402, 240, 213, 144, 141, 138, 87, 86, 76, 73, 64, 62, 59, 54, 40, 36, 35, 32, 31, 30, 28, 25, 22, 15, 13, 4]",0.03311646214401482,0.07,0.49546415364996876,0.5278358215669634,0.49396042148547936,0.0
"[4706, 1555, 1553, 1404, 665, 529, 429, 87, 31, 15, 8]",0.00786871961102107,0.9,0.3343660325749751,0.2519961202005554,0.912875867386276,0.19999999999999996
"[3096, 2141, 2054, 1546, 529, 144, 4, 2, 1]",0.006066219032183375,0.92,0.3158662348580812,0.23320484407060826,0.9303520945772294,0.19999999999999996
"[8399, 2126, 2102, 2054, 1790, 1697, 1694, 1687, 1651, 1582, 1556, 1555, 1553, 1546, 1296, 1231, 1184, 1128, 1098, 1094, 1092, 1068, 943, 849, 736, 734, 627, 624, 618, 614, 600, 590, 582, 564, 553, 529, 240, 231, 219, 209, 201, 173, 172, 171, 165, 162, 144, 87, 86, 76, 73, 64, 62, 59, 54, 40, 36, 35, 32, 31, 30, 28, 25, 22, 15, 13, 4]",0.02975804584394536,0.34,0.4747223755333426,0.3737773766729451,0.4556669236700077,0.19999999999999996
"[8586, 8498, 8487, 8376, 8262, 8243, 8128, 8081, 8061, 8046, 7722, 7654, 7365, 7145, 6976, 6954, 6715, 6631, 6586, 6219, 6027, 5947, 5684, 5549, 5495, 5444, 5083, 5058, 4995, 4991, 4719, 4650, 4640, 4494, 4493, 4475, 4200, 4179, 4083, 4012, 3520, 3506, 3227, 3219, 3026, 2972, 2950, 2878, 2772, 2454, 2336, 2035, 1894, 1822, 1687, 1656, 1556, 1532, 1434, 1354, 1330, 1137, 1043, 934, 914, 906, 734, 627, 618, 600, 594, 588, 564, 413, 402, 397, 386, 231, 220, 173, 162, 141, 138, 86, 80, 77, 73, 54]",0.02779578606158833,0.13,0.4039521546685606,0.5859589043446474,0.6764327936263171,0.19999999999999996
"[7636, 4810, 458, 2]",0.0020282472794628387,0.97,0.23501215383141238,0.2336491687868847,0.9763556926240041,0.4
"[8542, 5908, 3050, 2854, 161]",0.0007131280388978931,0.96,0.09067974373912724,0.2527330513360395,0.9974299665895656,1.0
"[7365, 6981, 5975, 5974, 5704, 5460, 5452, 4936, 4806, 4437, 4131, 4038, 3920, 3402, 2713, 2054, 1875, 1556, 1553, 1546, 1094, 1026, 582, 410, 67, 62, 59, 54, 51, 49, 42, 38, 32, 30, 25, 16, 15, 14, 2, 1]",0.017654549664274138,0.61,0.40671240879066817,0.41186811634567766,0.75224877923413,0.19999999999999996
"[8488, 8487, 8441, 8427, 8237, 8164, 8104, 7916, 7514, 7086, 6981, 6976, 6967, 6920, 6708, 6687, 6647, 6362, 6092, 5974, 5452, 4936, 4902, 4834, 4448, 4437, 4264, 4203, 3920, 3900, 3645, 3536, 3506, 3491, 3417, 3327, 3287, 2983, 2916, 2878, 2820, 2796, 2787, 2776, 2709, 2591, 2527, 2506, 2401, 2316, 2006, 2002, 1875, 1873, 1795, 1712, 1697, 1585, 1556, 1498, 1379, 1330, 1319, 1307, 1274, 1188, 1043, 1022, 935, 856, 816, 772, 590, 437, 414, 291, 229, 222, 214, 208]",0.019305394767307246,0.21,0.4580273945623573,0.6318415936973845,0.8164996144949884,0.19999999999999996
"[8399, 7278, 5739, 5684, 4471, 4227, 3219, 3204, 2796, 2661, 2253, 2180, 2148, 2054, 1745, 1697, 1687, 1546, 1420, 1172, 1026, 880, 738, 588, 582, 553, 290, 284, 276, 240, 225, 219, 165, 162, 155, 150, 144, 141, 130, 124, 86, 67, 62, 59, 51, 4, 2, 1]",0.022161379949062282,0.53,0.42535852376321603,0.45499173247745894,0.6928810074530969,0.19999999999999996
"[8467, 8465, 8464, 8456, 3490, 3227, 3055, 2569, 2126, 2102, 1872, 1790, 1697, 1687, 1582, 1556, 1555, 1553, 1546, 1332, 1305, 1296, 1231, 1184, 1128, 1098, 1094, 1068, 1026, 920, 817, 808, 736, 734, 627, 624, 614, 600, 590, 582, 564, 553, 529, 290, 283, 240, 231, 219, 209, 201, 173, 172, 165, 162, 144, 141, 138, 87, 86, 76, 73, 64, 62, 59, 54, 40, 36, 35, 32, 31, 30, 28, 25, 22, 15, 13, 8, 4]",0.03529520722389442,0.23,0.45000755445539864,0.35908067235275287,0.347982523772809,0.0
"[8467, 8465, 8464, 8456, 8372, 8194, 8164, 7741, 7691, 7654, 6770, 6700, 6274, 6092, 5058, 4925, 4902, 4600, 4497, 4487, 4485, 4478, 4477, 4476, 4475, 4469, 4227, 3635, 3536, 3227, 2821, 2799, 2597, 2527, 2506, 2250, 2126, 2102, 2054, 2026, 2018, 2002, 1907, 1904, 1873, 1872, 1790, 1707, 1694, 1687, 1555, 1498, 1404, 1332, 1305, 1296, 1231, 1098, 1092, 1022, 920, 906, 880, 856, 817, 808, 736, 734, 627, 590, 553, 527, 458, 442, 407, 386, 359, 318, 290, 283, 240, 231, 219, 209, 201, 200, 173, 172, 165, 162, 144, 141, 86, 77, 76, 73, 64, 36, 35, 31]",0.037891873118777494,0.01,0.44097898510317324,0.43373122352116844,0.3636597275764585,0.0
"[8447, 8302, 8291, 8178, 7924, 7789, 7654, 7526, 7278, 6780, 6774, 6309, 6236, 6143, 6133, 5975, 5739, 5731, 5704, 5460, 4725, 4661, 4474, 4468, 4199, 4083, 4072, 3950, 3710, 3567, 3402, 3227, 3204, 2796, 2661, 2250, 2159, 2148, 2142, 2054, 1957, 1905, 1555, 1553, 1546, 1514, 1305, 920, 738, 529, 474, 225, 200, 192, 86, 70, 22, 2, 1]",0.0204630701551285,0.42,0.36893866825731625,0.5357695525431964,0.7771781033153431,0.19999999999999996
"[8609, 8467, 8465, 8464, 8463, 8372, 8194, 7741, 7691, 6700, 6274, 4925, 4914, 4880, 4227, 3227, 2821, 2336, 2126, 2102, 2054, 1872, 1821, 1707, 1694, 1687, 1555, 1404, 1332, 1326, 1324, 1305, 1299, 1296, 1098, 1092, 1068, 851, 824, 817, 808, 627, 590, 553, 527, 318, 294, 290, 283, 277, 276, 231, 201, 173, 165, 144, 141, 86, 77, 76, 73, 64, 36, 35, 31]",0.029341282704329705,0.36,0.40961940936892516,0.40548373733281384,0.560781290156772,0.0
"[8376, 8302, 7789, 7654, 7365, 7278, 6749, 6715, 6708, 6658, 6362, 5739, 5704, 5684, 4806, 4707, 4202, 4197, 4072, 3567, 3287, 2796, 2768, 2066, 2054, 1556, 1555, 1546, 1514, 614, 590, 564, 553, 529, 214, 97, 75, 54, 52, 40, 35, 30, 25, 13, 2]",0.01689742996063904,0.56,0.4084479219679351,0.4934920509051621,0.7961963505525572,0.19999999999999996
"[8376, 8302, 8291, 8243, 8005, 7789, 7654, 7526, 7347, 7278, 7014, 6848, 6715, 6236, 5947, 5739, 5731, 5704, 5684, 5460, 5444, 4925, 4914, 4806, 4650, 4640, 4478, 4477, 4272, 4199, 4072, 4038, 3646, 3567, 3512, 3402, 3050, 2796, 2661, 2336, 2148, 2142, 934, 738, 726, 474, 458, 429, 225, 171, 8]",0.014156054642278305,0.5,0.32144922029381295,0.5658812235736501,0.8768953996401954,0.19999999999999996
"[8487, 6647, 5684, 4650, 4640, 4471, 3219, 3204, 2336, 2180, 1822, 1821, 1687, 1556, 1420, 1203, 1043, 934, 880, 588, 582, 290, 220, 219, 150, 124]",0.012632553831905534,0.75,0.3386731668743421,0.39508244293967376,0.866615265998458,0.0
"[6159, 3405, 2126, 2102, 2054, 1694, 1582, 1546, 1404, 1184, 1128, 1094, 1068, 1026, 880, 614, 564, 553, 529, 290, 219, 144, 87, 73, 64, 62, 59, 54, 40, 38, 36, 35, 32, 31, 30, 28, 26, 25, 24]",0.020524426950683027,0.62,0.4304600796640401,0.3202942968041669,0.6777178103315343,0.19999999999999996
"[8467, 8465, 8464, 3227, 2126, 2102, 2054, 1873, 1697, 1694, 1687, 1582, 1546, 1305, 1296, 1184, 1128, 1103, 1098, 1094, 1092, 1068, 1026, 665, 627, 624, 614, 600, 590, 582, 564, 553, 529, 283, 201, 173, 144, 141, 138, 87, 86, 76, 73, 64, 62, 59, 40, 38, 36, 35, 32, 31, 30, 28, 26, 25, 24]",0.02941074322759898,0.44,0.42213152050041836,0.33643993430334107,0.4998714983294783,0.0
"[8291, 7347, 5731, 4377, 4272, 3628, 2163, 2142, 2066, 2054, 1697, 1687, 1556, 1555, 1546, 1184, 1094, 1092, 1068, 1026, 582, 553, 529, 386, 171, 141, 87, 64, 59, 54, 40, 35, 30, 25, 2]",0.01810720074091225,0.66,0.4241918264131954,0.36554865223340094,0.7437676689796968,0.19999999999999996
"[8291, 8213, 6687, 5821, 5739, 5731, 4658, 4264, 4199, 3791, 3227, 2661, 2591, 2148, 2142, 2054, 1954, 1697, 1694, 1687, 1184, 1092, 1026, 561, 201, 173, 172, 165, 162, 87, 64]",0.012304931697152119,0.7,0.39400454102899174,0.44913178624829697,0.8542791056283732,0.19999999999999996
"[8451, 8450, 4483, 1094, 1010, 162, 8, 4]",0.006275758277379023,0.93,0.24507786772760554,0.2260267087494081,0.9426882549473143,0.19999999999999996
"[2028, 2024, 1026, 978, 458, 2]",0.004312340819634174,0.95,0.2666384333021312,0.20899906632634246,0.9547674119763557,0.19999999999999996
"[8586, 8542, 8488, 8487, 8441, 8427, 8237, 8104, 8061, 8046, 7916, 7514, 7086, 6981, 6976, 6967, 6954, 6920, 6706, 6687, 6647, 6362, 6027, 5974, 5908, 5495, 5452, 4995, 4991, 4936, 4834, 4448, 4437, 4264, 4203, 3920, 3900, 3506, 3491, 3417, 3327, 3287, 3050, 2983, 2950, 2916, 2878, 2854, 2820, 2796, 2787, 2776, 2709, 2591, 2401, 2316, 2006, 1894, 1875, 1873, 1795, 1712, 1697, 1585, 1379, 1330, 1319, 1307, 1274, 1188, 935, 856, 816, 772, 706, 414, 291, 229, 222, 214]",0.017300300995600832,0.21,0.4378998109524441,0.6662561344452858,0.8501670521716782,0.19999999999999996
"[8458, 8457, 8453, 8449, 8448, 8164, 7654, 7086, 6920, 6647, 6113, 6092, 5549, 5070, 5056, 4790, 4474, 4469, 3536, 3520, 3506, 3227, 3204, 2983, 2820, 2709, 2527, 2506, 2316, 2126, 2026, 2006, 2002, 1873, 1795, 1697, 1687, 1582, 1498, 1404, 1296, 1277, 1199, 1184, 1172, 1098, 1094, 1068, 1022, 880, 856, 806, 772, 713, 627, 618, 600, 596, 588, 582, 564, 553, 442, 429, 428, 231, 224, 220, 209, 208, 171, 155, 144, 141, 138, 124, 97, 86, 80, 77, 76, 59, 54, 1]",0.03385158601528132,0.17,0.43450217652392653,0.4632442723914203,0.49267540478026217,0.0
"[8463, 8459, 8376, 8243, 7691, 7347, 6848, 6763, 6715, 5947, 5684, 5444, 4914, 4880, 4806, 4650, 4640, 4485, 4482, 4470, 4272, 4038, 3490, 3219, 2697, 2583, 2336, 2239, 1821, 1547, 1414, 1296, 1094, 1043, 934, 856, 851, 824, 806, 618, 553, 428, 413, 283, 132, 58, 54, 38, 30]",0.019715211854595974,0.52,0.36449133187666094,0.477846185356938,0.7676689796967361,0.19999999999999996
"[8554, 8164, 8014, 8013, 7654, 7526, 7028, 6647, 6092, 6035, 6010, 5996, 5977, 5516, 5070, 5056, 5020, 3536, 3520, 3449, 3440, 3055, 2983, 2958, 2527, 2506, 2126, 2102, 2026, 2006, 2002, 1900, 1697, 1582, 1556, 1555, 1553, 1546, 1498, 1128, 1098, 1094, 1068, 1026, 1022, 899, 882, 627, 624, 614, 600, 590, 582, 564, 553, 529, 442, 414, 407, 402, 331, 240, 213, 144, 141, 138, 87, 86, 76, 73, 64, 62, 59, 54, 40, 36, 35, 32, 31, 30, 28, 25, 22, 15, 13, 4]",0.031896272285251215,0.15,0.48544877164066835,0.5063073363074466,0.4993574916473914,0.19999999999999996
"[8487, 8376, 8243, 6658, 6647, 6586, 5947, 5684, 5455, 4650, 4640, 3506, 2550, 2054, 1556, 1546, 934, 816, 564, 54, 52, 13, 2]",0.008815698078258856,0.78,0.3474075595952495,0.4025109043053814,0.9067077872012336,0.19999999999999996
"[8487, 8376, 8243, 6586, 5947, 5684, 5192, 4650, 4640, 3506, 3219, 2550, 2336, 1822, 1821, 1556, 934, 816, 564, 458, 54, 52]",0.006750405186385738,0.79,0.3207113755353125,0.39347828066154533,0.9336931380107941,0.19999999999999996
"[8302, 8005, 7789, 7654, 7636, 7526, 7278, 7014, 5739, 4478, 4477, 4199, 4072, 3567, 3050, 2796, 2661, 1514, 458, 2]",0.006338272748321371,0.81,0.2403967949464273,0.3740730828104192,0.9475713184271396,0.19999999999999996
"[8291, 8243, 8237, 8104, 8051, 7691, 7278, 7086, 6780, 6274, 5684, 4914, 4880, 4650, 4640, 4264, 4017, 3512, 3219, 2983, 2697, 2482, 2336, 1821, 1562, 1043, 935, 834, 240]",0.005428339893493865,0.72,0.28754373018838264,0.4561733503173313,0.9581084554099203,0.4
"[1555, 1553, 1404, 665, 529, 429, 388, 31, 15, 8]",0.007483213706876592,0.91,0.33279667281421876,0.23444701286275427,0.9177589308661013,0.19999999999999996
"[8488, 8467, 8464, 8456, 8449, 8399, 8291, 8213, 7954, 7943, 6687, 6453, 5821, 5739, 5731, 4658, 4264, 4199, 3791, 3227, 2796, 2661, 2591, 2337, 2148, 2142, 2054, 2048, 1790, 1745, 1697, 1694, 1687, 1335, 1332, 1319, 1317, 1308, 1305, 1296, 1231, 1184, 1092, 1026, 817, 809, 808, 738, 736, 734, 561, 291, 290, 284, 283, 240, 231, 225, 219, 209, 201, 173, 172, 165, 162, 87, 64]",0.0252234313498495,0.34,0.40000739085891635,0.505518939204731,0.6910819840657929,0.0
"[8463, 8459, 4485, 4482, 4470, 3490, 2250, 2054, 1687, 1547, 1546, 1414, 1296, 1094, 1068, 1026, 920, 856, 851, 824, 806, 665, 618, 553, 529, 428, 413, 283, 192, 162, 144, 141, 138, 132, 86, 58, 54, 40, 38, 36, 35, 32, 31, 30, 26, 25, 24]",0.02644940958555221,0.54,0.40065796693419364,0.36105864954532685,0.5777435106656387,0.19999999999999996
"[5681, 4227, 3227, 2454, 2126, 2054, 1795, 1707, 1694, 1687, 1556, 1420, 1404, 1184, 1128, 1098, 1026, 951, 851, 772, 627, 624, 614, 590, 428, 290, 277, 201, 173, 165, 155, 144, 141, 86, 77, 76, 73, 64, 35, 15, 2]",0.021792081500347303,0.6,0.4440046106242679,0.3668517654616501,0.657414546389103,0.19999999999999996
"[8291, 8243, 8237, 8104, 8051, 7691, 7348, 7336, 7086, 6780, 6274, 5684, 4914, 4880, 4650, 4640, 4264, 3219, 2983, 2893, 2697, 2482, 2336, 1852, 1821, 1697, 1562, 1043, 834, 240]",0.006121787450798796,0.71,0.31768562465993366,0.4817307545661449,0.9485993317913133,0.4
"[7145, 6920, 6631, 5083, 4083, 2820, 2709, 2316, 2126, 2035, 1697, 1582, 1532, 1098, 1068, 772, 564, 553, 413, 86, 76, 54, 2, 1]",0.011756193563324843,0.77,0.39018648375549414,0.4073076624287606,0.8560781290156771,0.19999999999999996
"[6330, 5529, 4237, 3220, 3083, 629, 529, 429, 15]",0.004225515165547581,0.92,0.29439411150889794,0.2989153956164309,0.9601644821382678,0.19999999999999996
"[7514, 6330, 5529, 4448, 3417, 2887, 1894, 1627, 1379, 343]",0.0018881685575364666,0.91,0.2099423052017354,0.30546182439624625,0.9809817527627859,0.6
"[5885, 4475, 2102, 2054, 1582, 1094, 1026, 618, 588, 582, 293, 220, 172, 165, 124, 67, 62, 59, 54, 8, 2]",0.013512387126649688,0.8,0.3431144514217911,0.2621592099576435,0.8157286044718581,0.19999999999999996
"[8467, 8463, 8460, 8459, 8457, 8456, 8453, 7951, 4925, 4600, 4497, 4495, 4491, 4487, 4485, 4484, 4481, 4477, 4476, 4131, 3490, 3227, 3204, 3013, 2180, 2054, 2018, 1941, 1907, 1872, 1697, 1687, 1556, 1553, 1546, 1443, 1420, 1404, 1332, 1324, 1299, 1277, 1231, 1184, 1094, 1026, 1022, 920, 906, 904, 851, 817, 734, 627, 618, 600, 588, 582, 553, 458, 446, 442, 429, 407, 392, 386, 294, 290, 277, 276, 231, 219, 202, 192, 190, 171, 150, 132, 124, 86, 73, 67, 62, 59, 54, 51, 49, 42, 38, 32, 30, 25, 16, 15, 14, 2, 1]",0.0396839546191248,0.04,0.4501992749909388,0.3480778871442306,0.20508866615265997,0.19999999999999996
"[8465, 8463, 8461, 8459, 8456, 8451, 8447, 7820, 4472, 4471, 4470, 4469, 4468, 3227, 2588, 2250, 1907, 1904, 1873, 1790, 1556, 1555, 1546, 1332, 1296, 1277, 1199, 1094, 1068, 955, 889, 856, 851, 824, 806, 736, 734, 627, 618, 600, 596, 529, 370, 294, 276, 240, 231, 220, 214, 209, 201, 200, 192, 172, 144, 141, 132, 86, 76, 32, 30, 24, 15, 13, 4, 2, 1]",0.03139268349154897,0.34,0.42060675311047957,0.3345354944764316,0.4590079671035724,0.19999999999999996
"[8456, 5328, 4719, 4475, 3227, 2126, 2102, 1790, 1697, 1694, 1687, 1656, 1582, 1555, 1553, 1546, 1296, 1231, 1184, 1137, 1128, 1098, 1094, 1092, 1068, 1026, 914, 736, 734, 627, 624, 614, 600, 590, 582, 564, 553, 529, 240, 231, 220, 209, 201, 173, 172, 165, 162, 144, 141, 138, 87, 86, 76, 73, 64, 62, 59, 54, 40, 36, 35, 32, 31, 30, 28, 25, 22, 15, 13, 8, 4]",0.03227367446168094,0.3,0.43840457542396594,0.38443033887629896,0.41942945258288356,0.19999999999999996
"[7990, 6013, 3589, 3454, 3405, 3050, 1959]",0.001348691826811762,0.94,0.18843027430677106,0.27931355505821476,0.9858648162426111,0.8
"[8586, 8128, 8061, 8046, 6793, 6631, 6027, 5639, 5495, 5083, 4995, 4991, 4490, 4237, 4083, 3220, 3204, 3083, 3026, 2951, 2035, 1532, 1354, 629]",0.004913174345913406,0.77,0.22913980168837322,0.45093663262807926,0.9658185556412233,0.4
"[6920, 6700, 2820, 2102, 1795, 1068, 772, 596, 553, 86, 77, 76, 36, 35, 31, 22, 1]",0.009681639268349154,0.84,0.3626094916586261,0.3216745990576009,0.8763813929581085,0.19999999999999996
"[7990, 4495, 4491, 3589, 3490, 3056, 2387, 1443, 1420, 920, 446, 442, 429, 392]",0.008249594813614263,0.87,0.3003027238923923,0.3104161174544736,0.9013107170393215,0.19999999999999996
"[8467, 8465, 8464, 8456, 6678, 4925, 3227, 2765, 2250, 2126, 2102, 2054, 1904, 1873, 1872, 1790, 1697, 1694, 1687, 1582, 1546, 1498, 1305, 1296, 1231, 1184, 1128, 1098, 1094, 1092, 1068, 1026, 936, 817, 736, 734, 665, 627, 624, 614, 600, 590, 564, 553, 359, 318, 290, 283, 240, 231, 219, 209, 201, 200, 173, 172, 165, 162, 144, 141, 138, 87, 86, 76, 73, 64, 62, 59, 54, 40, 38, 36, 35, 32, 31, 30, 28, 26, 25, 24]",0.03470247742532993,0.21,0.43229366722623686,0.352933839730449,0.36622976098689286,0.0
"[8458, 8457, 8453, 8448, 8441, 8427, 8164, 7916, 7654, 7599, 7086, 6920, 6658, 6647, 6362, 6219, 6113, 6092, 5725, 5549, 5070, 5056, 4834, 4790, 4474, 4469, 4200, 4179, 3536, 3520, 3506, 3287, 3227, 3050, 2983, 2820, 2796, 2787, 2776, 2709, 2527, 2506, 2316, 2026, 2006, 2002, 1873, 1795, 1712, 1697, 1687, 1498, 1404, 1296, 1277, 1274, 1199, 1184, 1172, 1022, 880, 856, 806, 772, 713, 600, 588, 442, 429, 428, 231, 229, 224, 222, 220, 214, 209, 208, 171, 155, 144, 86, 80, 77]",0.030037045612410277,0.17,0.41973698596335285,0.551043592976713,0.626574145463891,0.0
"[8586, 8498, 8488, 8487, 8128, 8104, 8061, 8046, 7514, 7365, 7145, 7086, 6981, 6976, 6967, 6954, 6920, 6647, 6631, 6027, 5975, 5974, 5495, 5452, 5083, 4995, 4991, 4936, 4448, 4437, 4083, 3920, 3900, 3506, 3491, 3417, 3327, 3204, 3026, 2983, 2950, 2916, 2878, 2820, 2401, 2316, 2126, 2035, 2006, 1916, 1894, 1875, 1873, 1795, 1582, 1532, 1379, 1354, 1329, 1319, 1307, 1098, 1094, 1068, 935, 856, 816, 772, 627, 618, 600, 596, 582, 564, 553, 414, 291, 208, 141, 138, 124, 97, 86, 80, 77, 76, 59, 54, 1]",0.027215790692289882,0.12,0.4786223415451013,0.6493788750521867,0.686455923927011,0.19999999999999996
"[8302, 7789, 7278, 4665, 4478, 4477, 3567, 8]",0.00399513776337115,0.93,0.2031505389445042,0.2678569011738626,0.9673605756874839,0.19999999999999996
"[8467, 8461, 8459, 8451, 8447, 7820, 6493, 4477, 4476, 4475, 4469, 3227, 2250, 1907, 1904, 1873, 1872, 1556, 1555, 1546, 1404, 1332, 1305, 1296, 1277, 1199, 1094, 1068, 906, 824, 806, 627, 618, 600, 596, 529, 458, 386, 370, 359, 318, 290, 283, 276, 231, 214, 200, 192, 172, 144, 141, 132, 86, 76, 32, 30, 24, 15, 13, 4, 2, 1]",0.030815003473026164,0.39,0.42375929111186483,0.33347401235673957,0.477769210999743,0.19999999999999996
"[8467, 8463, 8460, 8459, 8457, 8456, 8453, 6658, 5707, 5512, 5169, 4925, 4495, 4491, 4487, 4486, 4485, 4484, 4482, 4481, 4477, 4476, 4471, 3227, 3204, 3013, 2321, 2180, 2028, 2026, 1941, 1907, 1872, 1697, 1687, 1420, 1404, 1332, 1324, 1299, 1277, 1231, 1184, 1098, 1092, 978, 951, 934, 920, 906, 904, 851, 817, 734, 627, 600, 458, 446, 428, 413, 392, 386, 294, 290, 277, 276, 231, 223, 219, 202, 201, 192, 190, 173, 171, 150, 132, 86, 73, 64, 51]",0.03395924982634869,0.2,0.43012364588975793,0.3360943392588154,0.4063222821896685,0.0
"[8609, 8467, 8465, 8464, 8463, 8372, 8194, 7741, 7691, 6274, 4925, 4914, 4880, 4227, 3227, 2821, 2336, 2126, 2102, 2054, 1872, 1821, 1707, 1694, 1687, 1555, 1404, 1332, 1326, 1324, 1305, 1299, 1296, 1098, 1092, 1068, 851, 824, 817, 808, 627, 590, 553, 527, 318, 294, 290, 283, 277, 276, 231, 201, 173, 165, 144, 141, 86, 77, 76, 73, 64, 36, 35, 31]",0.02897893030794165,0.37,0.4009186537247933,0.3958945519694419,0.5612952968388589,0.0
"[8262, 7990, 7731, 7654, 7236, 6219, 5681, 5549, 5328, 5174, 5058, 4719, 4494, 4475, 4200, 4179, 4012, 3703, 3589, 3520, 3506, 3050, 1656, 1137, 914, 734, 726, 627, 618, 600, 588, 553, 402, 231, 220, 184, 173, 171, 86, 80, 77, 73, 62, 59, 54, 51, 49, 42, 38]",0.020740912248205602,0.52,0.37853851419071194,0.452704264664196,0.7501927525057825,0.0
"[8487, 6647, 5684, 4650, 4640, 4227, 3227, 3219, 2708, 2336, 2126, 1822, 1821, 1707, 1694, 1687, 1556, 1420, 1404, 1203, 1128, 1098, 1043, 951, 934, 880, 851, 627, 624, 614, 590, 582, 220, 201, 173, 165, 144, 141, 86, 77, 76, 64, 31]",0.02029636489928224,0.58,0.4424310098822143,0.38617771121588473,0.7147262914417887,0.0
"[8637, 8540, 8467, 8465, 8464, 8456, 8159, 8155, 8128, 6967, 6836, 6708, 5566, 5335, 4497, 4487, 4485, 4477, 4476, 4475, 4469, 4443, 4302, 3900, 3548, 3399, 3167, 2493, 2383, 2016, 1978, 1941, 1907, 1904, 1873, 1872, 1790, 1731, 1717, 1697, 1691, 1556, 1555, 1553, 1546, 1502, 1491, 1404, 1376, 1340, 1332, 1305, 1296, 1231, 1184, 1068, 1026, 906, 880, 817, 808, 736, 734, 529, 386, 359, 335, 318, 290, 283, 240, 231, 219, 209, 201, 173, 172, 165, 162, 141, 138, 58, 40, 35, 32, 31, 30, 25, 22, 15, 13, 8]",0.03552905765223431,0.09,0.4231316058517949,0.42229666512445996,0.4240555127216654,0.0
"[8586, 8498, 8488, 8487, 8441, 8427, 8237, 8104, 8046, 7916, 7514, 7086, 6981, 6976, 6967, 6954, 6920, 6706, 6687, 6658, 6647, 6362, 6027, 5974, 5495, 5452, 4995, 4991, 4936, 4834, 4448, 4437, 4264, 4203, 3920, 3900, 3506, 3491, 3417, 3327, 3287, 2983, 2950, 2916, 2878, 2820, 2796, 2787, 2776, 2709, 2591, 2401, 2316, 2006, 1894, 1875, 1873, 1795, 1712, 1697, 1585, 1556, 1379, 1330, 1319, 1307, 1274, 1188, 935, 856, 816, 772, 590, 414, 291, 229, 222, 214, 208]",0.018807594350544108,0.22,0.4493297432445025,0.6641674496639702,0.8296067848882036,0.19999999999999996
"[5225, 1043]",0.000349617967122019,0.99,0.07632765817377962,0.19257937746690723,0.9969159599074788,1.0
"[8467, 8302, 8178, 7924, 7789, 7654, 7365, 7278, 6774, 6362, 6274, 6133, 5975, 5974, 5739, 5704, 5549, 5452, 5070, 5058, 4936, 4902, 4807, 4707, 4437, 4197, 4083, 4072, 4038, 4012, 3950, 3920, 3567, 3536, 3520, 3287, 2796, 2783, 2776, 2527, 2506, 2159, 2002, 1905, 1875, 1873, 1514, 614, 590, 214, 208, 171, 97, 75]",0.013799490622829359,0.47,0.3544512625686739,0.5212299321026919,0.8815214597789771,0.19999999999999996
"[8574, 8494, 8370, 7563, 7526, 7122, 7107, 7101, 7095, 7072, 6579, 6536, 6013, 5989, 5705, 5498, 5208, 5078, 4451, 4216, 4028, 3628, 3454, 3419, 3227, 3219, 3037, 2972, 2479, 2384, 2362, 2336, 2126, 2066, 2019, 1953, 1905, 1822, 1821, 1707, 1697, 1687, 1556, 1555, 1532, 1454, 1450, 1421, 1277, 1199, 1184, 1175, 1098, 1068, 1043, 713, 673, 627, 618, 600, 596, 588, 582, 553, 529, 495, 446, 433, 429, 385, 231, 224, 220, 209, 208, 190, 171, 162, 155, 144, 141, 138, 124, 97, 86, 80, 77, 76, 64, 40, 35, 30, 25, 15]",0.0321023385042834,0.07,0.4932469108751022,0.5359695061046017,0.5283988691852994,0.19999999999999996
"[8453, 1094, 1068, 582, 564, 553, 59, 54, 1]",0.007528363047001621,0.92,0.3022792669669798,0.24023604803258647,0.9159599074787972,0.19999999999999996
"[8051, 7219, 6097, 4152, 3650, 3204, 3089, 3056, 2682, 1546, 1183, 2, 1]",0.005199120166705255,0.88,0.30504657069022867,0.3223481237992868,0.9483423284502699,0.19999999999999996
"[8467, 8465, 8464, 8262, 8081, 7731, 7703, 7654, 7236, 6219, 5681, 5549, 5174, 5058, 4494, 4200, 4179, 4012, 3703, 3520, 3506, 3227, 2972, 2454, 2054, 1687, 1556, 1553, 1546, 1434, 1332, 1305, 906, 817, 808, 734, 726, 627, 618, 600, 588, 553, 529, 527, 413, 402, 397, 386, 290, 283, 231, 220, 173, 171, 162, 141, 138, 86, 80, 77, 73, 62, 59, 54, 51, 49, 42, 38, 32, 30, 24, 16, 15, 14]",0.031239870340356565,0.27,0.4115396315723173,0.4136203999981225,0.506810588537651,0.0
"[8447, 8302, 7924, 7789, 7654, 7526, 7278, 6774, 6133, 5739, 4725, 4474, 4468, 4199, 4083, 4072, 3950, 3710, 3567, 2796, 2159, 2054, 1905, 1825, 1697, 1694, 1687, 1582, 1556, 1555, 1553, 1546, 1514, 1296, 1184, 1068, 943, 553, 529, 173, 172, 165, 162, 144, 86, 40, 36, 35, 32, 31, 30, 28, 25, 22, 15, 13, 4, 2, 1]",0.02608705718916416,0.42,0.40530760102275565,0.5012647553200725,0.6409663325623234,0.0
"[8465, 8463, 8461, 8456, 8451, 4472, 4471, 4470, 4469, 4468, 3227, 2588, 2250, 2054, 1907, 1904, 1873, 1790, 1556, 1555, 1546, 1332, 1296, 1277, 1199, 1094, 1068, 1026, 955, 889, 856, 851, 824, 806, 736, 734, 627, 618, 600, 596, 529, 370, 294, 276, 240, 231, 220, 214, 209, 201, 200, 192, 172, 144, 141, 86, 76, 36, 35, 32, 31, 30, 28, 26, 25, 24, 15]",0.0319935170178282,0.34,0.41693779481844273,0.3543945973810201,0.4479568234387047,0.0
"[8291, 8051, 7278, 7219, 6780, 5684, 5482, 4152, 3650, 3512, 3204, 3089, 3056, 2682, 2482, 1546, 1183, 834, 240, 2, 1]",0.006977309562398704,0.8,0.33589906016390814,0.41155306053314644,0.9334361346697507,0.19999999999999996
"[8574, 8494, 8467, 8463, 8459, 8456, 8453, 8370, 7731, 7703, 7526, 6824, 6013, 5989, 5779, 5681, 5498, 5266, 4925, 4776, 4640, 4487, 4485, 4451, 3419, 3219, 2772, 2733, 2720, 2384, 2362, 2336, 2180, 1907, 1905, 1904, 1872, 1790, 1697, 1678, 1556, 1332, 1324, 1299, 1199, 1184, 920, 817, 808, 807, 753, 736, 734, 713, 627, 600, 588, 553, 495, 442, 359, 318, 294, 290, 283, 240, 231, 224, 220, 219, 209, 208, 190, 171, 162, 86, 80, 77, 51, 42, 38, 32, 30, 24, 1]",0.032640657559620284,0.16,0.4191798134694631,0.43127083221087625,0.5155487021331278,0.0
"[8467, 8465, 8464, 8456, 6330, 5624, 5529, 5227, 4497, 4487, 4485, 4477, 4476, 4475, 4237, 3574, 3227, 3220, 3083, 1941, 1907, 1904, 1873, 1872, 1790, 1697, 1694, 1687, 1404, 1332, 1305, 1296, 1231, 1184, 1128, 906, 880, 817, 808, 736, 734, 665, 629, 627, 624, 529, 429, 386, 359, 318, 290, 283, 240, 231, 219, 209, 201, 173, 172, 165, 162, 144, 141, 138, 15]",0.02892104653855059,0.36,0.39799735785935564,0.3603511375524917,0.5525571832433822,0.19999999999999996
"[8488, 8237, 8104, 7086, 6687, 6647, 4470, 4264, 3506, 3491, 3490, 2983, 2709, 2591, 2250, 2006, 1873, 1712, 1697, 1585, 1556, 1319, 1188, 1094, 1068, 1043, 935, 856, 851, 824, 816, 806, 618, 590, 553, 428, 414, 413, 291, 233, 214, 208, 86, 58, 54, 40, 38]",0.02127691595276684,0.54,0.43669861138472976,0.49243720999488216,0.721408378308918,0.0
"[8459, 8291, 8243, 8237, 8104, 8043, 7278, 7086, 6780, 5684, 4914, 4650, 4485, 4482, 4264, 4017, 3512, 2983, 2482, 2054, 1547, 1546, 1414, 1026, 834, 240, 141, 138, 132]",0.010762908080574207,0.72,0.28663549548226985,0.4005649655713729,0.8905165767154973,0.19999999999999996
"[8488, 8427, 8237, 8104, 7916, 7086, 6967, 6687, 6658, 6647, 6362, 4834, 4264, 3900, 3506, 3491, 3287, 2983, 2916, 2796, 2787, 2776, 2709, 2591, 2006, 1873, 1712, 1697, 1585, 1556, 1319, 1188, 935, 816, 590, 414, 291, 229, 222, 214, 208]",0.011805973605001158,0.6,0.3914148975352828,0.5425037497223386,0.8833204831662812,0.19999999999999996
"[7145, 6658, 6631, 6274, 4481, 4480, 4227, 4083, 2821, 2126, 2045, 2035, 1697, 1532, 1098, 1068, 564, 553, 413, 385, 86, 76, 54, 2]",0.012625607779578607,0.77,0.33851314527736287,0.3928578852671465,0.8550501156515035,0.19999999999999996
"[8376, 8243, 7347, 6848, 6763, 6715, 6658, 5947, 5705, 5684, 5444, 4914, 4806, 4470, 4272, 4038, 3628, 2239, 2102, 2066, 2054, 1556, 1555, 1098, 1094, 1068, 856, 851, 824, 618, 596, 588, 582, 553, 529, 86, 80, 77, 76, 64, 58, 54, 40, 35, 30, 25, 15, 13, 2]",0.022178745079879603,0.52,0.4260585766145294,0.4611055184656492,0.6980210742739655,0.0
"[6658, 4490, 4483, 1471, 1404, 1094, 1092, 904, 665, 429, 87, 73, 64, 51, 31, 12, 8]",0.011256077795786062,0.84,0.31723003365649016,0.29420900608820977,0.8748393729118479,0.0
"[8586, 8459, 8451, 8446, 8128, 8061, 8046, 7145, 6631, 6526, 6027, 5495, 5083, 4995, 4991, 4494, 4490, 4483, 4482, 4471, 4470, 4469, 4131, 4083, 3227, 3204, 3026, 2950, 2250, 2180, 2054, 2035, 2026, 1907, 1904, 1791, 1663, 1556, 1553, 1547, 1546, 1532, 1404, 1354, 1277, 1094, 1026, 1022, 889, 856, 824, 806, 627, 618, 600, 553, 527, 428, 413, 370, 318, 283, 231, 219, 200, 192, 172, 132, 124, 86, 76, 67, 62, 59, 58, 54, 51, 49, 42, 38, 32, 30, 25, 22, 16, 15, 14, 2, 1]",0.03558925677240102,0.12,0.43055933763377385,0.4646934790810875,0.40837830891801596,0.19999999999999996
"[8453, 4493, 906, 294]",0.0037080342671914797,0.97,0.21982566736869957,0.21879082818638274,0.9717296324852223,0.19999999999999996
"[8330, 6793, 5639, 4995, 2951, 2028]",0.001371845334568187,0.95,0.1777170839375245,0.2714346918743319,0.9884348496530455,0.6
"[8453, 8376, 8081, 7347, 6848, 6763, 6715, 6092, 5947, 5684, 5549, 5444, 5058, 4902, 4806, 4494, 4493, 4470, 4038, 4012, 3645, 3536, 3520, 3506, 3451, 3227, 2972, 2506, 2454, 2239, 2002, 1687, 1498, 1434, 1094, 914, 906, 856, 851, 824, 618, 413, 402, 397, 220, 173, 162, 144, 54]",0.01956818708034267,0.52,0.3560986136958043,0.474080190046976,0.7879722436391673,0.0
"[8488, 8487, 8237, 8104, 7086, 6981, 6978, 6954, 6708, 6687, 6647, 5974, 5452, 4640, 4437, 4264, 3920, 3529, 3506, 3491, 3219, 2983, 2916, 2878, 2591, 2336, 1875, 1822, 1821, 1712, 1697, 1585, 1556, 1330, 1319, 1188, 1043, 935, 816, 414, 291, 214]",0.009966427413753184,0.59,0.37728634749259804,0.5063270682754555,0.9123618607041891,0.19999999999999996
"[8487, 6954, 6687, 6159, 4640, 3624, 3405, 3219, 2591, 2336, 2126, 2102, 1822, 1821, 1694, 1582, 1556, 1404, 1330, 1128, 1094, 1068, 1043, 880, 614, 564, 553, 414, 291, 219, 214, 87, 73, 64, 62, 59, 54, 40, 38, 36]",0.01810604306552443,0.61,0.4210336522385335,0.38830111326664174,0.7728090465176047,0.0
"[8164, 6658, 6092, 5549, 5058, 4475, 4012, 3645, 3536, 3520, 3506, 3451, 2527, 2506, 2066, 2054, 2002, 1556, 1555, 1546, 1498, 1267, 734, 564, 553, 529, 413, 231, 220, 173, 40, 35, 30, 25, 13, 2]",0.01680134290344987,0.65,0.3767804180007974,0.4519691004782709,0.7997943973271653,0.0
"[8487, 6647, 5684, 4650, 4640, 4471, 4470, 3219, 3204, 2336, 2180, 1822, 1821, 1687, 1556, 1420, 1203, 1043, 934, 880, 856, 851, 788, 618, 588, 582, 290, 220, 219, 150, 124]",0.015266265339198889,0.7,0.3514192075097661,0.39699852982511363,0.8350038550501157,0.19999999999999996
"[8467, 8459, 8456, 8453, 5624, 5512, 5227, 4491, 4487, 4485, 4477, 4476, 4475, 3227, 3013, 2126, 2102, 2028, 2026, 1907, 1872, 1790, 1697, 1694, 1687, 1582, 1556, 1555, 1553, 1546, 1420, 1404, 1332, 1296, 1231, 1184, 1128, 1098, 1094, 1092, 1068, 978, 951, 934, 920, 906, 817, 736, 734, 665, 624, 614, 600, 596, 590, 564, 553, 529, 458, 446, 428, 413, 392, 386, 294, 290, 240, 231, 223, 219, 209, 201, 173, 172, 165, 162, 144, 141, 138, 87, 86, 76, 73, 64, 62, 59, 54, 40, 36, 35, 32, 31, 30, 28, 25, 22, 15, 13]",0.04054758045843945,0.03,0.4418705895716132,0.37117543760075433,0.22462092007196088,0.19999999999999996
"[8376, 8302, 8178, 7789, 7691, 7654, 7365, 7348, 7278, 6749, 6715, 6708, 6362, 6274, 5739, 5704, 5684, 4880, 4806, 4707, 4640, 4202, 4197, 4083, 4072, 3950, 3567, 3287, 3219, 2796, 2776, 2336, 2159, 1905, 1821, 1514, 1043, 614, 590, 564, 553, 214, 184, 97, 75, 54, 52, 40, 35, 30, 25]",0.01514818244964112,0.5,0.3969474361470158,0.5204133487015368,0.8429709586224621,0.19999999999999996
"[8586, 8441, 8427, 8128, 8061, 8046, 7916, 7514, 7145, 6967, 6920, 6631, 6362, 6274, 6027, 5495, 5083, 4995, 4991, 4834, 4448, 4203, 4083, 3900, 3417, 3327, 3287, 3026, 2950, 2820, 2796, 2787, 2776, 2401, 2316, 2297, 2035, 1894, 1795, 1532, 1379, 1354, 1307, 1274, 856, 772, 229, 222, 171]",0.01034961796712202,0.52,0.3745759465368539,0.5740175587827638,0.9200719609354922,0.19999999999999996
"[8467, 8465, 8456, 4925, 4487, 4485, 4477, 4476, 3227, 2250, 2126, 2102, 2054, 1907, 1904, 1872, 1790, 1697, 1694, 1687, 1582, 1546, 1404, 1332, 1296, 1231, 1184, 1128, 1098, 1094, 1092, 1068, 1026, 920, 906, 817, 736, 734, 665, 627, 624, 614, 600, 590, 582, 564, 553, 529, 458, 386, 290, 240, 231, 219, 209, 201, 200, 173, 172, 165, 162, 144, 141, 138, 86, 76, 73, 64, 62, 59, 54, 40, 38, 36, 35, 32, 31, 30, 28, 26, 25, 24]",0.037091919425793006,0.19,0.4344709420425936,0.35256013591665303,0.3006939090208173,0.0
"[8467, 8302, 8178, 7924, 7789, 7654, 7365, 7278, 6774, 6362, 6274, 6133, 5974, 5739, 5704, 5549, 5512, 5452, 5070, 5058, 4936, 4902, 4807, 4707, 4491, 4486, 4483, 4482, 4477, 4476, 4475, 4437, 4197, 4083, 4072, 4038, 4012, 3950, 3920, 3567, 3536, 3520, 3287, 3013, 2796, 2783, 2776, 2527, 2506, 2159, 2028, 2026, 2002, 1905, 1901, 1875, 1873, 1514, 978, 940, 934, 906, 904, 614, 590, 458, 446, 413, 392, 386, 359, 223, 214, 208, 171, 97, 75, 72]",0.02416184301921741,0.23,0.382625481683184,0.5031698144719792,0.7314315086096119,0.0
"[8586, 8487, 8463, 8459, 8441, 8427, 8061, 8046, 7916, 7514, 6981, 6976, 6967, 6954, 6920, 6706, 6362, 6027, 5495, 5452, 4995, 4991, 4936, 4834, 4485, 4482, 4448, 4437, 4203, 3920, 3900, 3417, 3327, 3287, 2950, 2916, 2878, 2820, 2796, 2787, 2776, 2401, 2316, 2054, 1894, 1875, 1795, 1687, 1547, 1546, 1414, 1379, 1330, 1307, 1296, 1274, 1026, 920, 856, 772, 665, 529, 283, 229, 222, 162, 144, 141, 138, 132, 36, 35, 32, 31, 30, 26, 25, 24]",0.02664042602454272,0.23,0.3867177180200043,0.5542065377316752,0.6843998971986636,0.0
"[8459, 8451, 8447, 6493, 4471, 4469, 4131, 3712, 3227, 3204, 2250, 2180, 2054, 1907, 1904, 1873, 1791, 1556, 1553, 1546, 1404, 1332, 1296, 1277, 1199, 1094, 1068, 1026, 824, 806, 627, 618, 600, 596, 553, 370, 318, 290, 283, 231, 200, 192, 172, 124, 86, 76, 67, 62, 59, 54, 51, 49, 42, 38, 32, 30, 25, 16, 15, 14, 2, 1]",0.03112873350312572,0.39,0.430440074888654,0.3865295360357057,0.4877923413004369,0.0
"[8051, 7219, 6097, 5639, 5634, 5229, 4995, 4152, 3650, 3204, 3089, 3056, 2951, 2682]",0.002134753415142394,0.87,0.1980441560142019,0.34937791549565944,0.98278077615009,0.8
"[6793, 5639, 4490, 3204, 2028, 1418]",0.002390599675850891,0.95,0.18850769920399157,0.24668072585575984,0.98278077615009,0.19999999999999996
"[8465, 8463, 8461, 8456, 8451, 5169, 4945, 4472, 4471, 4470, 4469, 4468, 3227, 2588, 2250, 2054, 1907, 1904, 1873, 1790, 1556, 1555, 1546, 1332, 1296, 1277, 1199, 1094, 1068, 1026, 955, 889, 856, 851, 824, 806, 736, 734, 627, 618, 600, 596, 529, 370, 294, 276, 240, 231, 220, 214, 209, 201, 200, 192, 172, 144, 141, 86, 76, 36, 35, 32, 31, 30, 28, 26, 25, 24, 15]",0.03230608937253994,0.32,0.4264988911200337,0.3698506029970263,0.4443587766640966,0.0
"[8467, 8464, 6092, 3536, 3227, 2527, 2506, 2126, 2102, 2002, 1873, 1694, 1687, 1582, 1556, 1555, 1553, 1546, 1498, 1305, 1296, 1098, 1094, 1092, 1068, 1022, 856, 627, 596, 590, 564, 553, 529, 283, 201, 173, 144, 141, 86, 76, 73, 64, 62, 59, 54, 40, 36, 35, 32, 31, 30, 28, 25, 22, 15, 13]",0.02820213012271359,0.45,0.42429269310969253,0.3752191238325624,0.5425340529426883,0.0
"[8586, 8487, 8237, 8128, 8104, 8081, 8061, 8046, 7145, 7086, 6981, 6976, 6967, 6954, 6708, 6687, 6647, 6631, 6027, 5974, 5549, 5495, 5452, 5083, 5058, 4995, 4991, 4640, 4494, 4493, 4475, 4437, 4264, 4083, 4012, 3920, 3900, 3529, 3520, 3506, 3491, 3287, 3227, 3219, 3026, 2983, 2972, 2950, 2916, 2878, 2776, 2591, 2454, 2336, 2035, 1894, 1875, 1822, 1821, 1712, 1697, 1687, 1585, 1556, 1532, 1434, 1354, 1330, 1319, 1188, 1043, 935, 914, 906, 816, 734, 414, 413, 402, 397, 386, 291, 231, 220, 214, 173, 162]",0.025250057883769394,0.14,0.3961621022216596,0.5777994932580971,0.7455666923670008,0.19999999999999996
"[4104, 2126, 2102, 2054, 1904, 1582, 1546, 1128, 1098, 1094, 1092, 1068, 1026, 627, 624, 614, 590, 582, 564, 553, 529, 144, 141, 138, 86, 76, 73, 64, 62, 59, 54, 40, 38, 36, 35, 32, 31, 30, 28, 26, 25, 24]",0.022567724010187543,0.59,0.43997580973209294,0.3172272416941112,0.6162940118221537,0.19999999999999996
"[8467, 8465, 8464, 8456, 8104, 7086, 6647, 6449, 6330, 5624, 5529, 5227, 4497, 4491, 4488, 4487, 4485, 4484, 4477, 4476, 4475, 4237, 3574, 3529, 3506, 3491, 3490, 3227, 3220, 3083, 2983, 1941, 1907, 1904, 1873, 1872, 1790, 1697, 1694, 1687, 1443, 1420, 1414, 1404, 1332, 1305, 1296, 1231, 1184, 1128, 935, 920, 906, 904, 880, 817, 808, 736, 734, 665, 629, 627, 624, 529, 451, 442, 429, 414, 392, 386, 359, 318, 290, 283, 240, 231, 219, 209, 201, 173, 172, 165, 162, 144, 141, 138, 15]",0.03353438295901829,0.14,0.418672968632571,0.3918347786179365,0.43099460292983804,0.19999999999999996
"[8609, 8467, 8372, 7741, 6658, 5684, 4925, 4914, 4880, 2336, 2126, 2102, 2066, 2054, 1872, 1821, 1707, 1694, 1687, 1556, 1555, 1546, 1404, 1332, 1326, 1324, 1305, 1299, 1098, 1092, 1068, 851, 824, 817, 808, 627, 590, 564, 553, 529, 318, 294, 290, 283, 277, 276, 231, 201, 173, 165, 86, 77, 76, 73, 64, 40, 36, 35, 31, 30, 25, 13, 2]",0.02958555221115999,0.38,0.4197259809734911,0.43702027483831585,0.5368799794397328,0.0
"[4860, 4471, 3204, 2180, 1687, 1556, 1555, 1553, 1546, 880, 553, 529, 290, 252, 219, 150, 124, 40, 35, 32, 31, 30, 28, 25, 22, 15, 13]",0.01705718916415837,0.74,0.37356939613771645,0.31981285762687817,0.7779491133384734,0.19999999999999996
"[8453, 4493, 4483, 1947, 1094, 906, 397, 162, 8]",0.006859226672840935,0.92,0.2565660118352444,0.25750643092859116,0.9339501413518376,0.19999999999999996
"[7145, 6658, 6631, 6274, 4481, 4227, 4083, 2821, 2126, 2045, 2035, 1697, 1532, 1098, 1068, 1043, 564, 553, 413, 385, 86, 76, 2]",0.01112526047696226,0.78,0.34679348556567546,0.4198558162218533,0.8763813929581085,0.19999999999999996
"[8458, 8457, 8453, 8448, 8441, 8427, 8164, 7916, 7654, 7599, 7086, 6920, 6647, 6362, 6219, 6113, 6092, 5975, 5901, 5725, 5549, 5070, 5056, 4834, 4790, 4474, 4469, 4200, 4179, 3536, 3520, 3506, 3287, 3227, 3050, 2983, 2820, 2796, 2787, 2776, 2709, 2527, 2506, 2316, 2026, 2006, 2002, 1873, 1795, 1712, 1697, 1687, 1498, 1404, 1296, 1277, 1274, 1199, 1172, 1022, 880, 856, 806, 772, 713, 600, 588, 442, 429, 428, 231, 229, 224, 222, 220, 214, 209, 208, 171, 155, 144, 86, 80, 77]",0.029348228756656634,0.17,0.4131033607965364,0.5447252338101556,0.6340272423541506,0.0
"[4493, 906, 294]",0.0025665663347997224,0.98,0.2053605293996723,0.2041456650586242,0.9776407093292213,0.19999999999999996
"[7297, 1426]",0.0005221115999073859,0.99,0.1283882127554371,0.19317207636612077,0.9933179131328708,0.8
"[8467, 8465, 8456, 7990, 4925, 4487, 4485, 4477, 4476, 3589, 3227, 3050, 2387, 2250, 1907, 1872, 1790, 1697, 1694, 1687, 1404, 1332, 1296, 1231, 1184, 920, 906, 817, 736, 734, 665, 458, 386, 290, 240, 219, 209, 201, 200, 173, 172, 165, 162, 35]",0.02264876128733503,0.57,0.3680354502699865,0.3447254439448205,0.6849139038807505,0.0
"[8194, 7741, 7691, 6700, 4475, 2102, 2054, 1582, 1555, 1311, 1092, 1068, 618, 553, 527, 165, 124, 64, 59, 36, 35, 31]",0.012719379485992128,0.79,0.34205102001579235,0.3285660139245673,0.8589051657671549,0.19999999999999996
"[6658, 3819, 2028, 2024, 978, 458, 2]",0.0036026858068997454,0.94,0.2533957557674803,0.2443068403517933,0.9624775122076586,0.19999999999999996
"[8488, 8487, 8441, 8427, 8237, 8164, 8104, 7916, 7514, 7086, 6981, 6976, 6967, 6920, 6708, 6687, 6647, 6362, 6092, 5975, 5974, 5452, 4936, 4902, 4834, 4448, 4437, 4264, 3920, 3900, 3645, 3536, 3506, 3491, 3417, 3327, 3287, 2983, 2916, 2878, 2820, 2796, 2787, 2776, 2709, 2591, 2527, 2506, 2401, 2316, 2006, 2002, 1875, 1873, 1795, 1712, 1697, 1585, 1498, 1379, 1330, 1319, 1307, 1274, 1188, 1026, 1022, 935, 856, 816, 794, 772, 437, 414, 291, 229, 222, 214, 4, 2]",0.01950104190784904,0.21,0.4541823567312705,0.6105921602301292,0.8144435877666409,0.19999999999999996
"[8081, 7703, 6647, 3227, 2972, 2708, 2454, 2126, 2054, 1687, 1556, 1553, 1546, 1434, 1128, 906, 880, 851, 627, 624, 614, 590, 529, 527, 413, 397, 386, 290, 283, 220, 173, 162, 141, 138, 86, 77, 32, 30, 24, 16, 15, 14]",0.021410048622366288,0.59,0.4406390312726861,0.36118609750395125,0.6664096633256232,0.19999999999999996
"[4394, 1546, 1026, 529, 35, 32, 31, 30, 28, 26, 25, 24]",0.008484602917341977,0.89,0.3446142918072326,0.22938807042013643,0.8925726034438448,0.19999999999999996
"[8488, 8441, 8427, 8237, 8104, 7916, 7086, 6967, 6920, 6706, 6687, 6647, 6362, 5328, 4834, 4719, 4475, 4264, 3900, 3506, 3491, 3327, 3287, 2983, 2916, 2820, 2796, 2787, 2776, 2709, 2591, 2316, 2006, 1873, 1795, 1790, 1712, 1697, 1656, 1585, 1556, 1319, 1274, 1231, 1188, 1137, 1128, 1043, 935, 856, 816, 772, 736, 734, 627, 624, 614, 600, 590, 438, 414, 291, 240, 231, 229, 222, 220, 214, 209, 208, 87, 86]",0.02421856911322065,0.29,0.442173191834052,0.6025647175028565,0.7309175019275251,0.0
"[8586, 8498, 8488, 8487, 8441, 8427, 8128, 8104, 8061, 8046, 7916, 7514, 7145, 6981, 6976, 6967, 6954, 6920, 6658, 6647, 6631, 6362, 6219, 6027, 5975, 5974, 5495, 5452, 5083, 4995, 4991, 4936, 4834, 4448, 4437, 4200, 4179, 4083, 3920, 3900, 3506, 3491, 3417, 3327, 3287, 3026, 2983, 2950, 2916, 2878, 2820, 2796, 2787, 2776, 2745, 2401, 2316, 2035, 2024, 2006, 1916, 1894, 1875, 1873, 1795, 1712, 1532, 1379, 1354, 1329, 1319, 1307, 1274, 935, 856, 816, 772, 600, 588, 458, 414, 291, 229, 222, 214, 208, 86, 80, 77]",0.021690206066219034,0.12,0.4700525448860913,0.6939423313321964,0.7915702904137754,0.19999999999999996
[1002],0.00036119472100023154,1.0,0.07118675058641333,0.1674453888423022,0.9976869699306091,0.8
"[8488, 8237, 8104, 7086, 6967, 6687, 6658, 4471, 4264, 3900, 3506, 3491, 3405, 2983, 2709, 2591, 2016, 2006, 1873, 1712, 1697, 1585, 1556, 1404, 1319, 1128, 935, 881, 880, 826, 816, 614, 590, 414, 291, 219, 214, 208]",0.01426024542718222,0.63,0.36077234927715474,0.48993690599779993,0.8491390388075045,0.19999999999999996
"[8463, 8459, 7034, 4485, 4482, 4470, 2250, 2054, 1687, 1547, 1546, 1414, 1296, 1094, 1068, 920, 856, 851, 824, 806, 665, 618, 553, 529, 428, 413, 283, 192, 162, 144, 141, 138, 132, 86, 58, 54, 40, 38, 36, 35, 32, 31, 30, 26, 25, 24, 1]",0.025905302153276223,0.54,0.4045327349015373,0.36900449707621674,0.5849396042148548,0.0
"[8376, 8243, 7347, 6962, 6848, 6715, 6236, 5947, 5704, 5684, 5460, 5444, 4925, 4914, 4806, 4650, 4640, 4488, 4487, 4485, 4484, 4483, 4482, 4481, 4480, 4478, 4469, 4272, 4038, 3646, 3402, 3227, 2336, 2250, 2142, 2126, 1907, 1904, 1873, 1821, 1697, 1694, 1687, 1443, 1414, 1404, 1332, 1305, 1296, 1277, 1231, 1199, 1184, 1128, 1022, 998, 934, 920, 904, 880, 851, 824, 806, 734, 726, 665, 627, 624, 614, 600, 596, 590, 474, 458, 442, 429, 392, 370, 318, 294, 290, 283, 231, 225, 219, 201, 200, 173, 172, 171, 165, 162, 144, 141, 138, 132, 87, 86]",0.03722736744616809,0.03,0.4543862955803134,0.4667472473597678,0.3636597275764585,0.0
"[8302, 8291, 8005, 7789, 7654, 7526, 7278, 7014, 5739, 5731, 4478, 4477, 4199, 4072, 3567, 3050, 2796, 2661, 2148, 2102, 2054, 1941, 1582, 1547, 1546, 1514, 1098, 1094, 1092, 1068, 738, 582, 564, 553, 529, 76, 73, 64, 59, 54, 40, 38, 36, 35, 32, 31, 30, 28, 26, 25, 14]",0.022073396619587866,0.5,0.39288932122363807,0.4517488683655704,0.6990490876381392,0.19999999999999996
"[8376, 8243, 7347, 6848, 6715, 6236, 6092, 5947, 5704, 5684, 5460, 5444, 5384, 4925, 4914, 4806, 4650, 4640, 4272, 4038, 3646, 3536, 3512, 3402, 2527, 2506, 2336, 2126, 2102, 2002, 1873, 1821, 1582, 1498, 1098, 1094, 1092, 1022, 998, 934, 856, 726, 627, 596, 590, 564, 474, 458, 201, 171, 86, 76, 73, 64, 62, 59, 54]",0.02084163000694605,0.44,0.41671231856930213,0.49799114809995426,0.7386276021588281,0.19999999999999996
"[8467, 7145, 6658, 6631, 6274, 4481, 4477, 4476, 4475, 4227, 4083, 2821, 2126, 2045, 2035, 1901, 1872, 1697, 1532, 1098, 1068, 1043, 906, 564, 553, 458, 413, 386, 385, 290, 277, 86, 76, 2]",0.017538782125492012,0.67,0.35430792861433,0.40961605740240414,0.7884862503212542,0.19999999999999996
"[4471, 3374, 3204, 2180, 1687, 1556, 1555, 1553, 1546, 880, 553, 290, 252, 219, 150, 40, 35, 32, 31, 30, 28, 25, 22, 15, 13]",0.016667052558462608,0.76,0.37040667674147676,0.30585616758009393,0.7856592135697764,0.19999999999999996
"[8586, 8498, 8488, 8487, 8441, 8427, 8128, 8104, 8061, 8046, 7916, 7599, 7514, 7145, 7086, 6981, 6976, 6967, 6954, 6920, 6658, 6647, 6631, 6362, 6219, 6027, 5975, 5974, 5495, 5452, 5083, 4995, 4991, 4936, 4834, 4448, 4437, 4200, 4179, 4083, 3920, 3900, 3506, 3417, 3327, 3287, 3050, 3026, 2983, 2950, 2916, 2878, 2820, 2796, 2787, 2776, 2401, 2316, 2035, 2006, 1894, 1875, 1873, 1795, 1712, 1532, 1379, 1354, 1329, 1319, 1307, 1274, 935, 856, 816, 772, 600, 588, 414, 291, 229, 222, 214, 208, 86, 80, 77]",0.020548738133827276,0.14,0.46879787587907595,0.692392757000682,0.8080185042405551,0.19999999999999996
"[8453, 4493, 4189, 1947, 1094, 906, 397, 162, 8, 1]",0.0073790229219726795,0.91,0.2736304906040491,0.27755623199414114,0.9308661012593163,0.19999999999999996
"[8372, 8194, 7741, 7691, 6700, 6274, 4227, 3227, 2126, 2102, 2054, 1707, 1694, 1687, 1555, 1098, 1092, 1068, 978, 627, 590, 553, 527, 201, 173, 165, 144, 141, 86, 77, 76, 73, 64, 36, 35, 31]",0.01816508451030331,0.65,0.4177841323321939,0.3711027674487988,0.7450526856849139,0.19999999999999996
"[8586, 8128, 8081, 8061, 8046, 7654, 7145, 6631, 6027, 5702, 5549, 5495, 5083, 5058, 4995, 4991, 4925, 4494, 4493, 4475, 4131, 4083, 4012, 3520, 3506, 3227, 3204, 3026, 2972, 2454, 2180, 2054, 2035, 1894, 1697, 1687, 1656, 1556, 1553, 1546, 1532, 1434, 1354, 1184, 1094, 1026, 914, 906, 734, 627, 618, 600, 588, 582, 553, 413, 402, 397, 386, 231, 220, 206, 190, 173, 171, 162, 141, 138, 132, 124, 86, 73, 67, 62, 59, 54, 51, 49, 42, 38, 32, 30, 25, 16, 15, 14, 2, 1]",0.03429381801342904,0.13,0.43631975687083724,0.5305717408591153,0.45026985350809556,0.0
"[6658, 3819, 2287, 2250, 2028, 2024, 1546, 1026, 978, 529, 458, 200, 35, 32, 2]",0.00902292197267886,0.86,0.33397159804865095,0.29250980828207174,0.8923156001028013,0.19999999999999996
"[8637, 8540, 8467, 8456, 8159, 8155, 8128, 8053, 7655, 7408, 7235, 6967, 6836, 6708, 6052, 6010, 5566, 5492, 5481, 5335, 4984, 4580, 4485, 4443, 4334, 4332, 4302, 4215, 4210, 3900, 3548, 3441, 3399, 3167, 2540, 2493, 2383, 2130, 2026, 2016, 1978, 1731, 1717, 1697, 1691, 1556, 1555, 1553, 1546, 1502, 1491, 1443, 1376, 1340, 1068, 1026, 1022, 978, 529, 458, 442, 429, 428, 335, 141, 138, 58, 40, 35, 32, 31, 30, 25, 22, 15, 13, 8]",0.027993748552905765,0.24,0.41826743401486555,0.5143248751031928,0.6440503726548445,0.0
"[2054, 1546, 906, 529, 397, 386, 268, 141, 138, 35, 32, 24]",0.00818244964112063,0.89,0.3476991363928005,0.25087568790150094,0.8933436134669751,0.19999999999999996
"[4434, 4394, 1546, 1026, 529, 31, 30, 28, 26, 25, 24]",0.007169483676777032,0.9,0.33956347038422185,0.25043550389025737,0.9164739141608841,0.19999999999999996
"[4930, 2054, 1697, 1694, 1688, 1556, 1555, 1553, 1546, 1296, 1184, 553, 529, 172, 165, 162, 144, 40, 35, 32, 31, 30, 28, 25, 22, 15, 13, 4, 2, 1]",0.017447325769854135,0.71,0.41567670763733067,0.3225614490604951,0.7463377023901311,0.0
"[8558, 8463, 8461, 8459, 8453, 8451, 8447, 7820, 4925, 4471, 4470, 4469, 4468, 3941, 3227, 2733, 2336, 2250, 1907, 1904, 1873, 1821, 1556, 1555, 1546, 1404, 1332, 1324, 1305, 1299, 1296, 1277, 1199, 1094, 1068, 1027, 889, 856, 851, 824, 806, 734, 627, 618, 600, 596, 529, 370, 318, 294, 283, 276, 231, 219, 214, 200, 190, 172, 144, 141, 132, 86, 76, 32, 30, 24, 15, 13, 4, 2, 1]",0.032351238712664966,0.3,0.42460257092054265,0.3385374407970436,0.446928810074531,0.19999999999999996
"[8372, 7741, 5684, 4925, 4914, 2126, 2102, 1872, 1707, 1404, 1332, 1326, 1324, 1098, 1092, 1068, 1002, 940, 851, 824, 817, 808, 627, 590, 564, 553, 318, 294, 231, 201, 173, 86, 77, 76, 73, 64, 40]",0.01983213706876592,0.64,0.40888606318267195,0.4184575508240659,0.7406836288871755,0.19999999999999996
"[8467, 8302, 8178, 7924, 7789, 7654, 7365, 7278, 6774, 6687, 6362, 5975, 5974, 5739, 5704, 5684, 5549, 5452, 5070, 5058, 4936, 4807, 4707, 4640, 4437, 4197, 4083, 4072, 4038, 4012, 3950, 3920, 3567, 3536, 3520, 3287, 2796, 2783, 2776, 2506, 2159, 2002, 1905, 1875, 1873, 1556, 1514, 1043, 614, 590, 214, 208, 97, 75]",0.01367214633016902,0.47,0.3580338117093085,0.5341356835759408,0.8748393729118479,0.19999999999999996
"[8291, 8243, 8237, 8104, 8051, 7278, 7233, 7086, 6780, 6274, 5684, 4914, 4650, 4640, 4264, 4017, 3512, 2983, 2482, 2336, 2054, 1821, 1546, 935, 834, 240, 15, 4, 2, 1]",0.00976962259782357,0.71,0.36951202101265945,0.4425542758664591,0.9020817270624518,0.19999999999999996
"[8574, 8494, 8467, 8456, 8453, 8370, 7731, 7703, 7599, 7526, 7378, 6824, 6219, 6013, 5989, 5975, 5779, 5681, 5498, 5266, 4925, 4776, 4640, 4487, 4451, 4179, 3419, 3219, 3050, 2772, 2733, 2720, 2384, 2362, 2336, 1907, 1905, 1904, 1872, 1790, 1697, 1556, 1332, 1324, 1299, 1199, 1184, 920, 817, 808, 807, 753, 736, 734, 713, 627, 600, 588, 553, 495, 442, 359, 318, 294, 290, 283, 240, 231, 224, 220, 219, 209, 208, 190, 171, 162, 86, 80, 77, 51, 42, 38, 32, 30, 24]",0.031748089835610095,0.16,0.42621586861279503,0.46868891604966423,0.5510151631971216,0.0
"[7990, 4930, 3589, 3227, 3050, 2387, 2250, 1790, 1697, 1694, 1687, 1582, 1296, 1231, 1184, 736, 734, 665, 553, 240, 219, 209, 201, 200, 173, 172, 165, 162, 40, 35, 32]",0.015358879370224588,0.7,0.3967865296337082,0.37711770578906967,0.7954253405294269,0.19999999999999996
"[5897, 4497, 4487, 4485, 3227, 2102, 2054, 1941, 1907, 1904, 1873, 1697, 1694, 1687, 1582, 1547, 1546, 1404, 1332, 1305, 1296, 1231, 1184, 1128, 1094, 1092, 1068, 1026, 906, 880, 734, 665, 627, 624, 564, 553, 529, 429, 318, 290, 283, 231, 219, 201, 173, 172, 165, 162, 144, 141, 138, 64, 62, 59, 54, 40, 38, 36, 35, 32, 31, 30, 28, 26, 25, 24]",0.03165663347997221,0.35,0.42815262960637024,0.37134495986685856,0.43973271652531487,0.19999999999999996
"[8243, 7347, 6853, 6848, 6763, 6715, 6658, 5947, 5705, 5684, 5568, 5444, 4914, 4470, 4272, 4038, 3628, 3320, 2239, 2102, 2066, 1556, 1555, 1098, 1094, 1068, 856, 851, 824, 618, 616, 596, 588, 582, 553, 529, 176, 86, 80, 77, 76, 64, 54, 40, 35, 25, 15, 2]",0.021000231535077563,0.53,0.4206432975757791,0.5101666216027421,0.7252634284245696,0.0
"[8330, 6793, 6274, 5639, 2028]",0.0009724473257698542,0.96,0.12903681320188876,0.2513275711727635,0.9925469031097405,0.8
"[8487, 8467, 8465, 8464, 8262, 7731, 7654, 7236, 6647, 6219, 5684, 5681, 5549, 5174, 5058, 4650, 4640, 4494, 4200, 4179, 4012, 3703, 3520, 3506, 3219, 3204, 2972, 2454, 2336, 1822, 1821, 1687, 1556, 1434, 1420, 1332, 1305, 1203, 1043, 934, 880, 817, 808, 734, 726, 627, 618, 600, 588, 582, 413, 410, 402, 290, 283, 231, 220, 173, 171, 162, 124, 86, 80, 77, 73, 62, 59, 54, 51, 49, 42, 38, 32, 30]",0.029161843019217412,0.27,0.40196048383050753,0.4386863676147763,0.5882806476484195,0.19999999999999996
"[8302, 8291, 8178, 7924, 7789, 7654, 7526, 7278, 6780, 6774, 6309, 6236, 6143, 6133, 5739, 5731, 4725, 4199, 4083, 4072, 3950, 3710, 3567, 2796, 2661, 2159, 2148, 2142, 2054, 1905, 1556, 1553, 1546, 1514, 1094, 1026, 738, 588, 582, 553, 474, 225, 73, 67, 62, 59, 54, 51, 49, 42, 38, 32, 30, 25, 16, 15, 14, 2, 1]",0.021286177355869414,0.42,0.4325336427179939,0.5167719763618719,0.708301207915703,0.19999999999999996
"[8574, 8488, 8487, 8456, 8453, 8441, 8427, 8237, 8104, 7916, 7378, 7086, 6981, 6967, 6920, 6708, 6687, 6647, 6362, 6013, 5975, 5498, 4936, 4925, 4834, 4487, 4264, 3900, 3506, 3491, 3327, 3287, 2983, 2916, 2878, 2820, 2796, 2787, 2776, 2709, 2591, 2316, 2006, 1907, 1904, 1872, 1790, 1712, 1697, 1585, 1332, 1330, 1319, 1307, 1274, 1188, 1050, 1026, 935, 920, 856, 817, 816, 808, 794, 772, 736, 734, 627, 442, 437, 414, 359, 318, 291, 283, 240, 231, 229, 224, 222, 219, 214, 4, 2]",0.027764528826117157,0.16,0.41485511994385016,0.5489986273981431,0.6897969673605757,0.0
"[8459, 8451, 8447, 8376, 8243, 7347, 6962, 6848, 6715, 6493, 5947, 5704, 5684, 5444, 4925, 4914, 4806, 4650, 4640, 4471, 4469, 4272, 4038, 3712, 3646, 3629, 3227, 3204, 2336, 2250, 2180, 1907, 1904, 1873, 1821, 1404, 1332, 1296, 1277, 1199, 1094, 1068, 998, 934, 824, 806, 627, 618, 600, 596, 318, 290, 283, 231, 200, 192, 172, 171, 124, 86, 76, 62]",0.026168094466311645,0.39,0.4035599919491848,0.4659094472158435,0.6569005397070162,0.0
"[8467, 8461, 8459, 8456, 8451, 8447, 8104, 8087, 7820, 7654, 7650, 7135, 7028, 6579, 6070, 6035, 6010, 5996, 5584, 5516, 5029, 5020, 4485, 4472, 4469, 4468, 4072, 3569, 3567, 3550, 3533, 3491, 3449, 3440, 3227, 2983, 2958, 2468, 2250, 2045, 1961, 1904, 1900, 1873, 1691, 1556, 1555, 1553, 1546, 1534, 1531, 1514, 1332, 1305, 1296, 1277, 1199, 1068, 1026, 978, 935, 899, 882, 824, 806, 627, 618, 600, 529, 474, 468, 449, 416, 414, 407, 402, 370, 318, 294, 283, 276, 231, 214, 200, 172, 144, 141, 138, 132, 58, 32, 30, 15, 13, 8]",0.03500810372771475,0.06,0.421488768607838,0.44549228653400685,0.4793112310460036,0.0
"[8291, 8243, 8237, 8104, 8051, 7691, 7278, 7086, 6780, 5684, 4914, 4880, 4640, 4264, 4017, 3512, 3219, 2983, 2697, 2482, 2336, 1821, 1562, 1426, 1043, 935, 834, 240]",0.005432970595045149,0.73,0.291848882982777,0.45611085389585615,0.9537393986121819,0.4
"[8574, 8494, 8370, 7563, 7526, 7122, 7107, 7101, 7095, 7072, 6579, 6536, 6013, 5989, 5684, 5498, 5267, 5078, 4650, 4640, 4451, 4216, 4028, 3454, 3419, 3227, 3219, 3037, 2972, 2479, 2384, 2362, 2336, 2126, 2102, 2019, 1953, 1905, 1822, 1821, 1707, 1697, 1687, 1582, 1532, 1454, 1450, 1421, 1277, 1199, 1184, 1175, 1128, 1098, 1094, 1092, 1068, 1043, 713, 627, 618, 614, 600, 596, 590, 588, 582, 564, 495, 446, 433, 429, 385, 231, 224, 220, 209, 208, 190, 171, 162, 155, 144, 141, 138, 124, 87, 86, 76, 73, 64, 62, 59, 54]",0.032295670294049554,0.07,0.49491222508324617,0.5402217852259716,0.5204317656129529,0.19999999999999996
"[8637, 8540, 8159, 8155, 8128, 8053, 7655, 7408, 7235, 6967, 6836, 6708, 6052, 6010, 5566, 5492, 5481, 5335, 4984, 4580, 4443, 4334, 4332, 4302, 4215, 4210, 3900, 3548, 3441, 3399, 3167, 2540, 2493, 2383, 2130, 2026, 2016, 1978, 1731, 1717, 1697, 1556, 1555, 1546, 1502, 1491, 1443, 1376, 1340, 1096, 1094, 1068, 1027, 1022, 978, 596, 529, 458, 442, 429, 335, 141, 86, 76, 40, 35, 32, 31, 30, 25, 24, 22, 15, 13, 4, 2, 1]",0.026934475573049316,0.24,0.4761536454221921,0.5217722935368763,0.6309432022616295,0.19999999999999996
"[8488, 8237, 8104, 7654, 7549, 7086, 6967, 6920, 6774, 6706, 6687, 6362, 5328, 4707, 4264, 4197, 3900, 3506, 3491, 3287, 2983, 2820, 2796, 2783, 2776, 2709, 2591, 2316, 2006, 1873, 1795, 1712, 1697, 1585, 1556, 1319, 1231, 1188, 1043, 935, 856, 816, 772, 614, 600, 590, 414, 291, 222, 220, 214, 209, 208, 87, 86]",0.017632553831905533,0.46,0.44996390559232036,0.5592775281653433,0.8041634541249036,0.19999999999999996
"[8376, 8243, 7347, 6848, 6715, 5947, 5684, 5444, 5328, 4925, 4914, 4719, 4650, 4640, 4475, 4272, 3646, 3525, 3512, 2336, 2126, 2102, 1821, 1790, 1697, 1694, 1656, 1582, 1231, 1184, 1128, 1098, 1094, 1092, 1068, 998, 934, 736, 734, 627, 624, 614, 600, 590, 582, 564, 553, 240, 231, 220, 209, 201, 173, 172, 171, 165, 162, 87, 86, 76, 73, 64, 62, 59, 54, 40, 36, 35, 32, 31, 30]",0.029387589719842556,0.3,0.4312900024089491,0.48595713490184467,0.5548702133127731,0.19999999999999996
"[8467, 8465, 8464, 8456, 8104, 7086, 6647, 6449, 6330, 5624, 5529, 5227, 4600, 4497, 4491, 4488, 4487, 4485, 4484, 4477, 4476, 4475, 4469, 4237, 3574, 3529, 3506, 3491, 3490, 3227, 3220, 3083, 2983, 2018, 1941, 1907, 1904, 1873, 1872, 1790, 1697, 1694, 1687, 1582, 1443, 1420, 1414, 1404, 1332, 1305, 1296, 1231, 1184, 1128, 935, 920, 906, 904, 880, 817, 808, 736, 734, 665, 629, 627, 624, 614, 600, 529, 458, 451, 442, 414, 407, 392, 386, 359, 318, 290, 283, 240, 231, 219, 209, 201, 173, 172, 165, 162, 144, 141, 138, 87, 86, 15]",0.036661264181523504,0.05,0.44023020236464083,0.40492441178346783,0.36520174762271906,0.19999999999999996
"[8488, 8237, 8104, 7086, 6967, 6920, 6706, 6687, 4264, 3900, 3506, 3491, 3263, 2983, 2820, 2709, 2591, 2316, 1795, 1712, 1697, 1585, 1556, 1319, 1231, 1188, 1043, 935, 816, 772, 590, 414, 291, 209, 208]",0.010438758971984256,0.66,0.3915897180890565,0.5018948934738546,0.8946286301721922,0.19999999999999996
"[8487, 8376, 8243, 7347, 6848, 6763, 6715, 6647, 5947, 5684, 5444, 4914, 4806, 4650, 4640, 4471, 4470, 4038, 3219, 3204, 2336, 2239, 2180, 1822, 1821, 1687, 1556, 1420, 1203, 1094, 1043, 955, 934, 880, 856, 851, 824, 618, 588, 582, 290, 220, 219, 124, 58, 54]",0.019201203982403336,0.55,0.3715272052778513,0.48193302740463395,0.7877152402981239,0.0
"[8495, 5975]",0.0002512155591572123,0.99,0.01674453888423033,0.19316419748766345,0.9994859933179131,1.0
"[8467, 8441, 8427, 8302, 8178, 7924, 7916, 7789, 7365, 7278, 6647, 6362, 6274, 6133, 5975, 5974, 5739, 5704, 5549, 5452, 5070, 5058, 4936, 4902, 4834, 4807, 4719, 4475, 4437, 4083, 4072, 4038, 4012, 3950, 3920, 3567, 3536, 3520, 3327, 3287, 2916, 2796, 2787, 2776, 2527, 2506, 2159, 1905, 1875, 1873, 1790, 1656, 1514, 1274, 1137, 1128, 736, 734, 627, 624, 614, 590, 438, 434, 240, 231, 229, 214, 208, 171, 97, 75]",0.020597360500115767,0.29,0.3763898728667928,0.5744652401250305,0.8057054741711642,0.0
"[8243, 7347, 5684, 4914, 4650, 4640, 4272, 2336, 2303, 1821, 1404, 934, 665, 171, 87, 31]",0.005687659180365826,0.85,0.29568604939184284,0.34533321998787025,0.9493703418144436,0.19999999999999996
"[8447, 8302, 7924, 7789, 7654, 7526, 7278, 6774, 6133, 5739, 4930, 4725, 4474, 4468, 4199, 4083, 4072, 3950, 3710, 3589, 3567, 3227, 2796, 2250, 2159, 1905, 1825, 1697, 1694, 1687, 1582, 1556, 1555, 1514, 1296, 1231, 1184, 1068, 943, 665, 553, 209, 201, 200, 173, 172, 165, 162, 86, 40, 36, 35, 32, 31, 30, 28, 25, 22]",0.024637647603611947,0.43,0.3989164248381776,0.5137602333023901,0.6836288871755333,0.0
"[8586, 8372, 8128, 8061, 8046, 7741, 7514, 7145, 6631, 6027, 5684, 5495, 5083, 4995, 4991, 4990, 4925, 4914, 4448, 4083, 3417, 3026, 2951, 2336, 2126, 2102, 2035, 1894, 1872, 1707, 1627, 1404, 1379, 1332, 1326, 1324, 1098, 1092, 1068, 851, 824, 817, 808, 627, 590, 564, 553, 343, 318, 294, 290, 233, 201, 173, 165, 86, 77, 76, 73, 64, 40, 36, 35]",0.025511692521416995,0.38,0.42671116729291025,0.5429331324026028,0.6733487535337959,0.0
"[4488, 4487, 4485, 4484, 4483, 4482, 4481, 4480, 4478, 4469, 3227, 2250, 2126, 2102, 2054, 1907, 1904, 1873, 1697, 1694, 1687, 1582, 1546, 1443, 1414, 1404, 1332, 1305, 1296, 1277, 1231, 1199, 1184, 1128, 1098, 1094, 1092, 1068, 1026, 1022, 920, 904, 880, 851, 824, 806, 734, 665, 627, 624, 614, 600, 596, 590, 582, 564, 553, 529, 442, 429, 392, 370, 318, 294, 290, 283, 231, 219, 201, 200, 173, 172, 165, 162, 144, 141, 138, 132, 87, 86, 76, 73, 64, 62, 59, 54, 40, 38, 36, 35, 31, 30, 28, 26, 25, 24, 1]",0.039837925445705025,0.04,0.4759858592305668,0.3495539911948189,0.15394500128501676,0.19999999999999996
"[8467, 8465, 8464, 8456, 5624, 5227, 4497, 4487, 4485, 4477, 4476, 4475, 4469, 3227, 2126, 2102, 1941, 1907, 1904, 1873, 1872, 1790, 1697, 1694, 1687, 1582, 1556, 1555, 1553, 1426, 1404, 1332, 1305, 1296, 1231, 1184, 1128, 1098, 1094, 1092, 1068, 906, 880, 817, 808, 736, 734, 665, 627, 624, 614, 600, 596, 590, 564, 553, 529, 386, 359, 318, 290, 283, 252, 240, 231, 219, 209, 201, 173, 172, 165, 144, 141, 138, 87, 86, 76, 73, 64, 62, 59, 54, 40, 35, 32, 31, 30, 28, 25, 22, 15, 13]",0.038536698309793935,0.09,0.43813105872029745,0.36149373439263854,0.25983037779491136,0.19999999999999996
"[8441, 8427, 7916, 7599, 7086, 6920, 6658, 6647, 6362, 6219, 4834, 4790, 4200, 4179, 3506, 3287, 3227, 3050, 2983, 2820, 2796, 2787, 2776, 2709, 2316, 1795, 1712, 1697, 1687, 1274, 1199, 1184, 1178, 772, 713, 600, 588, 229, 222, 220, 214, 209, 208, 171, 155, 144, 86, 80, 77]",0.01761750405186386,0.52,0.43498428636918074,0.5524970049911049,0.7985093806219481,0.0
"[8376, 8243, 7449, 7347, 6962, 6848, 6715, 6236, 5947, 5704, 5684, 5460, 5444, 4925, 4914, 4806, 4650, 4640, 4488, 4487, 4485, 4484, 4483, 4482, 4481, 4480, 4478, 4469, 4272, 4038, 3646, 3402, 3227, 2336, 2250, 2142, 2126, 1907, 1904, 1873, 1821, 1697, 1694, 1687, 1443, 1414, 1404, 1332, 1305, 1296, 1277, 1199, 1184, 1128, 1094, 1068, 1022, 998, 934, 920, 904, 880, 851, 824, 806, 726, 665, 627, 624, 614, 600, 596, 590, 474, 458, 442, 429, 392, 370, 318, 294, 290, 283, 231, 225, 219, 200, 173, 172, 171, 165, 162, 144, 141, 138, 132, 87, 86, 35, 30]",0.03777379022921973,0.01,0.46953298823511713,0.4889734197405692,0.34566949370341815,0.19999999999999996
"[8450, 4995, 3650, 1094, 162, 8, 4]",0.004516091687890716,0.94,0.2598005070956566,0.2483643198515133,0.9537393986121819,0.19999999999999996
"[8005, 7636, 7526, 7014, 5739, 4199, 4072, 3157, 3050, 2661, 1514, 458, 2]",0.003354943273905997,0.88,0.2636001493486394,0.33292527198690447,0.9671035723464405,0.4
"[8459, 8451, 8447, 6493, 4488, 4487, 4485, 4484, 4483, 4482, 4481, 4480, 4478, 4471, 4469, 4131, 3712, 3227, 3204, 2250, 2180, 2054, 1907, 1904, 1873, 1791, 1697, 1694, 1687, 1556, 1553, 1546, 1465, 1414, 1404, 1332, 1305, 1296, 1277, 1231, 1199, 1184, 1094, 1068, 1026, 1022, 920, 904, 880, 851, 824, 806, 734, 665, 627, 618, 600, 596, 553, 442, 429, 392, 370, 318, 294, 290, 283, 231, 219, 201, 200, 173, 172, 165, 162, 144, 141, 138, 132, 124, 86, 76, 67, 62, 59, 54, 51, 49, 42, 38, 32, 30, 25, 16, 15, 14, 2, 1]",0.04028710349617967,0.03,0.4576623501809014,0.38260350994392767,0.1922384991004883,0.19999999999999996
"[8586, 8487, 8441, 8427, 8372, 8061, 8046, 7916, 7741, 7514, 6981, 6976, 6967, 6954, 6920, 6706, 6362, 6027, 5974, 5684, 5495, 5452, 4995, 4991, 4936, 4925, 4914, 4834, 4448, 4437, 4203, 3920, 3900, 3506, 3417, 3327, 3287, 2950, 2916, 2878, 2820, 2796, 2787, 2776, 2401, 2353, 2316, 2102, 1894, 1875, 1795, 1707, 1379, 1332, 1330, 1326, 1324, 1307, 1274, 1188, 1092, 1068, 1002, 940, 856, 824, 817, 816, 808, 772, 590, 564, 553, 318, 294, 229, 222, 173, 64, 40]",0.023896735355406342,0.21,0.42299382574548194,0.6774287919463324,0.7597018761243897,0.0
"[8488, 8441, 8427, 8237, 8178, 8104, 7916, 7086, 6967, 6920, 6780, 6774, 6708, 6687, 6647, 6362, 6309, 6143, 6133, 5975, 4834, 4725, 4264, 4083, 3900, 3710, 3506, 3491, 3327, 3287, 2983, 2916, 2820, 2796, 2787, 2776, 2709, 2591, 2316, 2006, 1795, 1712, 1697, 1585, 1319, 1274, 1188, 1026, 935, 856, 816, 772, 610, 414, 291, 229, 222, 214, 4, 2]",0.014793933780967817,0.41,0.41349930507077015,0.5937276616895367,0.8640452325880237,0.19999999999999996
"[8051, 7219, 6097, 5639, 5634, 5229, 4995, 3204, 3089, 3056, 2951, 2682, 1941]",0.002012039824033341,0.88,0.20053248218606157,0.3321298707839011,0.98278077615009,0.8
"[8488, 8325, 8237, 8104, 7086, 6967, 6706, 6687, 6274, 4264, 3900, 3506, 3491, 3263, 2983, 2591, 1712, 1697, 1585, 1319, 1231, 1188, 935, 816, 590, 414, 291, 209, 208, 171]",0.009450104190784903,0.71,0.371995731688179,0.45068457217548097,0.9072217938833205,0.19999999999999996
"[6159, 4640, 4488, 4487, 4485, 4484, 4483, 4482, 4481, 4480, 4478, 4469, 3227, 3219, 2336, 2250, 2126, 2102, 1907, 1904, 1873, 1821, 1697, 1694, 1687, 1582, 1556, 1443, 1414, 1404, 1332, 1305, 1296, 1277, 1231, 1199, 1184, 1128, 1098, 1094, 1092, 1068, 1043, 1022, 920, 904, 880, 851, 824, 806, 734, 665, 627, 624, 614, 600, 596, 590, 582, 564, 553, 442, 429, 414, 392, 370, 318, 294, 290, 283, 231, 219, 201, 200, 173, 172, 165, 162, 144, 141, 138, 132, 87, 86, 76, 73, 64, 62, 59, 54, 38, 36, 35, 31, 30, 28]",0.039124797406807126,0.05,0.4757943273009798,0.36457976062118425,0.21562580313544077,0.19999999999999996
"[7654, 7549, 6774, 5227, 4707, 4197, 2796, 2783, 2126, 2102, 1873, 1697, 1582, 1556, 1555, 1553, 1546, 1231, 1128, 1098, 1094, 1092, 1068, 627, 624, 614, 600, 596, 590, 564, 553, 209, 144, 141, 138, 87, 86, 76, 73, 64, 62, 59, 54, 40, 36, 35, 32, 31, 30, 28, 25, 22, 15, 13]",0.02606158833063209,0.47,0.475624796126351,0.40000333253177145,0.5723464405037266,0.19999999999999996
"[5975, 5807, 3624, 3405, 2591, 2126, 1404, 1128, 1094, 1002, 880, 614, 219, 214, 87, 73, 64]",0.00817318823801806,0.84,0.3397595731656031,0.317877038668559,0.9157029041377538,0.19999999999999996
"[8465, 8461, 8456, 8451, 5975, 5169, 4945, 4472, 4471, 4470, 4469, 4468, 3227, 2588, 2250, 2054, 1907, 1904, 1873, 1790, 1556, 1555, 1546, 1332, 1296, 1277, 1199, 1094, 1068, 955, 889, 856, 851, 824, 806, 736, 734, 627, 618, 600, 596, 529, 370, 294, 276, 240, 231, 220, 214, 209, 201, 200, 192, 172, 144, 141, 86, 76, 36, 35, 32, 31, 30, 28, 26, 25, 24, 15]",0.03201898587636027,0.33,0.42361862822814955,0.3824934798699602,0.4587509637625289,0.0
"[8237, 8104, 7086, 6967, 6687, 6658, 4264, 3900, 3506, 3491, 2983, 2709, 2591, 1712, 1697, 1585, 1556, 1319, 935, 826, 816, 590, 414, 291]",0.006658948830747859,0.77,0.33300055067507595,0.46087247563700706,0.934207144692881,0.19999999999999996
"[8488, 8487, 8463, 8441, 8427, 8237, 8104, 7916, 7086, 6967, 6954, 6920, 6708, 6687, 6658, 6647, 6362, 4834, 4640, 4263, 4203, 3900, 3506, 3491, 3327, 3287, 3219, 2983, 2916, 2820, 2796, 2787, 2776, 2591, 2336, 2316, 1873, 1822, 1821, 1795, 1712, 1697, 1585, 1556, 1330, 1319, 1307, 1296, 1274, 1199, 1188, 1068, 935, 816, 772, 596, 414, 294, 291, 290, 229, 222, 214, 35]",0.01868951146098634,0.37,0.4181478651628987,0.5865805334430281,0.8077615008995117,0.19999999999999996
"[8467, 8463, 8460, 8459, 8457, 8456, 8453, 8376, 8243, 7347, 5947, 5684, 4925, 4914, 4650, 4640, 4495, 4491, 4487, 4485, 4484, 4481, 4272, 3512, 3490, 3227, 3204, 2336, 2180, 1907, 1872, 1821, 1697, 1687, 1443, 1420, 1332, 1324, 1299, 1286, 1277, 1231, 1184, 1094, 998, 934, 920, 904, 851, 734, 732, 627, 618, 600, 588, 582, 553, 446, 442, 429, 392, 294, 290, 277, 231, 219, 202, 192, 190, 171, 150, 132, 124, 86, 73, 67, 62, 59, 54, 51, 49, 32, 30]",0.03459481361426256,0.18,0.42994205743976277,0.385089204206967,0.41094834232845023,0.19999999999999996
"[8192, 7990, 3589, 3050, 2387, 1694, 665, 200, 172, 165, 162]",0.005116925214169947,0.9,0.28947096851348575,0.295109345470561,0.9521973785659213,0.19999999999999996
"[8487, 6954, 6687, 3624, 3405, 2591, 2126, 2102, 2054, 1822, 1694, 1582, 1546, 1404, 1330, 1128, 1094, 1068, 1026, 880, 614, 564, 553, 529, 291, 219, 214, 87, 73, 64, 62, 59, 54, 40, 38, 36, 35, 26, 25, 24]",0.0198147719379486,0.61,0.4340691311772953,0.3689067257665477,0.7198663582626574,0.19999999999999996
"[8574, 8488, 8487, 8456, 8453, 8441, 8427, 8237, 8104, 7916, 7378, 7086, 6981, 6967, 6920, 6708, 6687, 6647, 6362, 6013, 5975, 5498, 4936, 4834, 4487, 4264, 3900, 3506, 3491, 3327, 3287, 2983, 2916, 2878, 2817, 2796, 2787, 2776, 2709, 2591, 2316, 2006, 1907, 1904, 1872, 1790, 1712, 1697, 1585, 1332, 1330, 1319, 1307, 1274, 1188, 1050, 1026, 935, 920, 856, 817, 816, 808, 794, 772, 736, 734, 627, 442, 437, 414, 359, 318, 291, 283, 240, 231, 229, 224, 222, 219, 214, 4, 2]",0.02710581153044686,0.17,0.4121764091723822,0.5711230131268671,0.6962220508866614,0.0
"[8586, 8488, 8441, 8427, 8237, 8128, 8104, 8061, 8046, 7916, 7514, 7145, 7086, 6967, 6920, 6706, 6687, 6631, 6362, 6027, 5975, 5974, 5495, 5452, 5328, 5083, 4995, 4991, 4834, 4448, 4437, 4264, 4083, 3920, 3900, 3506, 3491, 3417, 3327, 3287, 3026, 2983, 2950, 2916, 2820, 2796, 2787, 2776, 2745, 2709, 2591, 2401, 2316, 2035, 2006, 1916, 1894, 1875, 1873, 1795, 1781, 1712, 1697, 1585, 1556, 1532, 1379, 1319, 1274, 1231, 1188, 1043, 935, 856, 816, 772, 734, 600, 590, 414, 291, 229, 222, 220, 214, 209, 208, 87, 86]",0.02356795554526511,0.12,0.48734086994226866,0.6717434480192075,0.7553328193266513,0.19999999999999996
"[8467, 8302, 8178, 8061, 8046, 7924, 7789, 7654, 7514, 7278, 6774, 6362, 6133, 5975, 5974, 5739, 5704, 5495, 5452, 5070, 4991, 4990, 4936, 4707, 4448, 4437, 4197, 4083, 4072, 3950, 3920, 3567, 3536, 3417, 3287, 2796, 2783, 2776, 2506, 2159, 1905, 1894, 1875, 1873, 1627, 1514, 1379, 614, 590, 413, 343, 214, 208, 97, 75]",0.01391178513544802,0.46,0.3730452288369396,0.5644771840817595,0.8748393729118479,0.19999999999999996
"[8456, 6582, 5227, 4488, 4487, 4485, 4484, 4483, 4482, 4481, 4480, 4478, 4469, 3227, 2126, 2102, 1907, 1904, 1873, 1790, 1697, 1694, 1687, 1582, 1556, 1555, 1553, 1546, 1443, 1414, 1404, 1332, 1305, 1296, 1231, 1184, 1128, 1098, 1094, 1092, 1068, 1022, 920, 904, 880, 851, 824, 806, 736, 734, 665, 627, 624, 614, 600, 596, 590, 564, 553, 529, 442, 392, 370, 318, 294, 290, 283, 240, 231, 219, 209, 201, 173, 172, 165, 162, 144, 141, 138, 87, 86, 76, 73, 64, 62, 59, 54, 40, 36, 35, 32, 31, 30, 28, 25, 22, 15, 13]",0.0403704561241028,0.03,0.4683667341383003,0.37882235074841575,0.1817013621177075,0.19999999999999996
"[8459, 8451, 8447, 8330, 6793, 6493, 6274, 5639, 4488, 4487, 4485, 4484, 4483, 4482, 4481, 4480, 4478, 4471, 4469, 3714, 3227, 3204, 2250, 2180, 2028, 1907, 1904, 1873, 1697, 1694, 1687, 1465, 1414, 1404, 1332, 1305, 1296, 1277, 1231, 1199, 1184, 1094, 1068, 1022, 920, 904, 880, 851, 824, 806, 734, 665, 627, 600, 596, 442, 429, 392, 370, 318, 294, 290, 283, 231, 219, 201, 200, 173, 172, 165, 162, 144, 141, 138, 132, 124, 86, 76]",0.033482287566566335,0.23,0.4400920678371236,0.3809863372625035,0.4047802621434079,0.0
"[5191, 3227, 2250, 2126, 2102, 2054, 1697, 1694, 1687, 1582, 1547, 1546, 1305, 1296, 1277, 1231, 1199, 1184, 1128, 1098, 1094, 1092, 1068, 1026, 806, 734, 665, 627, 624, 614, 600, 596, 590, 582, 564, 553, 529, 294, 290, 283, 231, 219, 201, 200, 173, 172, 165, 162, 144, 141, 138, 132, 87, 86, 76, 73, 64, 62, 59, 54, 40, 38, 36, 35, 32, 31, 30, 28, 26, 25, 24]",0.03204561241028016,0.3,0.4552070046053105,0.39385253164306844,0.3952711385248008,0.19999999999999996
"[8467, 8376, 8243, 7449, 7347, 6962, 6848, 6715, 6236, 5947, 5704, 5684, 5460, 5444, 4925, 4914, 4806, 4488, 4487, 4485, 4484, 4483, 4482, 4481, 4480, 4478, 4477, 4469, 4272, 4038, 3646, 3402, 3227, 2336, 2250, 2142, 2126, 2054, 1907, 1904, 1873, 1821, 1697, 1694, 1687, 1443, 1414, 1404, 1332, 1305, 1296, 1277, 1199, 1184, 1128, 1094, 1068, 1022, 998, 934, 920, 904, 880, 851, 824, 806, 726, 665, 627, 624, 614, 600, 596, 590, 474, 458, 442, 429, 392, 370, 318, 294, 283, 231, 225, 219, 200, 173, 172, 171, 165, 162, 144, 141, 138, 132, 87, 86, 35]",0.03734660801111369,0.02,0.4603538510595483,0.4752039257165782,0.34721151374967874,0.0
"[8467, 8465, 8464, 8456, 8262, 7990, 7731, 7654, 7236, 6701, 6219, 5681, 5549, 5174, 5058, 4925, 4494, 4487, 4485, 4200, 4179, 4012, 3703, 3589, 3520, 3506, 3227, 3050, 2387, 2250, 1872, 1790, 1697, 1694, 1687, 1332, 1296, 1231, 1184, 920, 906, 817, 736, 734, 726, 665, 627, 618, 600, 588, 458, 402, 386, 290, 240, 231, 220, 219, 209, 201, 200, 173, 172, 165, 162, 86, 80, 73, 62, 59, 54, 51, 49, 35]",0.0299293818013429,0.27,0.40680995341464476,0.4145673367998073,0.5451040863531226,0.19999999999999996
"[8586, 8487, 8441, 8427, 8372, 8061, 8046, 7916, 7741, 7514, 6981, 6976, 6967, 6954, 6920, 6706, 6362, 6027, 5974, 5684, 5495, 5452, 4995, 4991, 4936, 4925, 4914, 4834, 4488, 4487, 4485, 4484, 4481, 4478, 4448, 4437, 4203, 4120, 3920, 3900, 3506, 3417, 3327, 3287, 2950, 2916, 2878, 2820, 2796, 2787, 2776, 2401, 2353, 2316, 2102, 1894, 1875, 1795, 1707, 1379, 1332, 1330, 1326, 1324, 1307, 1274, 1199, 1188, 1094, 1092, 1068, 1002, 940, 856, 824, 817, 816, 808, 772, 600, 596, 590, 564, 553, 442, 429, 392, 318, 294, 229, 222, 173, 132, 64, 40, 35, 30]",0.030623987034035655,0.04,0.4262243400897979,0.6032214697996262,0.6178360318684143,0.19999999999999996
"[8453, 4488, 4487, 4485, 4484, 4483, 4482, 4481, 4480, 4478, 4469, 3227, 2250, 2126, 2102, 2054, 1907, 1904, 1873, 1697, 1694, 1687, 1582, 1547, 1546, 1443, 1414, 1404, 1332, 1305, 1296, 1277, 1231, 1199, 1184, 1128, 1098, 1094, 1092, 1068, 1022, 904, 880, 851, 824, 806, 734, 665, 627, 624, 614, 600, 596, 590, 582, 564, 553, 529, 442, 429, 392, 370, 318, 294, 290, 283, 231, 219, 201, 200, 173, 172, 165, 162, 144, 141, 138, 132, 87, 86, 76, 73, 64, 62, 59, 54, 40, 38, 36, 35, 32, 31, 30, 28, 26, 25, 24]",0.04008682565408659,0.04,0.46712880082591357,0.3707442080090979,0.170136211770753,0.19999999999999996
"[6330, 5529, 5227, 4491, 4488, 4484, 4477, 4231, 3227, 3220, 3083, 1790, 1697, 1694, 1687, 1420, 1414, 1231, 1184, 1128, 904, 736, 734, 665, 629, 627, 624, 529, 458, 414, 392, 240, 231, 219, 209, 201, 173, 172, 165, 162, 144, 141, 138, 15]",0.02154781199351702,0.57,0.3814179750175838,0.3669951580082774,0.6995630943202262,0.19999999999999996
"[8458, 6582, 4488, 4487, 4485, 4484, 4483, 4482, 4481, 4480, 4478, 4469, 3227, 2126, 2102, 2054, 1907, 1904, 1873, 1790, 1697, 1694, 1687, 1582, 1547, 1546, 1443, 1414, 1404, 1332, 1305, 1296, 1231, 1184, 1128, 1098, 1094, 1092, 1068, 1026, 1022, 920, 904, 880, 851, 824, 806, 736, 734, 665, 627, 624, 614, 600, 596, 590, 564, 553, 529, 442, 392, 370, 318, 294, 290, 283, 240, 231, 219, 209, 201, 173, 172, 165, 162, 144, 141, 138, 132, 87, 86, 76, 73, 64, 62, 59, 54, 40, 38, 36, 35, 32, 31, 30, 28, 26, 25, 24]",0.04004630701551285,0.03,0.46746174491975945,0.37888366217219593,0.17913132870727322,0.0
"[8574, 8487, 8453, 8451, 8450, 8441, 8427, 7916, 7471, 7378, 6981, 6920, 6362, 6013, 5498, 4936, 4834, 4490, 4487, 4483, 3327, 3287, 2878, 2821, 2817, 2796, 2787, 2776, 2316, 1907, 1904, 1872, 1790, 1404, 1332, 1330, 1307, 1274, 1094, 1050, 920, 904, 856, 817, 808, 794, 772, 736, 734, 665, 627, 442, 437, 429, 359, 318, 283, 240, 231, 229, 224, 222, 219, 162, 87, 31, 12, 8, 4]",0.02636374160685344,0.32,0.3871068412492046,0.46949453289125476,0.6720637368285788,0.0
"[6236, 5384, 5227, 5027, 2527, 2126, 2102, 1873, 1687, 1582, 1556, 1555, 1553, 1546, 1498, 1128, 1094, 1092, 1068, 1022, 998, 856, 726, 665, 627, 624, 614, 600, 596, 590, 564, 553, 529, 474, 201, 144, 141, 138, 87, 86, 76, 73, 64, 62, 59, 54, 40, 36, 35, 32, 31, 30, 28, 25, 22, 15, 13]",0.026944894651539708,0.44,0.46962143304443227,0.3877309465950264,0.5469031097404267,0.19999999999999996
"[8302, 7789, 7654, 7278, 6274, 5739, 5549, 4902, 4478, 4477, 4072, 4012, 3874, 3567, 3520, 3050, 2796, 2527, 1514, 434, 171]",0.006026858068997453,0.8,0.2348170260185809,0.38485233534096386,0.9529683885890516,0.19999999999999996
"[8467, 8465, 8464, 8456, 8104, 7086, 6647, 6449, 5624, 5227, 4600, 4497, 4487, 4485, 4477, 4476, 4475, 4469, 3574, 3529, 3506, 3491, 3490, 2983, 2783, 2126, 2102, 2018, 1941, 1907, 1904, 1873, 1872, 1697, 1681, 1582, 1556, 1555, 1553, 1546, 1443, 1404, 1332, 1305, 1296, 1231, 1128, 1098, 1094, 1092, 1068, 935, 920, 906, 880, 817, 808, 627, 624, 600, 596, 590, 564, 553, 458, 451, 442, 407, 386, 359, 318, 290, 283, 209, 144, 141, 138, 87, 86, 76, 73, 64, 62, 59, 54, 40, 36, 35, 32, 31, 30, 28, 25, 22, 15, 13]",0.0390576522343135,0.05,0.4467876631229326,0.3998497516722116,0.29118478540221027,0.0
"[2054, 1546, 935, 397, 386, 162, 138, 8]",0.00562746006019912,0.93,0.31108656154492265,0.22777345420811212,0.9349781547160113,0.19999999999999996
"[8586, 8498, 8488, 8487, 8441, 8427, 8128, 8104, 8061, 8046, 7916, 7514, 7145, 6981, 6976, 6967, 6954, 6920, 6647, 6631, 6375, 6362, 6027, 5975, 5974, 5495, 5452, 5083, 4995, 4991, 4936, 4834, 4448, 4437, 4200, 4179, 4083, 3920, 3900, 3506, 3491, 3417, 3327, 3287, 3026, 2983, 2950, 2916, 2878, 2820, 2796, 2787, 2776, 2745, 2709, 2401, 2316, 2035, 2006, 1916, 1894, 1875, 1873, 1795, 1712, 1556, 1532, 1379, 1354, 1329, 1319, 1307, 1274, 1043, 935, 856, 816, 772, 600, 590, 414, 291, 229, 222, 214, 208, 86, 80, 77]",0.021477193794859923,0.12,0.46789207063005134,0.6878773470368165,0.7928553071189925,0.19999999999999996
"[8488, 8302, 8291, 8237, 8104, 8005, 7789, 7654, 7526, 7278, 7086, 7014, 6687, 6658, 6236, 5739, 5731, 5704, 5460, 5267, 4806, 4640, 4478, 4477, 4264, 4199, 4072, 4038, 3567, 3491, 3402, 3050, 2983, 2796, 2661, 2336, 2148, 2142, 1821, 1697, 1556, 1514, 1319, 1188, 935, 738, 726, 474, 458, 414, 291, 225, 35]",0.0144663116462144,0.48,0.3478827202902005,0.5364233769585338,0.864816242611154,0.19999999999999996
"[8302, 7789, 7654, 7278, 4478, 4477, 3567, 2796, 2783, 2126, 2102, 1873, 1697, 1582, 1556, 1555, 1553, 1546, 1231, 1098, 1094, 1092, 1068, 600, 596, 590, 564, 553, 209, 144, 141, 138, 87, 86, 76, 73, 64, 62, 59, 54, 40, 36, 35, 32, 31, 30, 28, 25, 22, 15]",0.025953924519564714,0.51,0.41943374143662493,0.4047612135443298,0.599845797995374,0.0
"[8243, 6715, 6236, 5704, 5684, 4272, 3920, 3646, 3529, 3227, 2336, 2126, 2054, 1821, 1697, 1694, 1690, 1687, 1199, 1184, 1128, 1094, 1068, 665, 627, 624, 614, 600, 596, 590, 173, 172, 171, 165, 162, 144, 141, 138, 132, 87, 86, 35]",0.019572817781893955,0.59,0.44295342152464634,0.4147547333635454,0.7185813415574402,0.19999999999999996
"[8376, 8302, 8291, 8243, 7789, 7691, 7347, 7278, 6848, 6715, 6236, 6131, 5739, 5731, 5704, 4880, 4806, 4650, 4640, 4272, 4199, 3645, 3219, 2796, 2697, 2661, 2583, 2239, 2159, 2148, 2142, 1043, 738, 225]",0.005715443389673535,0.67,0.2837724630656211,0.5062464501194127,0.9565664353636597,0.4
"[8376, 8302, 8291, 8243, 8178, 7924, 7789, 7691, 7654, 7526, 7347, 7278, 6848, 6780, 6774, 6715, 6309, 6236, 6143, 6133, 5947, 5739, 5731, 5704, 5684, 5460, 5444, 4914, 4880, 4806, 4725, 4650, 4640, 4272, 4199, 4083, 4072, 4061, 4038, 3950, 3710, 3567, 3402, 3219, 2796, 2661, 2583, 2336, 2239, 2159, 2148, 2142, 1941, 1905, 1821, 1514, 1043, 934, 738, 474, 225]",0.010476962259782356,0.4,0.3513138671434659,0.5929133635080652,0.9213569776407093,0.19999999999999996
"[8488, 8487, 8441, 8237, 8164, 8104, 7916, 7514, 7086, 6981, 6976, 6967, 6920, 6708, 6687, 6658, 6647, 6362, 6219, 6092, 5974, 5452, 4936, 4902, 4834, 4448, 4437, 4264, 4203, 4066, 3920, 3900, 3645, 3536, 3506, 3491, 3417, 3327, 3287, 2983, 2916, 2878, 2820, 2796, 2787, 2776, 2527, 2506, 2401, 2316, 2024, 2006, 2002, 1875, 1873, 1795, 1712, 1697, 1585, 1498, 1379, 1330, 1319, 1307, 1274, 1188, 1022, 935, 856, 816, 772, 588, 458, 437, 414, 291, 229, 222, 214, 208]",0.019297291039592497,0.21,0.44354565184525296,0.6221081693180764,0.8177846312002056,0.19999999999999996
"[4490, 4483, 2054, 1546, 1404, 1094, 904, 665, 429, 386, 87, 31, 12, 8, 4]",0.011459828664042602,0.86,0.31733329691596324,0.266052579065724,0.8714983294782832,0.19999999999999996
"[8586, 8488, 8441, 8427, 8237, 8128, 8104, 8061, 8046, 7916, 7514, 7145, 7089, 7086, 6967, 6920, 6706, 6687, 6631, 6362, 6027, 5975, 5974, 5495, 5452, 5328, 5083, 4995, 4991, 4834, 4448, 4437, 4264, 4083, 3920, 3900, 3506, 3491, 3417, 3327, 3287, 3026, 2983, 2950, 2916, 2820, 2796, 2787, 2776, 2745, 2709, 2591, 2401, 2316, 2035, 2006, 1916, 1894, 1875, 1873, 1781, 1712, 1697, 1585, 1556, 1532, 1379, 1319, 1274, 1231, 1188, 1043, 935, 856, 816, 772, 734, 600, 590, 414, 291, 229, 222, 220, 214, 209, 208, 87, 86, 70]",0.023833063209076175,0.11,0.4851815174819728,0.6721034126871221,0.750449755846826,0.0
"[8467, 8465, 8153, 8081, 7703, 4477, 4476, 3227, 2972, 2454, 2439, 2054, 1941, 1907, 1687, 1556, 1553, 1546, 1434, 1404, 1332, 1305, 906, 817, 808, 734, 553, 529, 527, 413, 397, 290, 283, 173, 171, 162, 141, 138, 42, 38, 32, 30, 24, 16, 15, 14]",0.023304005556841863,0.55,0.37370050524832854,0.3387515671815998,0.6581855564122334,0.19999999999999996
"[8488, 8237, 8104, 7086, 6967, 6687, 6658, 4264, 3900, 3506, 3491, 2983, 2709, 2591, 2006, 1873, 1712, 1697, 1585, 1556, 1319, 935, 826, 816, 414, 291, 219, 214, 208]",0.008706876591803657,0.72,0.3600951251560026,0.46210234578587395,0.9121048573631457,0.19999999999999996
"[5227, 5191, 3227, 2250, 2126, 2102, 1697, 1694, 1687, 1582, 1556, 1555, 1553, 1546, 1305, 1296, 1277, 1231, 1199, 1184, 1128, 1098, 1094, 1092, 1068, 806, 734, 665, 627, 624, 614, 600, 596, 590, 582, 564, 553, 529, 294, 290, 283, 231, 219, 201, 200, 173, 172, 165, 162, 144, 141, 138, 87, 86, 76, 73, 64, 62, 59, 54, 40, 36, 35, 32, 30, 28, 25, 22, 15, 13]",0.03250289418846955,0.31,0.46203901732312147,0.3937755339313118,0.4070932922127988,0.0
"[8488, 8237, 8104, 7086, 6687, 6647, 5227, 4488, 4487, 4485, 4484, 4483, 4482, 4481, 4480, 4478, 4469, 4264, 3506, 3491, 3227, 2983, 2916, 2591, 2250, 2126, 2006, 1941, 1907, 1904, 1873, 1790, 1712, 1697, 1694, 1687, 1585, 1443, 1414, 1404, 1332, 1319, 1305, 1296, 1277, 1231, 1199, 1188, 1184, 1128, 1098, 1022, 935, 920, 904, 880, 851, 824, 816, 806, 734, 665, 627, 624, 614, 600, 596, 590, 582, 442, 429, 414, 392, 370, 318, 294, 291, 290, 283, 240, 231, 219, 214, 201, 200, 173, 172, 165, 162, 144, 141, 138, 132, 87, 86, 73, 40, 31]",0.037566566334799725,0.03,0.46665068900302653,0.42303737302377176,0.3281932665124646,0.19999999999999996
"[8453, 4493, 4189, 1947, 1872, 1404, 1094, 906, 851, 636, 627, 590, 397, 233, 162, 86, 8, 1]",0.01137416068534383,0.83,0.3397767590346539,0.3154722052720391,0.8627602158828065,0.19999999999999996
"[8467, 8456, 5975, 4925, 4487, 4485, 4477, 4476, 4187, 3227, 2709, 1907, 1872, 1697, 1404, 1332, 1296, 1184, 1026, 920, 906, 817, 734, 458, 386, 290, 231, 219, 201, 173, 127, 4, 2]",0.018998610789534617,0.68,0.3516803667937758,0.3059760629668071,0.7491647391416089,0.19999999999999996
"[6274, 4488, 4487, 4485, 4484, 4483, 4482, 4481, 4480, 4478, 4469, 3227, 2250, 2126, 2102, 2054, 1907, 1904, 1873, 1697, 1694, 1687, 1582, 1547, 1546, 1443, 1414, 1404, 1332, 1305, 1296, 1277, 1231, 1199, 1184, 1128, 1098, 1094, 1092, 1068, 1022, 920, 904, 880, 851, 824, 806, 790, 734, 665, 627, 624, 614, 600, 596, 590, 582, 564, 553, 529, 442, 429, 392, 370, 318, 294, 290, 283, 231, 219, 201, 200, 173, 172, 165, 162, 144, 141, 138, 132, 87, 86, 76, 73, 64, 62, 59, 54, 40, 38, 36, 35, 32, 31, 30, 28, 26, 25, 24]",0.04032993748552906,0.02,0.4784833043870518,0.3625067182775439,0.15677203803649442,0.0
"[6274, 5639, 4497, 294]",0.0025225746700625142,0.97,0.19098671277706458,0.21975108088417772,0.9853508095605242,0.19999999999999996
"[8488, 8237, 8104, 7086, 6687, 4640, 4264, 3506, 3493, 3491, 3219, 2983, 2591, 2006, 1822, 1821, 1712, 1697, 1585, 1556, 1319, 1043, 935, 816, 414, 291, 219, 214, 208]",0.008768233387358184,0.72,0.35609598852102453,0.4240922624094,0.9159599074787972,0.19999999999999996
"[8488, 8237, 8104, 8005, 7086, 6687, 6658, 5704, 4806, 4640, 4264, 4038, 3491, 3402, 2983, 2336, 1821, 1697, 1556, 1336, 1319, 1188, 458, 414, 291, 35]",0.008086362583931465,0.75,0.34645922565965614,0.4133066942273026,0.9244410177332305,0.19999999999999996
"[8488, 8487, 8467, 8302, 8178, 8104, 8061, 8046, 7924, 7789, 7654, 7514, 7278, 6981, 6976, 6967, 6920, 6774, 6647, 6362, 6133, 5975, 5974, 5739, 5704, 5495, 5452, 5070, 4991, 4990, 4936, 4707, 4448, 4437, 4197, 4083, 4072, 3950, 3920, 3900, 3567, 3536, 3506, 3491, 3417, 3287, 2983, 2916, 2878, 2783, 2776, 2506, 2401, 2316, 2159, 2006, 1905, 1894, 1875, 1873, 1627, 1514, 1379, 1319, 1307, 935, 856, 816, 614, 590, 414, 413, 343, 291, 214, 208, 97, 75]",0.018342208844639964,0.23,0.39626418183472834,0.6097247604236129,0.8383448984836803,0.19999999999999996
"[8458, 6582, 4488, 4487, 4485, 4484, 4483, 4482, 4481, 4480, 4478, 4469, 2126, 2102, 2028, 2024, 1907, 1904, 1873, 1790, 1694, 1582, 1443, 1404, 1332, 1237, 1231, 1128, 1098, 1094, 1092, 1068, 1026, 1022, 978, 920, 904, 880, 851, 824, 806, 734, 627, 624, 614, 600, 596, 590, 564, 458, 442, 392, 370, 318, 294, 290, 240, 231, 219, 201, 173, 172, 165, 87, 86, 76, 73, 64, 62, 59, 54, 2]",0.03304237091919426,0.29,0.44265472700816066,0.369078372583692,0.4155744024672321,0.19999999999999996
"[8453, 8330, 6793, 2028]",0.0014274137531836073,0.97,0.16837975914683212,0.22328220982460256,0.9876638396299152,0.4
"[8574, 8487, 8453, 8451, 8450, 8441, 8427, 7916, 6981, 6920, 6362, 6013, 5498, 5227, 5191, 4936, 4834, 4490, 4483, 3327, 3287, 2878, 2821, 2817, 2796, 2787, 2776, 2316, 2126, 2102, 1404, 1330, 1307, 1277, 1274, 1231, 1128, 1094, 1050, 904, 794, 772, 736, 734, 665, 627, 624, 614, 600, 596, 590, 442, 437, 429, 283, 240, 231, 229, 224, 222, 219, 201, 162, 87, 86, 76, 31, 12, 8, 4]",0.027337346608011112,0.31,0.3992184942069351,0.46041789270797207,0.6458493960421485,0.0
"[8574, 8487, 8456, 8453, 8441, 8427, 8056, 7916, 7378, 6981, 6920, 6708, 6362, 6013, 5684, 5498, 4936, 4925, 4834, 4650, 4640, 4487, 3900, 3506, 3327, 3287, 2916, 2878, 2820, 2796, 2787, 2776, 2316, 2126, 2102, 1907, 1904, 1872, 1790, 1697, 1585, 1582, 1332, 1330, 1307, 1274, 1188, 1098, 1094, 1092, 1068, 1050, 1043, 920, 856, 817, 816, 808, 794, 772, 736, 734, 627, 596, 590, 588, 582, 564, 442, 437, 359, 318, 283, 240, 231, 229, 224, 222, 219, 76, 73, 64, 62, 59, 54]",0.031017596665894882,0.16,0.4301339304576338,0.5067422547744067,0.5854536108969417,0.0
"[8488, 8487, 8441, 8237, 8164, 8104, 7916, 7514, 7086, 6981, 6976, 6967, 6920, 6708, 6687, 6658, 6362, 6219, 6092, 5974, 5452, 4936, 4902, 4834, 4448, 4437, 4203, 4066, 3920, 3900, 3645, 3536, 3506, 3491, 3417, 3327, 3287, 2878, 2820, 2796, 2787, 2776, 2527, 2506, 2316, 2024, 2002, 1875, 1873, 1795, 1712, 1697, 1585, 1498, 1379, 1330, 1319, 1307, 1274, 1188, 1022, 935, 856, 816, 772, 588, 458, 437, 414, 291, 229, 222, 214, 208]",0.018205603148877054,0.27,0.44407312179163716,0.6236561409760856,0.8285787715240298,0.19999999999999996
"[8330, 6793, 6715, 6236, 5704, 5684, 5639, 4272, 3920, 3646, 3529, 3227, 2336, 2126, 1821, 1697, 1694, 1690, 1687, 1199, 1184, 1128, 1094, 665, 627, 624, 614, 600, 596, 590, 173, 172, 171, 165, 162, 144, 141, 138, 132, 87, 86]",0.018049316971521186,0.6,0.4309855475607399,0.4009915001086186,0.7471087124132614,0.0
"[8441, 8237, 8164, 7916, 7514, 7086, 6708, 6687, 6658, 6362, 6219, 6092, 5974, 5452, 4936, 4902, 4834, 4448, 4437, 4264, 4203, 4066, 3920, 3645, 3417, 3327, 3287, 2820, 2796, 2787, 2786, 2776, 2527, 2506, 2024, 2002, 1875, 1873, 1795, 1712, 1697, 1585, 1498, 1379, 1330, 1274, 1188, 1022, 772, 588, 458, 437, 229, 222, 214, 208]",0.01473257698541329,0.45,0.4257231475369687,0.594964508839201,0.8550501156515035,0.19999999999999996
"[8467, 8302, 8178, 8061, 8046, 7924, 7789, 7654, 7514, 6774, 6647, 6362, 6133, 5975, 5974, 5739, 5704, 5495, 5452, 5070, 4991, 4990, 4936, 4707, 4448, 4437, 4197, 4083, 4072, 3950, 3920, 3567, 3536, 3417, 3287, 2983, 2916, 2796, 2783, 2776, 2506, 2401, 2337, 2159, 2006, 1905, 1894, 1875, 1873, 1627, 1514, 1379, 614, 590, 413, 343, 214, 208, 97, 75]",0.015180597360500115,0.41,0.3802231625019715,0.5917946370628175,0.8609611924955024,0.19999999999999996
"[8451, 8450, 8372, 8128, 7741, 7145, 6631, 6027, 5684, 5083, 4925, 4914, 4490, 4483, 4083, 3026, 2821, 2336, 2126, 2102, 2035, 1872, 1707, 1404, 1332, 1326, 1324, 1098, 1094, 1092, 1068, 904, 851, 824, 817, 808, 665, 627, 590, 564, 553, 429, 382, 318, 294, 290, 233, 201, 173, 165, 162, 87, 86, 77, 76, 73, 64, 40, 36, 31, 12, 8, 4]",0.028345681870803427,0.38,0.4154739977811366,0.4535804596175349,0.5944487278334618,0.0
"[8467, 8465, 8464, 8456, 5624, 5227, 4469, 3227, 2126, 2102, 1907, 1904, 1873, 1872, 1790, 1697, 1694, 1687, 1582, 1556, 1555, 1553, 1546, 1332, 1305, 1296, 1231, 1184, 1128, 1098, 1094, 1092, 1068, 880, 817, 808, 736, 734, 665, 627, 624, 614, 600, 596, 590, 564, 553, 529, 359, 318, 290, 283, 240, 231, 219, 209, 201, 173, 172, 165, 162, 144, 141, 138, 86, 76, 73, 64, 62, 59, 54, 40, 36, 35, 32, 31, 30, 28, 25, 22, 15, 13]",0.03703287798101412,0.19,0.43576819639252984,0.3668424659050915,0.3297352865587253,0.0
"[8467, 8465, 8456, 7971, 5227, 4487, 4485, 1697, 1556, 1555, 1553, 1546, 1301, 920, 906, 386, 231, 173, 144, 141, 138, 127, 15, 13]",0.015123871266496872,0.77,0.3399084790498663,0.3002632161052805,0.8057054741711642,0.19999999999999996
"[8455, 8372, 7741, 5684, 4914, 2102, 1707, 1332, 1326, 1324, 1098, 1092, 1068, 1002, 940, 824, 817, 808, 590, 564, 553, 318, 294, 201, 173, 77, 76, 73, 64, 40]",0.01651076638110674,0.71,0.3720480082660367,0.3928065182905307,0.8064764841942945,0.0
"[8418, 8302, 8291, 8005, 7789, 7654, 7526, 7014, 6236, 5739, 5731, 5704, 5460, 5267, 5227, 4806, 4478, 4477, 4199, 4072, 4038, 3567, 3402, 3050, 2796, 2699, 2661, 2148, 2142, 1514, 738, 726, 474, 458, 225]",0.008554063440611253,0.66,0.2689149253142099,0.46882813402585344,0.9275250578257517,0.19999999999999996
"[8372, 8330, 7741, 6793, 6274, 5684, 5639, 4925, 4914, 2126, 2102, 1872, 1707, 1404, 1332, 1326, 1324, 1098, 1092, 1068, 851, 824, 817, 808, 762, 627, 590, 564, 318, 294, 231, 201, 173, 77, 76, 73, 64]",0.018804121324380644,0.64,0.3877040753220432,0.43003047353360024,0.7740940632228219,0.0
"[8302, 7789, 7654, 6274, 5790, 5549, 5347, 5235, 4902, 4477, 4012, 3567, 3520, 3050, 2527, 2007, 1565, 1514, 537, 434, 171]",0.005979393378096782,0.8,0.2518306646761147,0.4176814270336162,0.95733744538679,0.19999999999999996
"[8586, 8574, 8494, 8370, 8046, 7563, 7526, 7122, 7107, 7101, 7095, 7072, 6579, 6536, 6013, 5989, 5498, 5267, 5078, 4451, 4448, 4216, 4028, 3454, 3419, 3227, 3219, 3037, 2972, 2951, 2479, 2384, 2362, 2336, 2126, 2102, 2019, 1953, 1905, 1894, 1822, 1821, 1707, 1697, 1687, 1532, 1454, 1450, 1421, 1379, 1277, 1199, 1184, 1175, 1128, 1098, 1094, 1092, 627, 618, 614, 600, 596, 590, 588, 582, 495, 446, 433, 429, 385, 343, 231, 224, 220, 209, 208, 190, 171, 162, 155, 144, 141, 138, 124, 87, 86, 76, 73, 64, 62, 59, 54]",0.03146909006714517,0.08,0.4926439311489731,0.5709637017174737,0.5461320997172963,0.19999999999999996
"[8453, 8441, 8427, 7916, 7599, 6920, 6647, 6362, 6219, 4834, 4790, 4200, 4179, 3506, 3287, 3227, 3050, 2983, 2820, 2796, 2787, 2776, 2745, 2709, 2316, 1795, 1712, 1697, 1687, 1274, 1199, 1184, 1178, 772, 713, 600, 588, 229, 222, 220, 214, 209, 208, 171, 155, 144, 86, 80, 77]",0.018310951609168787,0.52,0.41081608726067254,0.516261724126285,0.7910562837316886,0.19999999999999996
"[8467, 5838, 4925, 4640, 4477, 3219, 2591, 2336, 2250, 1822, 1821, 1556, 1546, 1043, 1026, 529, 214, 200, 35, 2]",0.010879833294744155,0.81,0.29904395041204623,0.30129477939256366,0.8786944230274993,0.19999999999999996
"[8586, 8498, 8487, 8467, 8441, 8427, 8302, 8128, 8061, 8046, 7916, 7789, 7654, 7514, 7145, 6981, 6976, 6967, 6920, 6647, 6631, 6362, 6027, 5975, 5974, 5739, 5704, 5495, 5452, 5083, 5070, 4995, 4991, 4936, 4834, 4707, 4448, 4437, 4197, 4083, 4072, 3920, 3900, 3536, 3506, 3417, 3327, 3287, 3026, 2983, 2950, 2916, 2878, 2820, 2796, 2787, 2783, 2776, 2745, 2507, 2506, 2401, 2316, 2035, 2006, 1916, 1894, 1875, 1873, 1795, 1712, 1627, 1532, 1514, 1379, 1354, 1307, 1274, 856, 816, 772, 614, 590, 343, 229, 214, 208, 97, 75]",0.020354248668673303,0.12,0.4186314896903067,0.6940895124550068,0.8247237214083782,0.19999999999999996
"[6687, 4640, 3491, 1697, 1556, 1426, 414, 291, 35]",0.004736050011576754,0.92,0.30083751947712656,0.2854432309212953,0.9485993317913133,0.19999999999999996
"[8447, 8302, 7924, 7789, 7654, 7526, 7278, 6879, 6774, 6133, 5739, 4930, 4725, 4474, 4468, 4199, 4083, 4072, 3950, 3710, 3567, 3227, 2796, 2250, 2159, 2054, 1905, 1697, 1687, 1582, 1556, 1553, 1546, 1514, 1231, 1184, 1068, 1026, 943, 588, 553, 209, 201, 200, 86, 67, 51, 49, 42, 38, 32, 30, 25, 16, 15, 14, 2, 1]",0.02512965964343598,0.43,0.40450161729075873,0.5027391731675189,0.659727576458494,0.0
"[7599, 6658, 6219, 5529, 4491, 4488, 4477, 4200, 4179, 3227, 3050, 2137, 1790, 1712, 1697, 1694, 1687, 1420, 1231, 1184, 904, 736, 734, 665, 600, 588, 458, 414, 392, 240, 231, 219, 214, 209, 201, 173, 172, 165, 144, 141, 138, 86, 80, 77]",0.021655475804584396,0.57,0.38073649516204955,0.39947201154134226,0.7126702647134413,0.19999999999999996
"[6647, 5227, 4991, 4990, 2983, 2916, 2699, 2401, 2006, 1654, 413]",0.0026325538319055333,0.9,0.23435665244537018,0.3377694752629783,0.9735286558725263,0.4
"[8453, 8376, 8302, 8291, 8243, 8005, 7789, 7654, 7526, 7347, 7278, 7014, 6848, 6793, 6715, 6236, 5947, 5739, 5731, 5704, 5684, 5460, 5444, 4925, 4914, 4806, 4650, 4640, 4478, 4477, 4272, 4199, 4072, 4038, 3646, 3567, 3512, 3402, 3050, 2796, 2661, 2336, 2148, 2142, 1514, 934, 738, 474, 458, 225, 171]",0.01241722620977078,0.5,0.2906143211812058,0.5479579027931247,0.8964276535594963,0.19999999999999996
"[7514, 6981, 6976, 6954, 6274, 5974, 5452, 4491, 4488, 4487, 4485, 4484, 4481, 4480, 4478, 4437, 3920, 3529, 3490, 3417, 3227, 2878, 2401, 2126, 2102, 2054, 1894, 1875, 1873, 1697, 1694, 1687, 1674, 1582, 1547, 1546, 1443, 1420, 1414, 1379, 1332, 1330, 1296, 1199, 1184, 1128, 1098, 1094, 1092, 1068, 920, 904, 856, 851, 665, 627, 624, 614, 600, 596, 590, 582, 564, 553, 529, 451, 442, 429, 392, 294, 290, 201, 200, 173, 172, 165, 162, 144, 141, 138, 132, 87, 86, 76, 73, 64, 62, 59, 54, 40, 38, 36, 35, 32, 31, 30, 28, 26, 25, 24]",0.03899976846492244,0.01,0.4688547371671251,0.4405075437242011,0.25880236443073756,0.19999999999999996
"[8192, 6706, 5684, 2106, 1694, 1068, 564, 553, 40, 35, 30]",0.006684417689279926,0.9,0.3262855528559282,0.302421259031048,0.9239270110511437,0.19999999999999996
"[8488, 8237, 8104, 8046, 8005, 7514, 7086, 5704, 5495, 4990, 4806, 4448, 4263, 4038, 3491, 3417, 3402, 2983, 1894, 1627, 1379, 1336, 1319, 1188, 458, 343]",0.005188701088214865,0.75,0.2973970590310373,0.4028454537944156,0.9529683885890516,0.4
"[8418, 8344, 8302, 8291, 8103, 8005, 7789, 7526, 7014, 6236, 5731, 5704, 5460, 5227, 4806, 4790, 4777, 4478, 4477, 4199, 4072, 4038, 3567, 3402, 3112, 2796, 2699, 2148, 2142, 1514, 1373, 738, 726, 474, 458, 225]",0.008485760592729798,0.65,0.2660027534479741,0.4728824833043408,0.9298380878951427,0.19999999999999996
"[8192, 7990, 5227, 5191, 3589, 3050, 2387, 2250, 2126, 1694, 1277, 1231, 1128, 1098, 1094, 734, 665, 627, 624, 614, 600, 596, 590, 582, 231, 219, 201, 172, 165, 162, 87, 86, 76, 73]",0.016743459134058808,0.67,0.41252167796974004,0.37514765096262515,0.7689539964019532,0.19999999999999996
"[8330, 5835, 2028, 1821, 998]",0.0011599907385968975,0.96,0.16238967044499153,0.2536699587267758,0.9889488563351324,0.6
"[8465, 8456, 4472, 4471, 4470, 4469, 4468, 3227, 2126, 2102, 1907, 1904, 1873, 1790, 1582, 1556, 1555, 1553, 1546, 1332, 1296, 1277, 1128, 1098, 1094, 1092, 1068, 909, 856, 736, 734, 627, 618, 614, 600, 596, 590, 564, 553, 529, 370, 240, 231, 220, 209, 201, 172, 144, 141, 87, 86, 76, 73, 64, 62, 59, 54, 40, 36, 35, 32, 31, 30, 28, 25, 22, 15, 13]",0.03236976151887011,0.33,0.4209426963232029,0.3492586934418913,0.42097147262914414,0.0
"[8487, 8463, 8441, 8427, 8376, 8243, 7916, 7347, 6967, 6954, 6920, 6848, 6715, 6708, 6647, 6362, 5947, 5684, 5444, 4925, 4914, 4834, 4650, 4640, 4478, 4272, 4203, 3900, 3646, 3512, 3506, 3327, 3287, 3209, 2916, 2820, 2796, 2787, 2776, 2591, 2336, 2316, 1873, 1822, 1821, 1795, 1712, 1585, 1330, 1307, 1296, 1274, 1199, 1068, 998, 934, 816, 772, 596, 294, 290, 229, 222, 214, 171, 19]",0.018655938874739524,0.35,0.36357961251075077,0.5726498681410583,0.825751734772552,0.19999999999999996
"[8467, 8465, 8464, 8456, 5624, 5227, 4497, 4487, 4485, 4477, 4476, 4475, 4469, 3452, 3227, 2126, 2102, 1941, 1907, 1904, 1873, 1872, 1790, 1697, 1694, 1687, 1582, 1556, 1555, 1553, 1546, 1404, 1332, 1305, 1296, 1231, 1184, 1128, 1098, 1094, 1092, 1068, 906, 880, 817, 808, 736, 734, 665, 627, 624, 614, 600, 596, 590, 564, 553, 529, 407, 386, 359, 318, 290, 283, 240, 231, 219, 209, 201, 173, 172, 165, 162, 144, 141, 138, 87, 86, 76, 73, 64, 62, 59, 54, 40, 36, 35, 32, 31, 30, 28, 25, 22, 15, 13]",0.03977888400092614,0.06,0.44859636878455167,0.3688125932142776,0.2354150603957852,0.19999999999999996
"[8590, 8586, 8128, 8061, 8046, 7514, 7145, 7122, 7107, 7101, 7095, 7072, 6631, 6579, 6027, 5495, 5083, 5078, 4995, 4991, 4990, 4448, 4083, 4028, 3417, 3037, 3026, 2951, 2479, 2336, 2035, 2019, 1953, 1894, 1822, 1821, 1627, 1532, 1454, 1450, 1379, 1354, 1175, 495, 446, 433, 429, 343]",0.010094929381801343,0.53,0.3885813427614493,0.5835693046675277,0.908763813929581,0.19999999999999996
"[7654, 7549, 6774, 5227, 4707, 4197, 3227, 2796, 2783, 2126, 2102, 1941, 1873, 1697, 1582, 1556, 1555, 1553, 1231, 1184, 1128, 1098, 1094, 1092, 1068, 736, 627, 624, 614, 600, 596, 564, 553, 240, 209, 201, 87, 86, 76, 73, 64, 62, 59, 54, 40, 36, 35, 32, 31, 30, 28, 25, 22]",0.025160916878907154,0.48,0.46585265262724385,0.40209243315705234,0.6119249550244152,0.19999999999999996
"[8586, 8128, 8061, 7145, 6687, 6631, 6027, 5083, 4995, 4991, 4640, 4373, 4083, 3026, 2951, 2336, 2035, 1821, 1697, 1556, 1532, 1354, 414, 291, 35]",0.00699235934244038,0.76,0.33051130832448594,0.43145194751949967,0.9367771781033154,0.19999999999999996
"[8467, 8465, 8456, 4487, 4485, 3227, 2054, 1697, 1546, 1301, 1184, 1026, 920, 734, 386, 231, 219, 173, 15, 14, 2, 1]",0.014934012502894188,0.79,0.32733434016515073,0.2638715101429412,0.804420457465947,0.0
"[8488, 8487, 8456, 8453, 8441, 8427, 8237, 8104, 7943, 7916, 7378, 7086, 7045, 6981, 6967, 6920, 6708, 6687, 6647, 6362, 6013, 5498, 4936, 4925, 4834, 4487, 4264, 3900, 3506, 3491, 3327, 3287, 2983, 2916, 2878, 2820, 2796, 2787, 2776, 2591, 2316, 2054, 2006, 1907, 1904, 1872, 1790, 1712, 1697, 1585, 1332, 1330, 1319, 1307, 1274, 1188, 1050, 1026, 935, 920, 856, 817, 816, 808, 794, 772, 736, 734, 627, 442, 437, 414, 359, 318, 291, 283, 240, 231, 229, 224, 222, 219, 214, 1]",0.027605927297985645,0.17,0.4097473753606551,0.5444612525066597,0.6923670007710101,0.19999999999999996
"[8586, 8554, 8509, 8488, 8399, 8291, 8104, 8087, 8046, 8013, 7954, 7654, 7650, 7526, 7135, 7028, 6647, 6579, 6453, 6070, 6035, 6010, 5996, 5977, 5821, 5739, 5731, 5584, 5516, 5439, 5029, 5020, 4991, 4658, 4448, 4421, 4264, 4199, 4072, 3912, 3791, 3567, 3550, 3533, 3491, 3449, 3440, 2983, 2958, 2951, 2796, 2661, 2591, 2468, 2337, 2148, 2142, 2045, 1961, 1900, 1894, 1745, 1697, 1534, 1514, 1379, 1345, 1335, 1319, 1317, 1308, 1092, 978, 935, 899, 882, 809, 738, 561, 474, 468, 449, 416, 414, 407, 402, 343, 315, 291, 284, 240, 87, 64]",0.021892799259087752,0.08,0.4745244442689155,0.6113600134838721,0.8000514006682087,0.19999999999999996
"[8441, 8427, 7916, 7086, 6920, 6647, 6362, 6330, 5227, 4895, 4834, 4790, 4484, 4231, 3506, 3287, 3220, 3083, 2983, 2820, 2796, 2787, 2776, 2709, 2316, 1795, 1697, 1687, 1414, 1274, 1199, 1184, 1178, 1128, 772, 713, 629, 627, 624, 529, 229, 222, 220, 209, 208, 171, 155, 144, 15]",0.018527436906691362,0.52,0.3903434023782245,0.5284288077032961,0.7959393472115137,0.0
"[8441, 8237, 8061, 7916, 7514, 7086, 6763, 6708, 6687, 6658, 6362, 6219, 6092, 5727, 5495, 4991, 4990, 4834, 4470, 4448, 4264, 4203, 4083, 4066, 3645, 3417, 3327, 3320, 3287, 2796, 2787, 2776, 2035, 2024, 1712, 1697, 1585, 1379, 1330, 1274, 1188, 588, 458, 437, 229, 222, 214, 208]",0.01285135448020375,0.53,0.3454409661682155,0.5396224724074274,0.8856335132356721,0.19999999999999996
"[8586, 8487, 8441, 8427, 8372, 8061, 8046, 7916, 7741, 7514, 6981, 6976, 6967, 6954, 6920, 6706, 6362, 6027, 5974, 5684, 5495, 5452, 4995, 4991, 4936, 4925, 4914, 4834, 4488, 4487, 4485, 4484, 4481, 4478, 4448, 4437, 4203, 3920, 3900, 3417, 3327, 3287, 2950, 2916, 2878, 2820, 2796, 2787, 2776, 2401, 2353, 2316, 2102, 1894, 1875, 1795, 1707, 1379, 1332, 1330, 1326, 1324, 1307, 1274, 1199, 1188, 1094, 1092, 1068, 1026, 856, 824, 817, 816, 808, 772, 600, 596, 564, 553, 392, 318, 294, 229, 222, 173, 132, 64, 40, 35, 30]",0.02907733271590646,0.1,0.43188773800095137,0.5948296334235927,0.6443073759958879,0.0
"[8455, 8372, 7741, 5684, 4914, 2102, 1707, 1332, 1324, 1305, 1098, 1092, 1068, 1002, 940, 824, 817, 808, 736, 590, 564, 553, 318, 294, 201, 173, 77, 76, 73, 64, 40]",0.016507293354943275,0.7,0.37019497534618373,0.3924502527854644,0.8000514006682087,0.19999999999999996
"[8586, 8451, 8447, 8446, 8128, 8104, 8061, 8046, 7514, 7145, 7089, 7086, 6967, 6658, 6631, 6027, 5975, 5974, 5495, 5452, 5083, 4991, 4494, 4490, 4474, 4472, 4471, 4448, 4437, 4348, 4083, 3920, 3900, 3506, 3491, 3490, 3417, 3227, 3026, 2983, 2950, 2916, 2401, 2250, 2035, 2028, 2026, 2006, 1916, 1894, 1875, 1873, 1663, 1532, 1420, 1379, 1305, 1231, 1128, 1073, 978, 935, 889, 880, 856, 816, 618, 529, 527, 458, 414, 290, 219, 214, 200, 192, 141, 138, 86, 76, 70, 58, 40, 38, 25, 22, 15, 13, 2]",0.03198772864088909,0.12,0.42090695576742276,0.5110722042452692,0.5582112567463378,0.0
"[8458, 6924, 6582, 4488, 4487, 4485, 4484, 4483, 4482, 4481, 4480, 4478, 4469, 3227, 2126, 2102, 2054, 1907, 1904, 1790, 1697, 1694, 1687, 1582, 1547, 1546, 1443, 1414, 1332, 1305, 1296, 1231, 1184, 1128, 1098, 1094, 1092, 1068, 1026, 1022, 920, 904, 851, 824, 806, 736, 734, 665, 627, 624, 614, 600, 596, 590, 564, 553, 529, 442, 392, 370, 318, 294, 290, 283, 240, 231, 219, 209, 201, 173, 172, 165, 162, 144, 141, 138, 132, 87, 86, 76, 73, 64, 62, 59, 54, 40, 38, 36, 35, 32, 31, 30, 28, 26, 25, 24]",0.03905070618198657,0.05,0.46802358029922564,0.37848017350864194,0.20406065278848629,0.19999999999999996
"[8574, 8494, 8370, 8192, 7990, 7563, 7526, 7122, 7107, 7101, 7095, 7072, 6579, 6536, 6013, 5989, 5498, 5208, 5191, 5078, 4875, 4451, 4216, 4028, 3589, 3454, 3419, 3227, 3037, 2972, 2479, 2387, 2384, 2362, 2250, 2126, 2019, 1953, 1905, 1707, 1697, 1694, 1687, 1532, 1454, 1450, 1421, 1277, 1231, 1199, 1184, 1098, 1094, 1068, 713, 673, 665, 627, 618, 600, 596, 590, 588, 582, 495, 446, 433, 429, 385, 231, 224, 220, 209, 208, 201, 190, 172, 171, 165, 162, 155, 144, 141, 138, 124, 97, 86, 80, 77, 76, 73, 64, 15]",0.03184417689279926,0.08,0.49113744362009915,0.527176363272145,0.525828835774865,0.19999999999999996
"[5975, 5789]",0.0002801574438527437,0.99,0.05769496623824555,0.19303045459083534,0.9979439732716525,1.0
"[8488, 8441, 8427, 8237, 8061, 8046, 7916, 7514, 6967, 6920, 6706, 6689, 6362, 5975, 5974, 5495, 5452, 5328, 4995, 4991, 4834, 4448, 4437, 4264, 3920, 3900, 3417, 3327, 3287, 2950, 2916, 2820, 2796, 2787, 2776, 2745, 2709, 2591, 2401, 2316, 1916, 1894, 1875, 1873, 1781, 1712, 1697, 1585, 1556, 1379, 1319, 1274, 1231, 1188, 1043, 856, 816, 772, 734, 600, 590, 291, 229, 222, 220, 214, 209, 208, 87, 86, 70]",0.020375086825654087,0.3,0.461071811554014,0.6243054790462479,0.7782061166795169,0.19999999999999996
"[7086, 6920, 5227, 4790, 3569, 3506, 2983, 2820, 2699, 2316, 1795, 1199, 772, 713, 220, 171, 155]",0.006360268580689974,0.84,0.3421826223414949,0.3809923848498056,0.9396042148547931,0.19999999999999996
"[8487, 8213, 7943, 7514, 6954, 6687, 5495, 4990, 3417, 2336, 2054, 2048, 1836, 1627, 1330, 1026, 294, 290, 1]",0.006558231072007409,0.82,0.3276476608258805,0.34555439832380397,0.9370341814443588,0.19999999999999996
"[8586, 8128, 8104, 8061, 8046, 7514, 7145, 7089, 7086, 6631, 6027, 5975, 5974, 5495, 5083, 4995, 4991, 4448, 4437, 4083, 3506, 3491, 3417, 3227, 3026, 2983, 2950, 2916, 2401, 2315, 2054, 2035, 2006, 1894, 1875, 1697, 1687, 1547, 1546, 1532, 1379, 1305, 1296, 1184, 1026, 935, 856, 736, 665, 553, 529, 414, 283, 209, 162, 144, 141, 138, 132, 54, 40, 38, 36, 35, 32, 31, 30, 28, 25, 24]",0.026065061356795555,0.31,0.42949710235861527,0.5661519938725561,0.663839629915189,0.0
"[8488, 8237, 8104, 8046, 8005, 7514, 7091, 7086, 6219, 5704, 5495, 5227, 4806, 4448, 4263, 4038, 3491, 3417, 3402, 2983, 1894, 1798, 1379, 1336, 1319, 1188, 458]",0.005435285945820792,0.74,0.30650014565936967,0.4318291092629898,0.9527113852480082,0.4
"[8467, 8465, 8464, 8456, 5227, 3227, 2126, 2102, 1907, 1873, 1872, 1790, 1697, 1694, 1687, 1582, 1556, 1555, 1553, 1546, 1332, 1305, 1296, 1231, 1184, 1128, 1098, 1094, 1092, 1068, 817, 808, 736, 734, 665, 627, 624, 614, 600, 590, 564, 553, 529, 359, 318, 290, 283, 240, 231, 219, 209, 201, 173, 172, 165, 162, 144, 141, 138, 86, 76, 73, 64, 62, 59, 54, 40, 36, 35, 32, 31, 30, 28, 25, 22, 15, 13]",0.035178282009724476,0.24,0.44252171784351346,0.367138888162732,0.3621177075301979,0.19999999999999996
"[6658, 5227, 4991, 4990, 2983, 2916, 2699, 2006, 1654, 413]",0.0024149108589951378,0.91,0.23796896962649838,0.3217071749687249,0.9750706759187869,0.4
"[8487, 8441, 8427, 8164, 7916, 7599, 7514, 6981, 6976, 6967, 6920, 6708, 6658, 6362, 6219, 6092, 5974, 5452, 4936, 4902, 4834, 4488, 4448, 4437, 4203, 4200, 4179, 3920, 3900, 3645, 3536, 3506, 3417, 3327, 3287, 3050, 2916, 2878, 2820, 2796, 2787, 2776, 2527, 2506, 2401, 2316, 2137, 2002, 1875, 1795, 1712, 1697, 1694, 1498, 1379, 1330, 1307, 1274, 1188, 1022, 856, 772, 665, 600, 588, 437, 414, 392, 229, 222, 201, 173, 172, 165, 141, 138, 86, 80, 77, 54]",0.024490622829358648,0.21,0.42732626521191974,0.6489113008350369,0.7414546389103058,0.0
"[8488, 8441, 8427, 8237, 8061, 8046, 7916, 7514, 6967, 6920, 6687, 6362, 5975, 5974, 5495, 5452, 5328, 4834, 4448, 4437, 4264, 4083, 3920, 3900, 3537, 3417, 3327, 3287, 2916, 2820, 2796, 2787, 2776, 2745, 2709, 2591, 2401, 2316, 1916, 1894, 1875, 1873, 1781, 1712, 1697, 1585, 1556, 1379, 1319, 1274, 1231, 1188, 1043, 856, 816, 772, 734, 600, 590, 291, 229, 222, 220, 214, 209, 208, 87, 86, 70]",0.020280157443852743,0.32,0.4593880657533229,0.6266989141409008,0.7800051400668209,0.19999999999999996
"[7514, 6981, 6976, 6954, 6274, 5974, 5452, 4491, 4488, 4487, 4486, 4485, 4484, 4481, 4478, 4437, 3920, 3529, 3490, 3417, 3227, 2878, 2401, 2126, 2102, 1894, 1875, 1873, 1697, 1694, 1687, 1674, 1582, 1553, 1547, 1546, 1443, 1420, 1414, 1379, 1332, 1330, 1296, 1199, 1184, 1128, 1098, 1094, 1092, 1068, 920, 904, 856, 851, 665, 627, 624, 614, 600, 596, 590, 582, 564, 553, 529, 451, 442, 429, 392, 294, 290, 201, 200, 173, 172, 165, 162, 144, 141, 138, 132, 87, 86, 76, 73, 64, 62, 59, 54, 40, 38, 36, 35, 32, 31, 30, 28, 26, 25, 24]",0.03925561472563093,0.01,0.4714142949656832,0.4411616377077179,0.257260344384477,0.19999999999999996
"[6274, 2126, 2102, 2054, 1873, 1697, 1687, 1582, 1547, 1404, 1128, 1098, 1094, 1092, 1068, 880, 665, 627, 624, 614, 600, 596, 590, 582, 564, 553, 529, 219, 144, 141, 138, 132, 87, 86, 76, 73, 64, 62, 59, 54, 40, 38, 36, 35, 32, 31, 30, 28, 26, 25, 24]",0.025391294281083585,0.5,0.4558302925873391,0.3437335581749327,0.5623233102030327,0.19999999999999996
"[8586, 8498, 8487, 8441, 8427, 8128, 8061, 8046, 7916, 7789, 7741, 7654, 7514, 7145, 6981, 6976, 6967, 6920, 6706, 6647, 6631, 6362, 6027, 5974, 5739, 5684, 5495, 5452, 5083, 4995, 4991, 4936, 4834, 4448, 4203, 4083, 4072, 3920, 3900, 3506, 3417, 3327, 3287, 3026, 2983, 2950, 2916, 2878, 2820, 2796, 2787, 2776, 2745, 2507, 2401, 2316, 2102, 2035, 2006, 1916, 1894, 1875, 1795, 1712, 1532, 1514, 1379, 1354, 1307, 1274, 1094, 1092, 1068, 1026, 991, 856, 816, 772, 614, 600, 596, 564, 553, 229, 132, 64, 40, 35, 30]",0.023572586246816393,0.12,0.46750680342673734,0.6650187678286279,0.76047288614752,0.19999999999999996
"[8488, 8463, 8459, 8441, 8427, 8237, 7916, 6920, 6706, 6687, 6647, 6449, 6362, 5624, 5328, 4834, 4491, 4488, 4487, 4485, 4484, 4470, 4469, 4264, 3327, 3287, 2820, 2796, 2787, 2776, 2745, 2709, 2591, 2316, 1907, 1904, 1873, 1815, 1781, 1712, 1697, 1585, 1556, 1547, 1443, 1414, 1404, 1332, 1319, 1296, 1277, 1274, 1231, 1188, 1043, 920, 904, 856, 851, 734, 627, 600, 590, 553, 442, 429, 428, 413, 392, 318, 291, 283, 231, 229, 222, 220, 214, 209, 208, 201, 172, 87, 86, 70, 54, 32]",0.03237091919425793,0.15,0.4239932290384004,0.4844047142103729,0.5155487021331278,0.19999999999999996
"[8465, 8456, 8447, 8302, 7924, 7789, 7654, 7526, 7278, 6774, 6133, 5739, 5227, 4930, 4725, 4487, 4485, 4474, 4468, 4199, 4083, 4072, 3950, 3710, 3567, 3227, 2796, 2250, 2159, 1905, 1825, 1790, 1697, 1582, 1514, 1301, 1231, 1184, 1068, 943, 906, 736, 734, 553, 386, 240, 231, 219, 209, 201, 200, 173, 172, 127, 86, 40, 36]",0.022483213706876594,0.44,0.36774194485568545,0.457717945745439,0.7226933950141352,0.0
"[8441, 7916, 5974, 5227, 4203, 3327, 2796, 2102, 2024, 1873, 1697, 1582, 1556, 1555, 1553, 1546, 1274, 1092, 1068, 1022, 564, 553, 214, 144, 141, 138, 64, 62, 59, 54, 40, 36, 35, 32, 31, 30, 28, 22, 15, 13]",0.020318360731650845,0.61,0.43784340643802944,0.37772560182227677,0.7003341043433564,0.19999999999999996
"[7599, 6658, 6219, 5529, 4491, 4477, 4235, 4200, 4179, 3227, 3050, 2137, 1790, 1712, 1697, 1694, 1687, 1470, 1420, 1231, 1184, 904, 736, 734, 665, 600, 588, 458, 414, 392, 240, 231, 219, 214, 209, 201, 173, 172, 165, 144, 141, 138, 86, 80, 77]",0.021550127344292663,0.56,0.4026184226280004,0.42851491361701,0.719095348239527,0.0
"[8302, 7924, 7789, 7654, 7526, 7278, 6774, 6133, 5739, 4930, 4725, 4474, 4468, 4199, 4083, 4072, 3950, 3589, 3567, 3227, 2796, 2250, 2159, 1905, 1825, 1697, 1694, 1687, 1582, 1556, 1555, 1514, 1296, 1231, 1184, 1068, 943, 665, 553, 290, 209, 201, 200, 173, 172, 162, 86, 40, 36, 35, 32, 31, 30, 28, 25, 22]",0.024041444778884,0.45,0.4046121469077848,0.49982917937847193,0.690567977383706,0.0
"[8591, 7599, 7563, 6658, 6536, 6352, 6219, 6052, 4491, 4488, 4487, 4485, 4484, 4483, 4482, 4481, 4480, 4478, 4474, 4472, 4471, 4469, 4200, 4179, 3490, 3227, 3050, 2596, 2137, 2026, 1907, 1904, 1873, 1790, 1712, 1697, 1694, 1687, 1443, 1421, 1414, 1404, 1332, 1277, 1231, 1199, 1184, 1094, 1068, 1022, 920, 904, 889, 851, 824, 806, 665, 600, 596, 588, 458, 442, 429, 428, 414, 413, 392, 385, 370, 318, 294, 290, 283, 240, 231, 219, 214, 201, 173, 172, 165, 162, 155, 144, 141, 138, 86, 80, 77, 76]",0.03498726557073397,0.11,0.4706189390358859,0.41197824170826725,0.3703418144435877,0.19999999999999996
"[8586, 8447, 8302, 8128, 8104, 7924, 7789, 7654, 7526, 7278, 7145, 7089, 7086, 6879, 6774, 6631, 6133, 6027, 5739, 5083, 4995, 4991, 4930, 4725, 4474, 4468, 4199, 4083, 4072, 3950, 3710, 3567, 3506, 3491, 3227, 3026, 2950, 2796, 2250, 2159, 2054, 2035, 2006, 1905, 1800, 1697, 1687, 1582, 1556, 1553, 1546, 1532, 1514, 1231, 1184, 1068, 1026, 943, 935, 588, 553, 414, 209, 201, 200, 86, 67, 51, 49, 42, 38, 32, 30, 25, 16, 15, 14, 2, 1]",0.02862236628849271,0.22,0.42729188454777234,0.5952293224447287,0.6317142122847597,0.0
"[8488, 8463, 8459, 8451, 8427, 8237, 8104, 7916, 7086, 6967, 6708, 6687, 6658, 6647, 6449, 6362, 5624, 4834, 4640, 4491, 4488, 4487, 4485, 4484, 4470, 4469, 4263, 4203, 3900, 3506, 3491, 3287, 3219, 3013, 2983, 2916, 2796, 2787, 2776, 2591, 1907, 1904, 1873, 1815, 1712, 1697, 1585, 1556, 1547, 1443, 1414, 1404, 1332, 1319, 1296, 1277, 1231, 1188, 1068, 935, 920, 904, 851, 816, 627, 596, 553, 442, 429, 428, 414, 413, 392, 318, 291, 290, 231, 229, 222, 214, 201, 172, 76, 54, 38, 35, 32]",0.03249942116230609,0.14,0.4228998479670938,0.47950719943162456,0.5206887689539964,0.19999999999999996
"[8467, 8465, 4939, 4487, 4485, 3227, 3011, 2525, 1941, 1790, 1728, 1697, 1301, 1184, 906, 736, 734, 240, 231, 219, 201, 173, 127]",0.011568650150497801,0.78,0.2939022232731884,0.32103731745807307,0.8689282960678488,0.19999999999999996
"[7990, 5227, 5191, 4492, 3050, 2387, 2250, 2126, 2054, 1694, 1546, 1285, 1277, 1231, 1128, 1098, 1094, 734, 627, 624, 614, 600, 596, 590, 582, 231, 219, 201, 172, 165, 162, 87, 86, 76, 73]",0.01863625839314656,0.66,0.39976522374637735,0.364113389714379,0.7442816756617836,0.19999999999999996
"[4497, 294]",0.002185691132206529,0.99,0.18137462536250415,0.1829527173662462,0.986378822924698,0.19999999999999996
"[8586, 8574, 8494, 8370, 8061, 8046, 7563, 7526, 7514, 7122, 7107, 7101, 7095, 7072, 6579, 6536, 6013, 5989, 5705, 5498, 5208, 5078, 4991, 4451, 4448, 4216, 4028, 3628, 3454, 3419, 3417, 3227, 3037, 2972, 2951, 2822, 2479, 2384, 2362, 2126, 2019, 1953, 1905, 1894, 1707, 1697, 1687, 1627, 1532, 1454, 1450, 1421, 1379, 1199, 1184, 1098, 1068, 713, 673, 627, 618, 600, 596, 588, 582, 553, 495, 446, 433, 429, 385, 343, 231, 224, 220, 209, 208, 190, 171, 162, 155, 144, 141, 138, 124, 97, 86, 80, 77, 76, 64, 40, 15]",0.030420236165779112,0.08,0.4978427020376395,0.5889338919064765,0.5797995373939862,0.0
"[8590, 8128, 8061, 8046, 7514, 7145, 7122, 7107, 7101, 7095, 7072, 6658, 6631, 6579, 5495, 5227, 5083, 5078, 4991, 4990, 4448, 4083, 4028, 3417, 3037, 3026, 2983, 2916, 2699, 2479, 2336, 2035, 2019, 2006, 1953, 1894, 1822, 1627, 1532, 1454, 1450, 1379, 1354, 660, 495, 446, 433, 429, 343]",0.01054410743227599,0.52,0.385895324294087,0.605147814168947,0.9043947571318427,0.19999999999999996
"[8590, 8456, 8128, 8061, 8046, 7514, 7145, 7122, 7107, 7101, 7095, 7072, 6631, 6579, 5495, 5083, 5078, 4991, 4990, 4487, 4485, 4448, 4083, 4028, 3417, 3037, 3026, 2772, 2479, 2336, 2035, 2019, 1953, 1894, 1822, 1627, 1532, 1454, 1450, 1379, 1354, 1175, 495, 446, 433, 429, 386, 343]",0.013291271127575829,0.53,0.32763788038492436,0.5680798318463476,0.877923413004369,0.19999999999999996
"[8453, 4483, 4482, 4481, 4480, 4478, 4469, 4094, 4038, 2250, 2126, 2102, 2056, 2054, 1907, 1904, 1873, 1697, 1694, 1687, 1582, 1547, 1546, 1404, 1332, 1305, 1296, 1277, 1231, 1199, 1184, 1128, 1098, 1094, 1068, 1022, 998, 934, 880, 851, 824, 806, 734, 665, 627, 624, 614, 600, 596, 590, 582, 564, 553, 529, 474, 458, 442, 429, 370, 318, 294, 290, 283, 231, 219, 201, 200, 173, 172, 165, 162, 144, 141, 138, 132, 87, 86, 76, 73, 64, 62, 59, 54, 40, 38, 36, 35, 32, 31, 30, 28, 26, 25, 24]",0.039608705718916414,0.07,0.46213445260682173,0.39566159893418607,0.2243639167309175,0.19999999999999996
"[8441, 7916, 5974, 4203, 2102, 2024, 1697, 1582, 1556, 1555, 1553, 1546, 1092, 1068, 564, 553, 214, 144, 141, 138, 64, 62, 59, 54, 40, 36, 35, 31, 30, 28, 22, 15, 13]",0.01804352859458208,0.68,0.41890420397860784,0.3497627703313213,0.740426625546132,0.0
"[6658, 5227, 5191, 4991, 4990, 2983, 2916, 2699, 2250, 2126, 2102, 2006, 1654, 1582, 1277, 1231, 1199, 1128, 1098, 1094, 1092, 734, 627, 624, 614, 600, 596, 590, 582, 564, 413, 290, 231, 219, 200, 173, 172, 87, 86, 76, 73, 64, 62, 59, 54]",0.021529289187311878,0.56,0.4478245774896016,0.400916200064658,0.6841428938576202,0.0
"[8586, 8498, 8487, 8441, 8427, 8128, 8061, 8046, 7916, 7789, 7741, 7654, 7514, 7145, 6981, 6976, 6967, 6920, 6647, 6631, 6362, 6027, 5974, 5739, 5684, 5639, 5634, 5495, 5452, 5083, 4995, 4991, 4936, 4834, 4448, 4203, 4083, 4072, 3920, 3900, 3506, 3417, 3327, 3287, 3204, 3026, 2983, 2950, 2916, 2878, 2820, 2796, 2787, 2776, 2745, 2507, 2401, 2316, 2102, 2035, 2006, 1916, 1894, 1875, 1795, 1712, 1532, 1514, 1379, 1354, 1307, 1274, 1094, 1092, 1068, 1026, 991, 856, 816, 772, 614, 600, 596, 564, 553, 229, 132, 64]",0.021311646214401483,0.13,0.4509310436938021,0.6632061609995261,0.7943973271652531,0.19999999999999996
"[8467, 8302, 8178, 8046, 7924, 7789, 7654, 7514, 7278, 6774, 6362, 6133, 5975, 5974, 5739, 5704, 5495, 5452, 5403, 5070, 4936, 4707, 4448, 4437, 4197, 4083, 4072, 3950, 3920, 3567, 3536, 3417, 3287, 2796, 2783, 2776, 2506, 2159, 1905, 1894, 1875, 1873, 1627, 1514, 1379, 614, 590, 343, 214, 208, 97]",0.012111599907385969,0.5,0.3478805810765552,0.5625192982239662,0.8953996401953226,0.19999999999999996
"[8467, 8465, 8464, 8456, 8455, 8372, 5684, 5624, 5227, 4914, 4469, 3227, 2126, 2102, 1907, 1904, 1873, 1872, 1790, 1707, 1697, 1694, 1687, 1582, 1332, 1324, 1305, 1296, 1231, 1184, 1128, 1098, 1094, 1092, 1068, 940, 880, 817, 808, 736, 734, 665, 627, 624, 614, 600, 596, 590, 564, 553, 359, 318, 294, 290, 283, 240, 231, 219, 209, 201, 173, 172, 165, 162, 144, 141, 138, 86, 76, 73, 64, 62, 59, 40, 36, 35, 32, 31, 30, 28, 25, 8]",0.03573280852049086,0.19,0.43666285572238206,0.3824995927207224,0.37805191467489074,0.19999999999999996
"[8467, 8458, 8302, 6582, 5704, 4488, 4487, 4485, 4484, 4483, 4482, 4481, 4480, 4478, 4469, 3227, 2126, 2102, 1907, 1904, 1873, 1790, 1697, 1694, 1687, 1582, 1547, 1546, 1443, 1414, 1404, 1332, 1305, 1296, 1231, 1184, 1128, 1098, 1094, 1092, 1068, 1022, 920, 904, 880, 851, 824, 806, 736, 734, 665, 627, 624, 614, 600, 596, 590, 564, 553, 529, 442, 392, 370, 318, 294, 290, 283, 240, 231, 219, 209, 201, 173, 172, 165, 162, 144, 138, 87, 86, 76, 73, 64, 62, 59, 54, 40, 38, 36, 35, 32, 31, 30, 28, 26, 25, 24]",0.039881917110442235,0.04,0.4579141440151173,0.38921090744407705,0.20765869956309435,0.0
"[8213, 7943, 7514, 6954, 6687, 5495, 4990, 4488, 4487, 4485, 4484, 3417, 2336, 2054, 2048, 1907, 1836, 1627, 1443, 1414, 1332, 1330, 1026, 904, 627, 485, 442, 429, 392, 318, 294, 290, 172, 1]",0.015942347765686503,0.67,0.35878677236401924,0.38048284821224787,0.8062194808532511,0.19999999999999996
"[8467, 8302, 5975, 5704, 5452, 5070, 4936, 4437, 4090, 3920, 3536, 2506, 1875, 1873, 590, 208, 75]",0.006084741838388516,0.84,0.2735536089818428,0.35247375769085854,0.9403752248779234,0.19999999999999996
"[8574, 8494, 8370, 8192, 7990, 7563, 7526, 7095, 7072, 6579, 6536, 6013, 5989, 5498, 5208, 5191, 4875, 4451, 4216, 3589, 3454, 3419, 3227, 2972, 2479, 2387, 2384, 2362, 2250, 2126, 1953, 1947, 1905, 1707, 1697, 1694, 1687, 1454, 1450, 1421, 1277, 1231, 1199, 1184, 1098, 1094, 1068, 713, 665, 627, 618, 600, 596, 590, 588, 582, 495, 433, 429, 385, 231, 224, 220, 209, 208, 201, 190, 172, 171, 165, 162, 155, 144, 141, 138, 124, 97, 86, 80, 77, 76, 73, 64, 15]",0.030391294281083583,0.17,0.4813167121766986,0.5096796848666822,0.543562066306862,0.19999999999999996
"[8453, 8441, 7916, 5974, 5227, 4483, 4203, 3327, 2796, 2102, 2024, 1873, 1697, 1582, 1556, 1555, 1553, 1274, 1092, 1068, 1022, 564, 553, 214, 162, 141, 64, 62, 59, 54, 40, 36, 35, 32, 31, 30, 28, 26, 22, 15]",0.021361426256077797,0.61,0.38611054270898704,0.38662957616572136,0.7080442045746596,0.19999999999999996
"[7741, 2102, 1556, 1555, 1553, 1546, 1332, 1305, 1098, 1092, 1068, 1002, 824, 817, 808, 736, 590, 553, 529, 318, 220, 201, 173, 77, 76, 73, 64, 40, 22, 15, 13]",0.018064366751562862,0.7,0.39174796363338404,0.3345076308675481,0.7501927525057825,0.0
"[8302, 8178, 7924, 7789, 7278, 6780, 6774, 6309, 6143, 6133, 5739, 4725, 4083, 3950, 3710, 3567, 2796, 2786, 2159, 2126, 2102, 1905, 1582, 1556, 1555, 1553, 1546, 1128, 1098, 1094, 1092, 1068, 856, 627, 614, 600, 596, 590, 564, 553, 529, 220, 87, 86, 76, 73, 64, 62, 59, 54, 40, 36, 35, 32, 31, 30, 28, 25, 22, 15, 13]",0.025503588793702247,0.4,0.46125433952830985,0.47229903254635663,0.6052428681572861,0.19999999999999996
"[4493, 1947, 1546, 1094, 904, 397, 138, 13, 8]",0.007068765918036583,0.92,0.3051910685720677,0.2613067410003409,0.9218709843227962,0.19999999999999996
"[7813, 5393, 5227, 4991, 4990, 4567, 2983, 2916, 2401, 2006, 1297, 413]",0.002893030794165316,0.89,0.25282065669515896,0.3531644034325795,0.9689025957337445,0.4
"[8554, 8509, 8488, 8399, 8291, 8213, 8104, 8087, 8013, 7954, 7943, 7654, 7650, 7526, 7135, 7045, 7028, 6687, 6647, 6579, 6453, 6358, 6070, 6035, 6010, 5996, 5977, 5821, 5739, 5731, 5584, 5516, 5439, 5029, 5020, 4658, 4421, 4264, 4199, 4072, 3912, 3791, 3567, 3550, 3533, 3491, 3449, 3440, 2983, 2958, 2796, 2659, 2591, 2468, 2337, 2148, 2142, 2054, 2048, 2045, 1961, 1900, 1745, 1697, 1534, 1514, 1345, 1335, 1319, 1317, 1308, 1092, 1026, 978, 935, 899, 882, 809, 738, 561, 474, 468, 449, 416, 414, 407, 402, 315, 291, 284, 240, 225, 87, 64]",0.022904607548043528,0.07,0.4833646548378051,0.6462022098674035,0.787201233616037,0.0
"[8456, 7086, 4649, 3569, 3506, 2983, 1790, 1547, 1546, 736, 529, 240, 30, 26, 25, 24, 13]",0.00849617967122019,0.84,0.329838500471733,0.3364277652881751,0.9054227704960165,0.19999999999999996
"[8586, 8447, 8302, 8128, 8104, 7924, 7789, 7654, 7526, 7278, 7145, 7089, 7086, 6879, 6774, 6631, 6133, 6027, 5739, 5083, 4995, 4991, 4930, 4725, 4474, 4468, 4199, 4083, 4072, 3950, 3710, 3567, 3491, 3227, 3026, 2950, 2796, 2250, 2159, 2054, 2035, 2006, 1905, 1697, 1687, 1582, 1556, 1553, 1546, 1532, 1514, 1231, 1184, 1068, 1026, 943, 935, 588, 553, 414, 209, 201, 200, 86, 67, 51, 49, 42, 38, 32, 30, 25, 16, 15, 14, 2, 1]",0.028434822875665663,0.24,0.4236965052160986,0.5941381942503154,0.6335132356720637,0.0
"[8330, 6793, 5639, 2951, 738]",0.0007524890020838157,0.96,0.12153065885065306,0.2556138964983803,0.9940889231560011,1.0
"[8586, 8488, 8441, 8427, 8237, 8061, 8046, 7916, 6967, 6920, 6706, 6687, 6362, 5975, 5974, 5495, 5452, 5328, 4995, 4991, 4834, 4448, 4437, 4264, 3920, 3900, 3417, 3327, 3287, 2950, 2916, 2820, 2796, 2787, 2776, 2745, 2709, 2591, 2401, 2316, 1916, 1894, 1875, 1873, 1781, 1712, 1697, 1585, 1556, 1379, 1319, 1274, 1231, 1188, 1043, 856, 816, 772, 734, 600, 590, 361, 291, 229, 222, 220, 214, 209, 208, 87, 86, 70]",0.021266496874276453,0.29,0.4678878900910124,0.6386776570130586,0.773580056540735,0.19999999999999996
"[8590, 8128, 8061, 7514, 7145, 7122, 7107, 7101, 7095, 6631, 6579, 5495, 5083, 5078, 4992, 4991, 4990, 4448, 4083, 4028, 3417, 3037, 3026, 2479, 2336, 2035, 2019, 1953, 1894, 1627, 1532, 1454, 1450, 1379, 1354, 1002, 495, 446, 433, 429, 343]",0.009186154202361657,0.6,0.382459707607933,0.5508677269686906,0.9141608840914932,0.19999999999999996
"[8330, 2048, 2028, 1989, 1]",0.002521416994674693,0.96,0.22705072291801753,0.2475579749425747,0.9773837059881778,0.4
"[5227, 1697, 1582, 1556, 1555, 1553, 1546, 1068, 564, 553, 214, 141, 138, 40, 36, 35, 32, 31, 30, 28, 22, 15, 13]",0.014913174345913405,0.78,0.4086751448097564,0.29680702938600667,0.7969673605756875,0.19999999999999996
"[8465, 8464, 8456, 8164, 7514, 6092, 5227, 4902, 4448, 3645, 3536, 3417, 3227, 2527, 2506, 2401, 2126, 2102, 2002, 1790, 1697, 1694, 1687, 1582, 1556, 1555, 1553, 1546, 1498, 1379, 1296, 1231, 1184, 1128, 1098, 1094, 1092, 1068, 1022, 736, 734, 665, 627, 624, 614, 600, 590, 564, 553, 529, 506, 240, 231, 219, 209, 201, 173, 172, 165, 162, 144, 141, 138, 86, 76, 73, 64, 62, 59, 54, 40, 36, 35, 32, 31, 30, 28, 25, 22, 15, 13]",0.033241491085899515,0.2,0.44689664226111747,0.4350580524805343,0.4276535594962735,0.0
"[8467, 8465, 8464, 8456, 5227, 3227, 2469, 2126, 2102, 1873, 1790, 1697, 1694, 1687, 1582, 1556, 1555, 1553, 1546, 1296, 1231, 1184, 1128, 1098, 1094, 1092, 1068, 869, 808, 734, 665, 627, 624, 614, 600, 596, 590, 564, 553, 529, 283, 240, 231, 209, 201, 173, 172, 165, 162, 144, 141, 138, 87, 86, 76, 73, 64, 62, 59, 54, 40, 36, 35, 32, 31, 30, 28, 25, 22, 15, 13]",0.03261171567492475,0.3,0.4474075715507714,0.3624920342403988,0.4163454124903624,0.19999999999999996
"[8487, 8441, 8427, 8372, 7916, 7741, 6981, 6976, 6967, 6954, 6920, 6706, 6647, 6362, 5684, 5624, 5452, 4936, 4925, 4914, 4834, 4491, 4488, 4487, 4485, 4484, 4470, 4469, 4203, 3920, 3900, 3327, 3287, 2878, 2820, 2796, 2787, 2776, 2353, 2316, 2102, 1907, 1795, 1707, 1443, 1414, 1404, 1332, 1330, 1326, 1324, 1307, 1274, 1199, 1188, 1094, 1092, 1068, 1026, 920, 904, 856, 824, 817, 816, 808, 772, 600, 596, 564, 553, 429, 428, 413, 392, 318, 294, 229, 222, 173, 132, 64, 40, 35, 30]",0.030149340125028942,0.16,0.4332793635603963,0.5455599770698479,0.5741454638910306,0.0
"[8453, 4483, 4482, 4481, 4480, 4478, 4469, 3537, 3227, 2250, 2126, 2102, 1907, 1904, 1697, 1694, 1687, 1582, 1556, 1555, 1553, 1546, 1404, 1332, 1305, 1296, 1277, 1231, 1199, 1184, 1128, 1098, 1094, 1092, 1068, 880, 851, 824, 806, 734, 665, 627, 624, 614, 600, 596, 590, 564, 553, 529, 370, 318, 294, 290, 283, 231, 219, 201, 200, 173, 172, 165, 162, 144, 141, 138, 132, 87, 86, 76, 73, 64, 62, 59, 54, 40, 36, 35, 32, 31, 30, 28, 25, 22, 15, 13]",0.037920815003473024,0.15,0.45310404094881807,0.3690541927688933,0.26933950141351837,0.19999999999999996
"[8487, 8213, 7943, 7514, 6954, 6793, 6687, 6358, 5495, 4990, 3417, 2336, 2054, 1836, 1627, 1330, 1026, 958, 294, 290]",0.00583005325306784,0.81,0.3114160688379477,0.3615180864042399,0.9473143150860961,0.19999999999999996
"[8213, 8061, 7943, 7916, 7762, 7514, 6687, 5974, 5495, 5227, 4990, 4203, 3417, 3327, 2796, 2102, 2054, 2048, 2024, 1873, 1627, 1582, 1274, 1092, 1068, 1026, 1022, 564, 553, 64, 62, 59, 54, 40, 36, 1]",0.014828664042602455,0.65,0.4011450091365336,0.4071759700291957,0.8134155744024673,0.19999999999999996
"[8554, 8104, 8087, 8013, 7654, 7650, 7526, 7135, 7028, 6647, 6579, 6070, 6035, 6010, 5996, 5977, 5584, 5516, 5029, 5020, 4131, 4072, 3567, 3550, 3533, 3491, 3449, 3440, 3227, 3204, 2983, 2958, 2468, 2180, 2054, 2045, 1961, 1900, 1697, 1687, 1556, 1553, 1546, 1534, 1514, 1231, 1184, 1094, 1026, 978, 935, 899, 882, 734, 627, 618, 600, 588, 582, 553, 474, 468, 446, 416, 414, 407, 402, 231, 219, 202, 192, 190, 171, 150, 132, 124, 86, 73, 67, 62, 59, 54, 51, 49, 42, 38, 32, 30, 25, 16, 15, 14, 2, 1]",0.03313151192405649,0.07,0.4920164267821825,0.5204342805963478,0.4811102544333077,0.19999999999999996
"[8313, 3227, 2126, 2102, 2056, 2054, 1697, 1694, 1687, 1582, 1547, 1546, 1199, 1184, 1128, 1098, 1094, 1068, 665, 627, 624, 614, 600, 596, 590, 582, 564, 553, 529, 173, 172, 165, 162, 144, 141, 138, 132, 87, 86, 76, 73, 64, 62, 59, 54, 40, 38, 36, 35, 32, 31, 30, 28, 26, 25]",0.02669599444315814,0.46,0.46343368327228507,0.3681927147109211,0.5291698792084297,0.19999999999999996
"[8586, 8574, 8494, 8370, 8128, 7563, 7526, 7122, 7107, 7101, 7095, 7072, 6989, 6579, 6536, 6027, 6013, 5989, 5705, 5498, 5208, 5078, 4995, 4451, 4216, 4028, 3628, 3454, 3419, 3227, 3037, 2972, 2951, 2479, 2384, 2362, 2336, 2126, 2019, 1953, 1905, 1822, 1821, 1707, 1697, 1687, 1532, 1454, 1450, 1421, 1354, 1277, 1199, 1184, 1175, 1098, 1068, 713, 673, 627, 618, 600, 596, 588, 582, 553, 495, 446, 433, 429, 231, 224, 220, 209, 208, 190, 171, 162, 155, 144, 141, 138, 124, 97, 86, 80, 77, 76, 64, 40, 35, 30, 15]",0.030879833294744155,0.08,0.4991393256939749,0.5577755805031651,0.5612952968388589,0.19999999999999996
"[8451, 8450, 6274, 4490, 4483, 1404, 1094, 904, 665, 429, 191, 162, 87, 31, 12, 4]",0.010401713359573975,0.85,0.2886617275378469,0.2666511593255332,0.8938576201490619,0.19999999999999996
"[6274, 3227, 2250, 2179, 2126, 2102, 1697, 1694, 1687, 1582, 1547, 1546, 1231, 1199, 1184, 1128, 1098, 1094, 1092, 1068, 665, 627, 624, 614, 600, 596, 590, 582, 564, 553, 529, 294, 290, 219, 201, 200, 173, 172, 165, 162, 144, 141, 138, 132, 87, 86, 76, 73, 64, 62, 59, 54, 40, 38, 36, 35, 32, 31, 28, 26, 25, 24, 13]",0.028923361889326232,0.38,0.4727283877761562,0.36388086916125784,0.4687740940632228,0.19999999999999996
"[8453, 4481, 4480, 4478, 4469, 3227, 2250, 2126, 2102, 2056, 2054, 1907, 1904, 1873, 1697, 1694, 1687, 1582, 1547, 1546, 1404, 1332, 1305, 1296, 1277, 1231, 1199, 1184, 1128, 1098, 1094, 1068, 880, 851, 824, 806, 734, 665, 627, 624, 614, 600, 596, 590, 582, 564, 553, 529, 370, 318, 294, 290, 283, 231, 219, 201, 200, 173, 172, 165, 162, 144, 141, 138, 132, 87, 86, 85, 76, 64, 62, 59, 54, 40, 38, 36, 35, 32, 31, 30, 28, 26, 25, 24]",0.03736165779115536,0.17,0.4500424529274858,0.38742471674833756,0.29067077872012337,0.19999999999999996
"[1795, 839]",0.0005302153276221347,0.99,0.15525080616226916,0.19323623843974158,0.9917758930866101,0.8
"[5227, 5191, 4991, 4990, 2983, 2916, 2699, 2250, 2126, 2102, 2006, 1747, 1654, 1582, 1277, 1231, 1199, 1128, 1098, 1094, 1092, 734, 627, 624, 614, 600, 596, 590, 582, 564, 413, 290, 231, 219, 200, 173, 172, 87, 86, 76, 73, 70, 64, 62, 59, 54]",0.021773558694142162,0.55,0.44647729911293976,0.39131419770470643,0.6777178103315343,0.19999999999999996
"[8586, 8487, 6920, 6883, 6647, 6027, 5083, 4995, 4991, 3405, 3227, 2983, 2950, 2820, 2316, 1916, 1872, 1797, 1795, 1712, 1697, 1687, 1307, 1299, 1277, 1231, 1184, 1094, 851, 816, 772, 734, 732, 627, 618, 600, 588, 582, 553, 277, 231, 229, 219, 202, 192, 190, 171, 150, 124, 86, 73, 67, 62, 59, 54, 51, 49, 42, 38, 32, 30, 25]",0.02561125260476962,0.39,0.47130600397494615,0.5061542468991278,0.6237471087124132,0.19999999999999996
"[8456, 7086, 6658, 5844, 4649, 3569, 3506, 2983, 2699, 1790, 736, 413, 290, 240, 30, 26, 25, 24]",0.007703172030562631,0.83,0.30518564327998876,0.33780017697564213,0.918786944230275,0.19999999999999996
"[4991, 2983, 2820, 2401, 2054, 2006, 1687, 1547, 1546, 1296, 1026, 529, 283, 144, 141, 138, 132, 24]",0.009842556147256308,0.83,0.3608745839807673,0.3454126016578487,0.882035466461064,0.19999999999999996
"[8376, 8302, 8291, 8213, 8178, 7943, 7924, 7789, 7654, 7526, 7514, 7347, 7278, 6848, 6780, 6774, 6715, 6687, 6309, 6236, 6143, 6133, 5947, 5739, 5731, 5704, 5684, 5495, 5460, 5444, 4990, 4806, 4725, 4199, 4083, 4072, 4038, 3950, 3710, 3567, 3417, 3402, 2796, 2661, 2336, 2239, 2159, 2148, 2142, 2048, 1905, 1836, 1627, 1514, 1026, 738, 474, 225, 1]",0.012023616577911553,0.42,0.38797656694125027,0.5752970017059938,0.903366743767669,0.19999999999999996
"[8586, 8128, 8104, 8061, 8046, 7145, 7089, 7086, 6631, 6027, 5694, 5495, 5083, 4995, 4991, 4083, 3506, 3491, 3227, 3026, 2983, 2950, 2315, 2102, 2054, 2035, 2006, 1697, 1694, 1687, 1582, 1547, 1546, 1532, 1305, 1184, 1068, 1026, 935, 736, 665, 564, 553, 529, 414, 283, 209, 173, 172, 165, 162, 144, 141, 138, 132, 64, 62, 59, 54, 40, 38, 36, 35, 32, 31, 30, 28, 26, 25, 24]",0.027733271590645984,0.31,0.4314711061894909,0.52810763151694,0.5931637111282446,0.19999999999999996
"[7316, 4104, 2951, 2639, 2028, 1660, 331]",0.001572123176661264,0.94,0.18421770968464768,0.271325518260355,0.9879208429709586,0.6
"[8467, 8465, 8464, 8456, 8128, 7145, 7089, 6631, 5227, 5083, 4083, 3506, 3227, 3026, 2126, 2102, 2056, 2054, 2035, 2028, 2026, 2006, 1873, 1790, 1697, 1694, 1687, 1582, 1547, 1546, 1532, 1305, 1296, 1231, 1184, 1098, 1094, 1068, 978, 880, 869, 808, 736, 734, 665, 627, 624, 614, 600, 596, 590, 582, 564, 553, 529, 458, 290, 283, 240, 231, 209, 201, 173, 172, 165, 162, 144, 141, 138, 87, 86, 76, 73, 64, 62, 59, 54, 40, 38, 36, 35, 32, 31, 30, 28, 26, 25, 24]",0.03594466311646215,0.13,0.4485593138729871,0.44404560270924376,0.36905679773837063,0.19999999999999996
"[8376, 8291, 8178, 7924, 7789, 7654, 7526, 7514, 7347, 7278, 6848, 6780, 6774, 6715, 6309, 6236, 6143, 6133, 6097, 5947, 5739, 5731, 5704, 5684, 5639, 5634, 5495, 5460, 5444, 5229, 4995, 4990, 4806, 4725, 4199, 4083, 4072, 4038, 3950, 3567, 3417, 3402, 3204, 3056, 2951, 2796, 2661, 2239, 2159, 2148, 2142, 1905, 1836, 1627, 1514, 738, 474, 225]",0.009938643204445473,0.43,0.35369942914502683,0.556657384174372,0.9239270110511437,0.4
"[8467, 8458, 8302, 8046, 7514, 6582, 5704, 5495, 4990, 4488, 4487, 4485, 4484, 4483, 4482, 4481, 4480, 4478, 4469, 4448, 3491, 3417, 3227, 2126, 2102, 1907, 1904, 1894, 1873, 1790, 1697, 1694, 1687, 1627, 1582, 1443, 1414, 1404, 1379, 1332, 1305, 1296, 1231, 1184, 1128, 1098, 1094, 1092, 1068, 1022, 920, 904, 880, 851, 824, 806, 736, 734, 665, 627, 624, 614, 600, 596, 590, 564, 553, 442, 392, 370, 343, 318, 290, 283, 240, 231, 219, 209, 201, 173, 172, 165, 162, 144, 138, 87, 86, 76, 73, 64, 62, 59, 54, 40, 38, 36]",0.038930307941653156,0.05,0.45899732131445004,0.4073328625488001,0.29195579542534056,0.0
"[6658, 4963, 966]",0.0005302153276221347,0.98,0.09172822701696559,0.21532536350063436,0.995887946543305,1.0
"[8590, 8128, 8061, 7514, 7316, 7145, 7122, 7107, 7095, 6631, 6579, 5495, 5083, 5078, 4992, 4991, 4990, 4448, 4104, 4083, 4028, 3417, 3252, 3037, 3026, 2951, 2479, 2035, 2028, 2019, 1894, 1660, 1627, 1532, 1379, 1354, 495, 446, 433, 343, 331]",0.008601528131511924,0.6,0.3471470761417781,0.5347026318769613,0.9295810845540992,0.19999999999999996
"[8586, 8488, 8441, 8192, 8061, 8046, 6967, 6920, 5975, 5974, 5495, 5452, 5208, 5191, 4995, 4991, 4448, 4437, 4216, 3920, 3900, 3589, 3417, 3327, 2950, 2916, 2820, 2401, 2316, 2126, 1916, 1894, 1875, 1873, 1781, 1697, 1687, 1375, 1319, 1274, 1231, 1098, 1094, 1068, 856, 816, 772, 665, 627, 618, 600, 596, 590, 588, 582, 361, 291, 220, 209, 208, 144, 141, 138, 124, 97, 86, 80, 77, 76, 73, 64, 15]",0.025445705024311184,0.29,0.46449651454618945,0.570325717027472,0.6589565664353636,0.19999999999999996
"[8488, 8487, 8467, 8330, 8302, 8178, 8104, 8061, 8046, 7924, 7789, 7654, 7514, 7278, 6981, 6976, 6967, 6920, 6793, 6774, 6647, 6362, 6133, 5975, 5974, 5639, 5495, 5452, 5070, 4991, 4990, 4936, 4437, 4083, 4072, 3950, 3920, 3900, 3567, 3536, 3506, 3491, 3417, 3400, 3287, 2983, 2951, 2916, 2878, 2783, 2776, 2506, 2401, 2316, 2159, 2006, 1905, 1894, 1875, 1873, 1514, 1379, 1319, 1307, 935, 856, 816, 738, 414, 413, 343, 291, 214, 208]",0.01561704098170873,0.27,0.374938863754506,0.6033150458557782,0.872526342842457,0.19999999999999996
"[8467, 5227, 4487, 4485, 4448, 3227, 2951, 1941, 1790, 1379, 920, 736, 734, 252, 240, 231, 201, 173, 127, 15]",0.011981940263949989,0.81,0.31393189108580954,0.30993762422105386,0.8627602158828065,0.19999999999999996
"[6274, 3227, 2250, 2126, 2102, 1697, 1694, 1687, 1582, 1547, 1546, 1305, 1296, 1277, 1231, 1199, 1184, 1128, 1098, 1094, 1092, 1068, 790, 734, 665, 627, 624, 614, 600, 596, 590, 582, 564, 553, 529, 231, 219, 201, 200, 173, 166, 165, 162, 144, 141, 138, 132, 87, 86, 76, 73, 64, 62, 59, 54, 40, 38, 36, 35, 32, 31, 30, 28, 26, 25, 24, 13]",0.0311599907385969,0.34,0.4519461828838496,0.3903367354238606,0.43150860961192494,0.19999999999999996
"[8213, 8178, 8046, 7943, 7924, 7789, 7654, 7514, 7278, 6954, 6774, 6687, 6362, 6133, 5975, 5739, 5495, 5139, 4990, 4707, 4485, 4484, 4448, 4197, 4083, 4072, 3950, 3567, 3417, 3287, 2796, 2783, 2776, 2336, 2159, 2054, 2048, 1905, 1894, 1836, 1627, 1514, 1379, 1026, 614, 485, 294, 290, 214, 97, 1]",0.014626070849733734,0.5,0.33740396927450533,0.5205828672513779,0.872526342842457,0.19999999999999996
"[8590, 8128, 8061, 8046, 7514, 7145, 7122, 7107, 7101, 7095, 7072, 6631, 6579, 6274, 5495, 5083, 5078, 4991, 4990, 4448, 4083, 4028, 3417, 3037, 3026, 2983, 2916, 2699, 2479, 2336, 2035, 2019, 2006, 1953, 1894, 1822, 1627, 1532, 1454, 1450, 1379, 1354, 660, 495, 446, 433, 429, 343]",0.010453808752025931,0.53,0.38302686089492255,0.5887059816404497,0.9054227704960165,0.19999999999999996
"[8574, 8494, 8427, 8370, 8237, 7990, 7916, 7563, 7526, 7095, 7072, 6706, 6687, 6579, 6536, 6362, 6013, 5989, 5498, 5328, 4875, 4834, 4264, 3454, 3419, 3287, 3227, 2972, 2796, 2787, 2776, 2745, 2709, 2591, 2479, 2387, 2384, 2362, 2250, 1953, 1947, 1905, 1712, 1707, 1697, 1694, 1585, 1556, 1454, 1450, 1421, 1277, 1231, 1199, 1188, 1184, 1043, 734, 713, 600, 590, 495, 433, 429, 385, 231, 229, 224, 222, 220, 214, 209, 208, 201, 190, 172, 171, 165, 162, 155, 87, 86, 70]",0.026918268117619822,0.18,0.47576481709811236,0.5596844848761778,0.6612695965047546,0.0
"[8330, 6991, 6793, 2048, 2028, 1]",0.0024774253299374854,0.95,0.2216521174098035,0.26666657549472517,0.978668722693395,0.4
"[8488, 8237, 8104, 8046, 8005, 7514, 7091, 7086, 6219, 5704, 5495, 5248, 5227, 4806, 4448, 4263, 3491, 3417, 3402, 2983, 2796, 1894, 1798, 1379, 1336, 1319, 1188, 458]",0.005595045149340125,0.73,0.3059272824935029,0.4282665087333847,0.9529683885890516,0.4
"[4104, 2952, 2028, 1989, 331]",0.0011634637647603614,0.96,0.14756990063092834,0.25195935487303267,0.9902338730403495,0.6
"[8237, 6706, 6687, 5328, 4264, 3287, 2709, 2591, 2066, 1712, 1697, 1585, 1556, 1547, 1231, 1188, 1043, 627, 600, 590, 553, 214, 209, 208, 201, 172, 87, 86, 70, 54, 32]",0.013654781199351701,0.7,0.4146899372048636,0.4585887555851197,0.827550758159856,0.19999999999999996
"[8453, 4469, 3608, 2250, 2126, 2102, 1907, 1904, 1582, 1556, 1555, 1553, 1546, 1332, 1277, 1199, 1128, 1098, 1094, 1092, 1068, 851, 824, 806, 627, 624, 614, 600, 596, 590, 564, 553, 529, 370, 318, 294, 219, 200, 132, 87, 86, 76, 73, 64, 62, 59, 54, 40, 36, 35, 32, 31, 30, 28, 25, 22, 15, 13]",0.029402639499884232,0.43,0.43244968238324377,0.3785101936126479,0.5006425083526086,0.0
"[8467, 8465, 8464, 8456, 8302, 7789, 7654, 7526, 7278, 5739, 5227, 4930, 4199, 4072, 3950, 3589, 3567, 3227, 2796, 2250, 1907, 1873, 1872, 1825, 1790, 1697, 1694, 1687, 1582, 1556, 1555, 1514, 1332, 1305, 1296, 1231, 1184, 1128, 1068, 943, 817, 808, 736, 734, 665, 627, 624, 614, 600, 553, 359, 318, 290, 283, 240, 231, 219, 209, 201, 200, 173, 172, 165, 162, 144, 141, 138, 86, 40, 36, 32, 31, 30, 28, 25, 22]",0.03219726788608474,0.25,0.4286522453149396,0.44958753184849554,0.5134926754047803,0.0
"[8465, 7702, 6658, 6274, 4488, 4487, 4485, 4484, 4483, 4482, 4481, 4480, 4478, 4469, 3227, 2250, 2126, 2102, 1907, 1904, 1873, 1697, 1694, 1687, 1582, 1443, 1414, 1404, 1332, 1305, 1296, 1277, 1231, 1199, 1184, 1128, 1098, 1094, 1092, 1068, 1022, 920, 906, 904, 880, 851, 824, 806, 790, 734, 665, 627, 624, 600, 596, 590, 582, 564, 553, 442, 429, 392, 370, 318, 294, 290, 283, 231, 219, 201, 200, 173, 172, 165, 162, 144, 141, 138, 132, 87, 86, 76, 73, 64, 62, 59, 54, 40, 38, 36, 35, 32, 31, 30, 28, 26, 25, 24, 2]",0.040650613567955546,0.02,0.46904347519104816,0.3826901727879757,0.16499614494988435,0.19999999999999996
"[8467, 8463, 8460, 8213, 8061, 7943, 7514, 5495, 4990, 4131, 3417, 3405, 3227, 2054, 2048, 1872, 1697, 1687, 1627, 1556, 1553, 1299, 1277, 1231, 1184, 1094, 1026, 851, 734, 732, 627, 618, 600, 588, 582, 553, 277, 275, 231, 219, 202, 192, 190, 171, 150, 124, 86, 73, 67, 62, 59, 54, 51, 49, 42, 38, 32, 30, 25, 16, 15, 14, 1]",0.02787682333873582,0.38,0.42640475191665417,0.37747916355543876,0.5422770496016448,0.19999999999999996
"[7789, 6309, 5739, 2796, 2126, 2102, 2094, 1747, 1582, 1556, 1555, 1553, 1546, 1128, 1098, 1094, 1092, 856, 627, 614, 600, 596, 590, 564, 553, 529, 220, 87, 86, 76, 73, 64, 62, 59, 54, 40, 36, 35, 32, 31, 30, 28, 25, 22, 15, 13]",0.022570039360963186,0.55,0.44843191801625293,0.3725871383637225,0.6286301721922385,0.19999999999999996
"[8390, 8371, 7196]",0.0003831905533688354,0.98,0.029384696370714947,0.20665790658421346,0.9987149832947828,1.0
"[8441, 8427, 8372, 7924, 7916, 7741, 7278, 6954, 6920, 6774, 6706, 6362, 6133, 5684, 4834, 4485, 4484, 4203, 3567, 3287, 2820, 2796, 2787, 2776, 2316, 2102, 1795, 1707, 1307, 1274, 1199, 1188, 1094, 1092, 1068, 1026, 772, 600, 596, 564, 553, 294, 229, 222, 173, 132, 64, 40, 35, 30]",0.019558925677240102,0.51,0.38848014823830135,0.538218962637268,0.779491133384734,0.19999999999999996
"[8467, 5227, 3227, 2102, 1790, 1582, 1556, 1555, 1553, 1092, 1068, 736, 734, 564, 553, 529, 240, 231, 201, 173, 64, 62, 59, 54, 40, 36, 35, 32, 31, 30, 28, 25, 22, 15, 13]",0.019293818013429033,0.66,0.40944494491977435,0.34048125103360605,0.7147262914417887,0.0
"[7514, 7122, 7107, 7101, 7095, 7051, 6579, 5083, 5078, 4448, 4028, 3417, 3037, 3026, 2479, 2336, 2019, 1953, 1894, 1627, 1454, 1450, 1379, 1354, 1002, 446, 433, 429, 343]",0.00740796480666821,0.72,0.3616129269335705,0.4792962750630847,0.9267540478026215,0.19999999999999996
"[8456, 7086, 5844, 4649, 3569, 3506, 2983, 2699, 1790, 1546, 413, 290, 240, 30, 26, 25, 24]",0.008012271359110904,0.84,0.328224293687743,0.3359565349911541,0.9100488306347982,0.19999999999999996
"[8302, 7789, 7278, 5739, 5227, 4199, 3589, 3227, 1697, 1694, 1687, 1608, 1582, 1556, 1555, 1184, 1128, 1068, 665, 627, 624, 600, 553, 162, 144, 141, 138, 86, 40, 36, 32, 31, 30, 28, 25, 22]",0.017704329705950452,0.65,0.4228087393481078,0.39495310333806,0.7501927525057825,0.19999999999999996
"[7654, 7549, 6774, 6658, 5372, 5227, 4991, 4707, 4197, 2983, 2916, 2796, 2783, 2699, 2126, 2102, 2006, 1873, 1654, 1231, 1128, 1098, 1094, 1092, 736, 627, 624, 614, 600, 596, 413, 240, 209, 201, 87, 86, 76, 73, 64, 62, 59, 54]",0.018610789534614494,0.59,0.43863228019135414,0.44146311305572117,0.7579028527370856,0.19999999999999996
"[8498, 8487, 8441, 8427, 8376, 7916, 7789, 7741, 6967, 6920, 6848, 6715, 6708, 6647, 6362, 5947, 5739, 5684, 5639, 5634, 5444, 4925, 4834, 4478, 4203, 3900, 3646, 3512, 3506, 3327, 3287, 3204, 2916, 2878, 2820, 2796, 2787, 2776, 2745, 2316, 2219, 2102, 1873, 1795, 1712, 1585, 1307, 1274, 1094, 1092, 1068, 1026, 998, 816, 772, 614, 600, 596, 564, 553, 229, 222, 214, 171, 132, 64, 19]",0.02055336883537856,0.34,0.39671403058714905,0.5683017828132477,0.7902852737085582,0.19999999999999996
"[8061, 7514, 6658, 5495, 4990, 4963, 3417, 3405, 1627, 1231, 1094, 966, 851, 734, 732, 627, 618, 600, 588, 582, 275, 231, 219, 202, 124, 86, 73]",0.01262792313035425,0.74,0.4013018722067181,0.3876691959614179,0.8450269853508096,0.19999999999999996
"[8456, 8441, 8427, 7916, 7086, 6658, 5227, 4834, 4649, 3569, 2983, 2796, 2787, 2699, 1790, 1781, 736, 290, 240, 229, 25, 24]",0.0068638573743922205,0.79,0.28942061435505106,0.3813509779786375,0.9380621948085325,0.19999999999999996
"[8330, 8302, 7789, 7278, 6793, 6774, 5639, 3287, 2951, 2159, 2102, 1582, 1098, 1094, 1092, 1068, 802, 738, 590, 582, 564, 553, 214, 208, 162, 76, 73, 62, 59, 54, 40, 38]",0.014870340356564019,0.69,0.40030856390802516,0.40971925698265965,0.8075044975584682,0.19999999999999996
"[8441, 8192, 5208, 4216, 3589, 3227, 2126, 2102, 2056, 1781, 1697, 1694, 1687, 1582, 1199, 1184, 1128, 1098, 1094, 1068, 665, 627, 624, 618, 614, 600, 596, 590, 588, 582, 564, 553, 173, 172, 165, 162, 144, 141, 138, 132, 124, 97, 87, 86, 80, 77, 76, 73, 64, 62, 59, 54, 40, 15]",0.02529636489928224,0.47,0.45963843286321704,0.3803933445743991,0.5839115908506811,0.19999999999999996
"[8488, 8467, 8302, 8061, 8046, 7924, 7789, 7654, 7514, 7278, 6981, 6976, 6967, 6920, 6774, 6658, 6362, 6133, 5975, 5974, 5739, 5495, 5452, 4990, 4936, 4707, 4448, 4437, 4197, 4083, 4072, 3920, 3900, 3567, 3417, 3287, 2916, 2878, 2783, 2776, 2401, 2316, 2159, 1905, 1894, 1875, 1873, 1627, 1514, 1454, 1379, 1319, 1307, 856, 816, 614, 590, 343, 291, 214, 208, 97, 75]",0.015511692521416995,0.38,0.3844330590945989,0.5989367954824452,0.8681572860447186,0.19999999999999996
"[8586, 8488, 8128, 8104, 8061, 8046, 7943, 7514, 7145, 7089, 6967, 6954, 6920, 6731, 6631, 6458, 6027, 5975, 5974, 5495, 5452, 5083, 4995, 4991, 4990, 4488, 4487, 4485, 4484, 4448, 4437, 4083, 3920, 3900, 3491, 3417, 3327, 3026, 2950, 2916, 2820, 2401, 2336, 2316, 2035, 2016, 1916, 1907, 1894, 1875, 1873, 1836, 1697, 1582, 1556, 1555, 1553, 1546, 1532, 1443, 1414, 1379, 1330, 1319, 1274, 1068, 935, 904, 856, 816, 772, 564, 553, 485, 414, 392, 318, 294, 291, 214, 141, 138, 40, 36, 35, 32, 31, 30, 28, 22, 15, 13]",0.031011808288955778,0.09,0.4472852557478224,0.5898092203941571,0.6065278848625032,0.0
"[5227, 3281, 3227, 2126, 2102, 1697, 1694, 1687, 1582, 1556, 1555, 1553, 1546, 1184, 1128, 1098, 1094, 1092, 1068, 665, 627, 624, 614, 600, 596, 590, 564, 553, 529, 162, 144, 141, 138, 87, 86, 76, 73, 64, 62, 59, 54, 40, 36, 35, 32, 31, 30, 28, 25, 22, 15, 13]",0.026351007177587406,0.49,0.4649762590964066,0.3523821801119369,0.551272166538165,0.0
"[8458, 6582, 4895, 4488, 4487, 4485, 4484, 4483, 4482, 4481, 4480, 4478, 4469, 2126, 2102, 2054, 1907, 1904, 1873, 1790, 1697, 1694, 1687, 1582, 1547, 1546, 1443, 1414, 1404, 1332, 1305, 1296, 1231, 1184, 1128, 1098, 1094, 1092, 1068, 1022, 920, 904, 880, 851, 824, 806, 736, 734, 665, 627, 624, 614, 600, 596, 590, 564, 553, 529, 442, 392, 370, 318, 294, 290, 283, 240, 231, 219, 209, 201, 173, 172, 165, 162, 144, 141, 138, 132, 87, 86, 76, 73, 64, 62, 59, 54, 40, 38, 36, 35, 32, 31, 30, 28, 26, 25, 24, 13]",0.03982287566566335,0.03,0.46769518478283256,0.37888366217219593,0.18607041891544585,0.19999999999999996
"[8574, 8376, 8291, 8178, 7924, 7789, 7654, 7563, 7526, 7514, 7347, 7278, 7122, 7107, 7101, 7095, 7072, 6848, 6780, 6774, 6715, 6579, 6536, 6309, 6236, 6143, 6133, 6097, 6013, 5947, 5739, 5731, 5704, 5684, 5639, 5634, 5495, 5460, 5444, 5229, 5078, 4995, 4990, 4806, 4725, 4199, 4083, 4072, 4038, 4028, 3950, 3567, 3454, 3417, 3402, 3204, 3056, 3037, 2972, 2951, 2796, 2661, 2479, 2239, 2159, 2148, 2142, 2019, 1953, 1905, 1836, 1627, 1532, 1514, 1454, 1450, 1421, 738, 673, 474, 446, 429, 385, 225, 173]",0.0166230608937254,0.16,0.42948936971598417,0.6155375949714075,0.8576201490619378,0.19999999999999996
"[8453, 5975, 4483, 4482, 4481, 4480, 4478, 4469, 4094, 4038, 2250, 2126, 2102, 2056, 1907, 1904, 1873, 1697, 1694, 1687, 1582, 1547, 1546, 1404, 1332, 1305, 1296, 1277, 1231, 1199, 1184, 1128, 1098, 1094, 1068, 1022, 998, 934, 880, 851, 824, 806, 734, 665, 627, 624, 614, 600, 596, 590, 582, 564, 553, 529, 474, 458, 442, 429, 397, 370, 318, 294, 290, 283, 231, 219, 201, 200, 173, 172, 165, 162, 144, 141, 138, 132, 87, 86, 76, 73, 64, 62, 59, 54, 40, 38, 36, 32, 31, 30, 28, 26, 25, 24]",0.03922319981477194,0.07,0.4593259558148559,0.39863273154560874,0.23978411719352355,0.19999999999999996
"[6658, 5604, 5227, 4991, 4990, 2983, 2916, 2699, 2006, 1654, 564, 413, 214]",0.004212780736281546,0.88,0.276164183724093,0.35145433508664903,0.9617065021845284,0.19999999999999996
"[8453, 8237, 6706, 6687, 4483, 4482, 4481, 4480, 4478, 4469, 4094, 4038, 2591, 2250, 2102, 2056, 1907, 1904, 1873, 1697, 1694, 1687, 1585, 1582, 1556, 1404, 1332, 1305, 1296, 1277, 1231, 1199, 1184, 1128, 1098, 1094, 1068, 1043, 1022, 998, 934, 880, 851, 824, 806, 734, 665, 627, 624, 614, 600, 596, 590, 582, 564, 553, 474, 458, 442, 429, 370, 318, 315, 294, 290, 283, 231, 219, 201, 200, 173, 172, 165, 162, 144, 141, 138, 132, 87, 86, 76, 73, 64, 62, 59, 54, 40, 38, 36, 35, 32, 31, 30, 28]",0.038991664737207686,0.07,0.45282015425577815,0.39947122377132027,0.2670264713441275,0.19999999999999996
"[8487, 8463, 8441, 8427, 8376, 8243, 7916, 7514, 7347, 6981, 6976, 6967, 6954, 6920, 6848, 6715, 6708, 6647, 6362, 5974, 5947, 5684, 5452, 5444, 4925, 4914, 4834, 4650, 4640, 4487, 4485, 4484, 4481, 4480, 4478, 4448, 4437, 4272, 4203, 3920, 3900, 3646, 3512, 3506, 3491, 3417, 3287, 3209, 2916, 2878, 2820, 2796, 2787, 2776, 2591, 2401, 2316, 1894, 1875, 1873, 1822, 1798, 1795, 1712, 1585, 1414, 1379, 1332, 1330, 1321, 1307, 1296, 1274, 1199, 1188, 1068, 856, 851, 816, 772, 596, 354, 294, 290, 229, 222, 214, 171]",0.025169020606621902,0.13,0.39329442774467294,0.5865457388857025,0.7229503983551786,0.19999999999999996
"[4492, 1546, 374, 294]",0.0035216485297522577,0.97,0.23044987329452193,0.20398617933226149,0.9676175790285274,0.19999999999999996
"[8453, 5227, 4483, 4482, 4481, 4480, 4478, 4469, 4038, 3227, 2250, 2126, 2102, 1907, 1904, 1873, 1714, 1697, 1687, 1582, 1556, 1555, 1553, 1546, 1404, 1332, 1305, 1296, 1277, 1231, 1184, 1128, 1098, 1094, 1092, 1068, 1022, 998, 934, 880, 851, 824, 806, 736, 734, 665, 627, 624, 614, 600, 596, 590, 564, 553, 529, 474, 458, 442, 429, 370, 318, 294, 290, 283, 231, 219, 209, 201, 173, 172, 165, 162, 144, 141, 138, 87, 86, 76, 73, 64, 62, 59, 54, 40, 36, 35, 32, 31, 30, 28, 25, 22, 15, 13]",0.039811298911785135,0.07,0.4619321491693955,0.3982757761063511,0.2235929067077872,0.0
"[8467, 8465, 5227, 4487, 3227, 1821, 1790, 1556, 1555, 1553, 1546, 920, 736, 529, 252, 240, 231, 201, 173, 15, 13]",0.013507756425098404,0.8,0.33665073834234605,0.30132694710493835,0.8378308918015934,0.19999999999999996
"[8488, 8441, 8427, 8237, 8063, 8046, 7916, 7514, 6967, 6920, 6706, 6687, 6362, 5975, 5974, 5495, 5452, 5328, 4995, 4991, 4834, 4448, 4437, 4264, 3920, 3900, 3417, 3327, 3287, 2950, 2916, 2820, 2796, 2787, 2776, 2745, 2709, 2591, 2401, 2316, 1916, 1894, 1875, 1873, 1781, 1712, 1697, 1585, 1556, 1379, 1319, 1274, 1231, 1188, 1043, 856, 816, 772, 734, 600, 590, 291, 229, 222, 220, 214, 209, 208, 87, 86, 70]",0.020824264876128734,0.3,0.4697529704833472,0.6243054790462479,0.7761500899511693,0.19999999999999996
[294],0.0008775179439685113,1.0,0.14889936846065277,0.1674453888423022,0.9943459264970445,0.6
"[8330, 8117, 4492, 2028]",0.0020363510071775876,0.97,0.17309674319817747,0.23213530384621273,0.986378822924698,0.19999999999999996
"[8467, 8465, 8464, 8456, 7632, 5634, 5227, 3227, 2126, 2102, 1907, 1873, 1790, 1697, 1694, 1687, 1582, 1556, 1555, 1553, 1332, 1305, 1296, 1231, 1184, 1128, 1098, 1094, 1092, 1068, 1026, 817, 808, 736, 734, 665, 627, 624, 614, 600, 590, 564, 553, 529, 359, 318, 290, 283, 240, 231, 219, 209, 201, 173, 172, 165, 162, 144, 141, 138, 86, 76, 73, 64, 62, 59, 54, 40, 36, 35, 32, 31, 30, 28, 25, 22, 15]",0.03461449409585552,0.24,0.436130911641214,0.3800845755578314,0.3837059881778463,0.0
"[8586, 8453, 8128, 8061, 8046, 7514, 7145, 6027, 5495, 5083, 4995, 4991, 4990, 4483, 4482, 4481, 4480, 4478, 4469, 4448, 4094, 4083, 4038, 3705, 3417, 3026, 2951, 2250, 2126, 2056, 2035, 1907, 1904, 1894, 1873, 1697, 1694, 1687, 1627, 1404, 1379, 1354, 1332, 1305, 1296, 1277, 1231, 1199, 1184, 1128, 1098, 1094, 1022, 998, 934, 880, 851, 824, 806, 734, 665, 627, 624, 614, 600, 596, 590, 582, 474, 458, 442, 429, 370, 343, 318, 294, 290, 283, 231, 219, 201, 200, 173, 172, 165, 162, 144, 141, 138, 132, 87, 86, 76, 73]",0.03636605695762908,0.07,0.4451901157481398,0.49378535123223255,0.40735029555384217,0.0
"[8586, 8488, 8441, 8427, 8237, 8128, 8104, 8061, 8046, 7916, 7514, 7145, 7089, 7086, 6967, 6920, 6706, 6631, 6362, 6027, 5975, 5974, 5639, 5634, 5495, 5452, 5328, 5083, 4995, 4991, 4834, 4448, 4437, 4264, 4083, 3920, 3900, 3506, 3491, 3417, 3327, 3287, 3204, 3026, 2983, 2951, 2950, 2916, 2820, 2796, 2787, 2776, 2745, 2709, 2401, 2316, 2035, 2006, 1916, 1894, 1875, 1873, 1781, 1712, 1697, 1585, 1532, 1379, 1319, 1274, 1231, 1188, 935, 856, 816, 772, 734, 600, 583, 414, 291, 229, 222, 220, 214, 209, 208, 87, 86, 70]",0.023440611252604767,0.11,0.48151879391373875,0.6726740225699314,0.7676689796967361,0.19999999999999996
"[8554, 8302, 8104, 8087, 8013, 7924, 7789, 7751, 7654, 7650, 7526, 7278, 7135, 7028, 6920, 6774, 6647, 6579, 6362, 6070, 6035, 6010, 5996, 5977, 5739, 5704, 5584, 5516, 5029, 5020, 4707, 4197, 4072, 3567, 3550, 3533, 3491, 3449, 3440, 3287, 3227, 3204, 2983, 2958, 2783, 2776, 2468, 2316, 2180, 2159, 2045, 1961, 1900, 1697, 1687, 1627, 1534, 1514, 1231, 1184, 1094, 978, 935, 899, 882, 734, 627, 618, 614, 600, 590, 582, 474, 468, 446, 416, 414, 407, 402, 231, 219, 214, 208, 202, 192, 190, 171, 150, 132, 124, 97, 86, 75, 73, 62]",0.029690900671451727,0.06,0.4755080240057178,0.5521576735962452,0.634284245695194,0.0
"[8465, 8458, 6582, 4991, 4488, 4487, 4485, 4484, 4483, 4482, 4481, 4480, 4478, 4469, 2983, 2820, 2401, 2126, 2102, 2006, 1907, 1904, 1873, 1790, 1697, 1694, 1594, 1582, 1553, 1546, 1443, 1404, 1332, 1305, 1231, 1184, 1128, 1098, 1094, 1092, 1068, 1022, 920, 906, 904, 880, 851, 824, 806, 736, 734, 665, 627, 624, 614, 600, 596, 590, 564, 553, 442, 392, 386, 370, 318, 290, 240, 231, 219, 201, 173, 172, 165, 162, 144, 141, 138, 87, 86, 76, 73, 64, 62, 59, 54, 40, 36, 35, 32, 15, 13]",0.038600370456124106,0.1,0.4587359128877152,0.38700855987475147,0.2552043176561295,0.0
"[8487, 8441, 8427, 8376, 8372, 8243, 7916, 7347, 6981, 6976, 6967, 6954, 6920, 6715, 6647, 6362, 5947, 5684, 5624, 5452, 4936, 4925, 4914, 4834, 4650, 4640, 4491, 4488, 4487, 4485, 4484, 4470, 4469, 4272, 4203, 3920, 3900, 3512, 3491, 3327, 3287, 2878, 2820, 2796, 2787, 2776, 2353, 2316, 1907, 1798, 1795, 1707, 1443, 1414, 1332, 1330, 1326, 1324, 1321, 1307, 1274, 1199, 1188, 1068, 920, 904, 856, 824, 817, 816, 808, 772, 596, 429, 428, 413, 392, 318, 294, 229, 222, 173, 171, 132]",0.02664621440148182,0.17,0.41191521737140424,0.5716562507127834,0.6576715497301464,0.19999999999999996
"[8192, 7654, 6647, 5704, 4072, 3945, 3589, 3567, 3405, 3227, 2582, 2126, 2102, 2056, 2045, 1872, 1697, 1694, 1687, 1627, 1582, 1534, 1514, 1277, 1231, 1199, 1184, 1098, 1094, 1068, 851, 734, 732, 665, 627, 618, 600, 590, 588, 564, 553, 231, 219, 202, 192, 190, 173, 172, 171, 165, 162, 144, 141, 138, 132, 124, 97, 76, 75, 73, 67, 64, 62, 59, 54, 51, 49, 40, 15]",0.028299374855290577,0.32,0.471658191073811,0.4331718480005078,0.5255718324338217,0.0
"[8450, 8302, 8046, 7789, 7654, 7514, 7278, 6362, 5975, 5974, 5739, 5704, 5452, 5403, 5070, 4936, 4707, 4448, 4437, 4197, 4072, 3950, 3920, 3536, 3417, 3287, 2796, 2783, 2776, 2506, 2159, 1905, 1894, 1875, 1873, 1627, 1514, 1379, 614, 590, 343, 214, 208, 97]",0.011246816392683491,0.57,0.3343628690611985,0.5130943079745298,0.9023387304034952,0.19999999999999996
"[8554, 8451, 8450, 8104, 8087, 8013, 7654, 7650, 7526, 7135, 7028, 6647, 6579, 6070, 6035, 6010, 5996, 5977, 5584, 5516, 5029, 5020, 4131, 4072, 3567, 3550, 3533, 3491, 3449, 3440, 3227, 3204, 2983, 2958, 2821, 2468, 2180, 2045, 1961, 1900, 1697, 1687, 1556, 1553, 1534, 1514, 1231, 1184, 1094, 978, 935, 899, 882, 734, 627, 618, 588, 587, 582, 553, 474, 468, 446, 416, 414, 407, 402, 231, 219, 202, 192, 190, 171, 162, 150, 132, 124, 86, 73, 67, 62, 59, 54, 51, 49, 42, 38, 32, 30, 25, 16, 15, 14, 4]",0.032788840009261404,0.07,0.45011360124566335,0.5115580361217508,0.51272166538165,0.0
"[5227, 3227, 2126, 2102, 1697, 1694, 1687, 1582, 1556, 1555, 1553, 1546, 1184, 1128, 1098, 1092, 1068, 736, 734, 665, 627, 624, 614, 600, 596, 590, 564, 553, 529, 369, 231, 209, 201, 173, 172, 165, 162, 144, 141, 138, 87, 86, 76, 73, 64, 62, 59, 54, 40, 36, 35, 32, 31, 30, 28, 25, 22, 15, 13]",0.02825769854132901,0.42,0.4674912807276337,0.35178723302743165,0.49678745823695714,0.19999999999999996
"[8488, 8441, 8427, 8330, 8063, 8046, 7916, 7514, 6967, 6920, 6793, 6362, 5975, 5974, 5639, 5495, 5452, 5328, 4995, 4991, 4834, 4448, 4264, 3920, 3900, 3417, 3327, 3287, 2951, 2950, 2916, 2820, 2796, 2787, 2776, 2745, 2401, 2316, 1916, 1894, 1875, 1873, 1781, 1712, 1697, 1582, 1379, 1319, 1274, 1231, 1188, 1068, 895, 856, 816, 802, 772, 734, 600, 590, 553, 291, 229, 222, 220, 214, 209, 208, 162, 40, 38]",0.021875434128270435,0.3,0.463322812194249,0.6163640745042249,0.7607298894885633,0.19999999999999996
"[8330, 8063, 8046, 7514, 6991, 6793, 5975, 5495, 4995, 4991, 4448, 2950, 2946, 2916, 2401, 2048, 2028, 1916, 1894, 1873, 1379, 856, 1]",0.0064505672609400325,0.78,0.32106575594945497,0.44995765130883003,0.9403752248779234,0.19999999999999996
"[8330, 8302, 8061, 8046, 7924, 7789, 7654, 7514, 7278, 6793, 6774, 6274, 6133, 5739, 5639, 5495, 4990, 4707, 4595, 4448, 4197, 4083, 3567, 3417, 2916, 2783, 2159, 2028, 1905, 1894, 1514, 1379, 614, 97]",0.006987728640889095,0.67,0.3066348303408004,0.5245133976722676,0.9491133384734002,0.19999999999999996
"[8390, 6195, 1]",0.0014389905070618198,0.98,0.19910487164202362,0.20202586459194039,0.9879208429709586,0.6
"[8467, 8465, 8464, 8456, 5624, 5227, 4600, 4497, 4487, 4485, 4477, 4476, 4475, 4469, 4007, 3227, 3108, 2126, 2102, 2018, 1941, 1907, 1904, 1873, 1872, 1790, 1697, 1694, 1687, 1582, 1556, 1555, 1553, 1404, 1332, 1305, 1296, 1231, 1184, 1128, 1098, 1094, 1092, 1068, 920, 906, 880, 817, 808, 736, 665, 627, 624, 614, 600, 596, 590, 564, 553, 529, 458, 442, 407, 386, 359, 318, 290, 283, 254, 240, 231, 219, 209, 201, 173, 172, 165, 162, 144, 141, 138, 87, 86, 76, 73, 64, 62, 59, 54, 40, 36, 35, 32, 31, 30, 28, 25, 22, 15, 13]",0.040776800185228064,0.01,0.4455502597578519,0.3764129426175773,0.21845283988691855,0.19999999999999996
"[8487, 8441, 8427, 8372, 7916, 7741, 6967, 6954, 6920, 6706, 5684, 5649, 4925, 4914, 4834, 4203, 3900, 3327, 3287, 2878, 2820, 2796, 2787, 2776, 2353, 2316, 2102, 1795, 1707, 1332, 1330, 1326, 1324, 1307, 1274, 1199, 1188, 1094, 1092, 1068, 1026, 824, 817, 816, 808, 772, 600, 596, 564, 553, 413, 318, 294, 229, 222, 173, 132, 64, 40, 35, 30]",0.023416300069460525,0.4,0.41877773412578845,0.5763682012557299,0.7208943716268312,0.0
"[8467, 8465, 8464, 8456, 5624, 5227, 4600, 4497, 4487, 4485, 4477, 4476, 4475, 4469, 3491, 3227, 2126, 2102, 2018, 1941, 1907, 1904, 1873, 1872, 1798, 1790, 1697, 1694, 1687, 1582, 1556, 1555, 1553, 1404, 1332, 1305, 1296, 1231, 1188, 1184, 1128, 1098, 1094, 1092, 1068, 920, 906, 880, 817, 808, 736, 734, 665, 627, 624, 614, 600, 596, 590, 564, 553, 529, 458, 442, 407, 386, 359, 318, 290, 283, 240, 231, 219, 209, 201, 173, 172, 165, 162, 144, 141, 138, 87, 86, 76, 73, 64, 62, 59, 54, 40, 36, 35, 32, 31, 30, 25, 22]",0.04045033572586247,0.03,0.4475389116309537,0.37456013375009656,0.2349010537136983,0.19999999999999996
"[8330, 8302, 7789, 7278, 6793, 5639, 4469, 3608, 3287, 2951, 2250, 2159, 2126, 2102, 1907, 1904, 1582, 1332, 1277, 1199, 1128, 1098, 1094, 1092, 1068, 851, 824, 806, 802, 738, 736, 627, 624, 614, 600, 596, 590, 582, 564, 553, 370, 318, 294, 219, 214, 208, 200, 162, 87, 86, 76, 73, 64, 62, 59, 54, 38, 36]",0.026427413753183606,0.43,0.4418398417675652,0.45740111123340343,0.6026728347468517,0.0
"[8441, 8427, 7916, 7789, 7741, 6920, 6362, 5739, 5684, 5639, 5634, 4834, 4203, 3327, 3287, 3204, 2820, 2796, 2776, 2745, 2102, 1795, 1712, 1274, 1094, 1092, 1068, 1026, 772, 614, 600, 596, 564, 553, 229, 132, 64]",0.012235471173882843,0.64,0.39520500781302315,0.4773929972839832,0.8658442559753277,0.19999999999999996
"[8453, 8441, 7916, 7095, 6579, 5974, 5227, 4483, 4203, 3327, 2796, 2479, 2102, 2024, 1873, 1819, 1697, 1582, 1556, 1555, 1553, 1274, 1092, 1068, 1022, 564, 553, 495, 433, 214, 162, 141, 64, 62, 59, 54, 40, 36, 35, 32, 31, 30, 28, 26, 22, 15]",0.0225272053716138,0.55,0.39203819391356165,0.40913827597840124,0.6915959907478797,0.19999999999999996
"[7196, 4567, 2983, 2916, 2054, 1546, 1026, 413, 26, 14, 2]",0.006852280620514008,0.9,0.34161589607030807,0.28981151386202597,0.9208429709586224,0.19999999999999996
"[8586, 8498, 8487, 8441, 8427, 8302, 8128, 8061, 8046, 7916, 7789, 7654, 7514, 6981, 6976, 6967, 6920, 6647, 6631, 6362, 6027, 5975, 5974, 5739, 5704, 5495, 5452, 5083, 5070, 4995, 4991, 4936, 4834, 4707, 4448, 4437, 4197, 4083, 4072, 3920, 3900, 3536, 3506, 3417, 3327, 3287, 3026, 2983, 2950, 2916, 2878, 2820, 2796, 2787, 2783, 2776, 2745, 2507, 2506, 2401, 2316, 2035, 2006, 1916, 1894, 1875, 1873, 1797, 1795, 1712, 1627, 1532, 1514, 1379, 1354, 1307, 1274, 856, 816, 776, 772, 614, 590, 343, 229, 214, 208, 97, 75]",0.020285945820791847,0.12,0.45743876025177,0.7003700689876722,0.8278077615008995,0.19999999999999996
[4497],0.0013741606853438296,1.0,0.1464596470099394,0.1674453888423022,0.9920328964276536,0.4
"[8467, 8465, 8464, 8456, 8390, 7882, 6195, 1907, 1873, 1872, 1790, 1332, 1305, 1296, 1231, 817, 808, 736, 734, 359, 318, 290, 283, 240, 231, 209, 201, 173, 172, 165, 162, 1]",0.017478583005325305,0.69,0.34947109628001827,0.3180509386869903,0.7825751734772552,0.0
"[8488, 8467, 6981, 6976, 6967, 6920, 6658, 4936, 4072, 3900, 2878, 2316, 2061, 1319, 1307, 816, 291, 75]",0.004656170409817087,0.83,0.26409472151972035,0.3700778102120741,0.9624775122076586,0.19999999999999996
"[5975, 4309]",0.00027089604075017365,0.99,0.030630914294913825,0.19325722877575824,0.9992289899768697,1.0
"[8318, 6862, 5227, 4304, 3281, 3227, 2126, 2102, 1697, 1694, 1687, 1582, 1556, 1555, 1553, 1546, 1184, 1128, 1098, 1094, 1092, 1068, 665, 627, 614, 600, 596, 590, 570, 553, 529, 162, 139, 138, 87, 86, 76, 73, 64, 62, 59, 54, 40, 36, 35, 32, 31, 30, 28, 25, 15, 13]",0.025416763139615654,0.49,0.4610706282031063,0.39233553461091597,0.5815985607812901,0.19999999999999996
"[8330, 6793, 5639, 4995, 2951, 2028, 736, 734, 231, 209, 201, 196, 173, 172, 165, 138]",0.0075526742301458664,0.85,0.3240082863175172,0.33497001113662084,0.9182729375481882,0.19999999999999996
"[8590, 8488, 8487, 8467, 8413, 8302, 8178, 8104, 8061, 8046, 7924, 7789, 7654, 7514, 7278, 6981, 6976, 6967, 6920, 6774, 6647, 6362, 6274, 6133, 5975, 5974, 5739, 5495, 5452, 5070, 4991, 4990, 4936, 4707, 4448, 4437, 4197, 4083, 4072, 3950, 3920, 3900, 3567, 3536, 3506, 3491, 3417, 3287, 2983, 2916, 2878, 2783, 2776, 2699, 2506, 2401, 2316, 2159, 2006, 1905, 1894, 1875, 1873, 1627, 1514, 1379, 1319, 1307, 935, 856, 816, 614, 414, 413, 343, 291, 214, 208, 97]",0.017292197267886084,0.22,0.3830355924464164,0.5926758278573374,0.8560781290156771,0.19999999999999996
"[8586, 8498, 8487, 8467, 8441, 8427, 8128, 8061, 7916, 7789, 7654, 7541, 7514, 7145, 6981, 6976, 6967, 6920, 6647, 6631, 6362, 6027, 5975, 5739, 5495, 5083, 4995, 4991, 4834, 4707, 4665, 4448, 4197, 4083, 4072, 3900, 3506, 3417, 3327, 3287, 3026, 2983, 2950, 2916, 2878, 2820, 2796, 2787, 2783, 2776, 2745, 2507, 2401, 2316, 2035, 2006, 1916, 1894, 1795, 1712, 1627, 1532, 1514, 1379, 1354, 1307, 1274, 856, 816, 772, 614, 343, 229, 214, 97]",0.015975920351933317,0.26,0.38061487545388173,0.6444592175421446,0.8712413261372398,0.19999999999999996
"[6981, 6976, 6647, 5624, 5452, 5227, 4936, 4491, 4488, 4487, 4485, 4484, 4470, 4469, 3920, 3512, 3491, 3227, 2878, 2820, 2102, 1907, 1795, 1697, 1694, 1687, 1582, 1443, 1414, 1231, 1184, 1128, 1098, 1094, 1092, 1068, 920, 904, 882, 856, 808, 772, 736, 734, 665, 627, 624, 614, 600, 596, 590, 564, 553, 429, 428, 413, 392, 318, 231, 229, 209, 201, 173, 172, 165, 162, 144, 141, 138, 87, 76, 73, 64, 62, 59, 54, 40, 36, 35, 32, 31, 30, 28, 25]",0.03488654781199352,0.17,0.44612817968265306,0.42805866827498773,0.39886918529940885,0.0
"[7326, 5227, 1556, 1555, 1546, 553, 529, 40, 36, 35, 32, 31, 30, 28, 25, 22, 15, 13]",0.01164158369993054,0.83,0.3837600826176992,0.26292176727934236,0.8445129786687227,0.19999999999999996
"[8458, 6112, 4488, 4484, 4483, 4482, 4481, 4480, 4478, 3227, 2699, 2126, 2102, 2048, 1790, 1697, 1694, 1687, 1582, 1547, 1414, 1305, 1296, 1231, 1184, 1128, 1098, 1094, 1092, 1068, 904, 851, 824, 806, 736, 734, 665, 627, 624, 614, 600, 596, 590, 564, 553, 529, 370, 294, 290, 283, 240, 231, 219, 209, 201, 165, 162, 144, 138, 132, 87, 86, 76, 73, 64, 62, 59, 54, 40, 38, 36, 35, 32, 31, 30, 28, 26, 25, 24, 1]",0.03443273905996758,0.21,0.43982393763628747,0.3766946638944817,0.35569262400411206,0.19999999999999996
"[8467, 8465, 5227, 4487, 3227, 1821, 1795, 1556, 1555, 1553, 1459, 920, 736, 529, 252, 240, 231, 201, 173, 15, 13]",0.013216022227367445,0.8,0.3348118920776407,0.2996043492557705,0.8457979953739398,0.19999999999999996
"[8488, 8467, 8302, 8061, 8046, 7924, 7789, 7654, 7514, 7278, 6981, 6976, 6967, 6920, 6774, 6362, 6133, 5975, 5974, 5739, 5452, 5333, 4990, 4936, 4707, 4448, 4437, 4197, 4072, 3920, 3900, 3567, 3417, 3287, 2916, 2878, 2783, 2776, 2401, 2316, 2159, 1917, 1905, 1894, 1875, 1873, 1627, 1562, 1514, 1454, 1379, 1319, 1307, 856, 816, 614, 590, 343, 291, 214, 208, 97, 75]",0.0151470247742533,0.38,0.3736404454029031,0.593052015837993,0.8689282960678488,0.19999999999999996
"[8586, 8488, 8330, 8128, 8104, 8061, 8046, 7943, 7514, 7145, 7089, 6967, 6954, 6920, 6793, 6731, 6631, 6458, 6358, 6027, 5975, 5974, 5495, 5452, 5083, 4995, 4991, 4990, 4488, 4487, 4485, 4484, 4448, 4437, 4083, 3920, 3900, 3491, 3417, 3026, 2950, 2916, 2820, 2401, 2336, 2316, 2035, 2028, 2016, 1916, 1907, 1894, 1875, 1873, 1836, 1532, 1443, 1414, 1379, 1330, 1319, 935, 904, 857, 816, 485, 414, 392, 318, 294, 291]",0.018519333178976614,0.3,0.3721563638141592,0.5645961142419125,0.8141865844255975,0.19999999999999996
"[4208, 1002]",0.0004908543644362121,0.99,0.09422052005024628,0.19254596717740435,0.9969159599074788,0.8
"[8574, 8494, 8488, 8467, 8302, 8061, 8046, 7789, 7654, 7563, 7526, 7514, 7278, 7122, 7107, 7101, 7095, 7072, 6981, 6976, 6967, 6920, 6658, 6579, 6536, 6013, 5989, 5975, 5974, 5739, 5498, 5452, 5078, 4936, 4707, 4451, 4448, 4437, 4197, 4072, 4028, 3920, 3900, 3454, 3419, 3417, 3287, 3037, 2972, 2916, 2878, 2822, 2783, 2776, 2479, 2401, 2384, 2362, 2316, 2159, 2019, 1953, 1905, 1894, 1875, 1873, 1627, 1532, 1454, 1450, 1421, 1379, 1319, 1307, 856, 816, 673, 614, 590, 495, 446, 433, 429, 385, 343, 291, 231, 224, 214, 208, 97, 75]",0.022992590877517944,0.09,0.4366050742110156,0.6378690329451167,0.7856592135697764,0.19999999999999996
"[8376, 8046, 7789, 7654, 7514, 7347, 7278, 6362, 6309, 5975, 5974, 5739, 5704, 5684, 5639, 5634, 4995, 4707, 4448, 4437, 4197, 4072, 3950, 3536, 3417, 3270, 3204, 2951, 2796, 2783, 2776, 2159, 1905, 1894, 1875, 1873, 1836, 1627, 1514, 1379, 614, 343, 214, 97]",0.009745311414679325,0.57,0.37210680550543473,0.5085049809981634,0.9126188640452326,0.19999999999999996
"[8487, 6920, 5639, 5634, 3204, 2820, 2316, 1795, 1307, 1026, 772, 171, 128, 19]",0.004190784903912943,0.87,0.2877050784511276,0.35217029661860355,0.9658185556412233,0.19999999999999996
"[8330, 6991, 6793, 5268, 4665, 3327, 2048, 2028, 1]",0.002978698772864089,0.92,0.23971169505331003,0.2833683812685853,0.9763556926240041,0.4
"[8554, 8451, 8450, 8087, 8013, 7526, 7028, 6035, 6010, 5996, 5516, 5029, 5020, 4131, 3491, 3449, 3440, 3227, 3204, 2958, 2821, 2468, 2180, 1900, 1697, 1687, 1556, 1553, 1231, 1184, 1094, 935, 899, 882, 734, 627, 618, 588, 587, 582, 553, 416, 414, 407, 402, 231, 219, 202, 192, 190, 171, 162, 150, 132, 124, 86, 73, 67, 62, 59, 54, 51, 49, 42, 38, 32, 30, 25, 16, 15, 14, 4]",0.02881222505209539,0.29,0.43692478393444945,0.4604265352827689,0.5597532767925983,0.19999999999999996
"[8453, 8376, 8303, 7347, 6715, 6309, 6143, 5947, 5684, 5639, 5634, 4995, 3227, 3204, 2951, 2250, 2239, 2126, 2102, 1836, 1697, 1694, 1687, 1582, 1277, 1231, 1199, 1184, 1128, 1098, 1094, 1092, 1068, 806, 627, 624, 614, 600, 596, 590, 564, 553, 294, 290, 219, 201, 200, 173, 172, 165, 162, 144, 141, 138, 132, 87, 86, 77, 76, 73, 64, 62, 59, 54, 40, 36]",0.028321370687659178,0.35,0.4592923680210178,0.4761331567830135,0.551272166538165,0.0
"[5227, 3227, 2126, 2102, 1697, 1694, 1687, 1582, 1556, 1555, 1553, 1546, 1184, 1128, 1098, 1092, 1068, 665, 627, 624, 614, 596, 590, 564, 553, 529, 503, 369, 162, 144, 141, 87, 86, 76, 73, 64, 62, 59, 54, 40, 36, 35, 32, 31, 30, 28, 25, 22, 15, 13]",0.025431812919657328,0.51,0.4531655825578891,0.3458485664489811,0.5754304805962478,0.19999999999999996
"[3327, 1697, 1582, 1556, 1555, 1553, 1546, 1274, 1068, 772, 564, 553, 214, 141, 138, 40, 36, 35, 32, 31, 30, 28, 15, 13]",0.015222273674461682,0.77,0.40648590875068524,0.31124687729143485,0.7933693138010794,0.19999999999999996
"[2028, 15, 13]",0.002702014355174809,0.98,0.25620545542458695,0.19023533178962726,0.969159599074788,0.19999999999999996
"[8586, 8498, 8487, 8441, 8427, 8128, 8061, 8046, 7916, 7789, 7654, 7514, 7145, 6981, 6976, 6967, 6920, 6647, 6631, 6362, 6027, 5975, 5739, 5495, 5083, 4995, 4991, 4834, 4707, 4448, 4197, 4083, 4072, 3900, 3506, 3417, 3287, 3026, 2983, 2950, 2916, 2878, 2820, 2796, 2787, 2783, 2776, 2745, 2507, 2401, 2316, 2035, 2006, 1925, 1916, 1894, 1797, 1795, 1712, 1627, 1532, 1514, 1379, 1354, 1307, 1274, 856, 816, 772, 614, 343, 229, 214, 97]",0.015465385505904145,0.27,0.41223505380464975,0.6449590694647542,0.882035466461064,0.19999999999999996
"[8554, 8302, 8087, 8013, 7924, 7789, 7526, 7278, 7028, 6920, 6774, 6362, 6035, 6010, 5996, 5977, 5739, 5704, 5516, 5029, 5020, 4707, 4483, 4482, 4481, 4480, 4197, 3491, 3449, 3440, 3287, 3227, 3204, 2958, 2783, 2776, 2468, 2316, 2180, 2159, 1900, 1873, 1714, 1697, 1687, 1627, 1404, 1305, 1296, 1231, 1184, 1094, 899, 882, 851, 824, 734, 665, 627, 618, 614, 600, 582, 474, 416, 414, 407, 402, 318, 283, 231, 219, 214, 208, 202, 192, 190, 173, 172, 171, 165, 162, 150, 144, 141, 138, 132, 124, 97, 86, 75, 73, 62]",0.03332600138921046,0.08,0.43225302694585577,0.5094628528278635,0.5191467489077358,0.19999999999999996
"[6991, 6403, 5639, 5634, 4995, 3204, 2028]",0.0013764760361194722,0.94,0.16457653444042353,0.28791660206211667,0.9886918529940889,0.6
"[5227, 5191, 4991, 4990, 2983, 2916, 2781, 2250, 2126, 2102, 2006, 1747, 1654, 1582, 1546, 1277, 1231, 1199, 1128, 1098, 1094, 1092, 734, 627, 614, 600, 596, 590, 582, 564, 413, 290, 231, 219, 200, 173, 172, 87, 86, 76, 73, 70, 64, 62, 59, 54]",0.022330400555684183,0.55,0.4510788276755885,0.39263199444173036,0.6684656900539707,0.19999999999999996
"[8467, 8465, 8464, 8456, 8128, 7326, 7275, 7145, 7089, 6631, 5227, 5083, 4083, 3506, 3227, 3026, 2126, 2102, 2028, 2026, 2006, 1873, 1790, 1697, 1694, 1687, 1582, 1556, 1546, 1532, 1305, 1296, 1231, 1184, 1128, 1098, 1094, 1092, 1068, 978, 880, 869, 808, 736, 734, 665, 627, 624, 614, 600, 596, 590, 564, 553, 529, 458, 290, 283, 240, 231, 209, 201, 173, 172, 165, 162, 144, 141, 138, 87, 86, 76, 73, 64, 62, 59, 54, 40, 36, 35, 32, 31, 30, 28, 25, 22, 15, 13]",0.03659990738596897,0.13,0.44641463433862716,0.4482315817989073,0.3621177075301979,0.19999999999999996
"[8330, 8302, 8061, 8046, 7924, 7789, 7654, 7514, 7278, 6793, 6774, 6274, 6133, 5739, 5495, 4990, 4707, 4595, 4448, 4197, 4083, 3567, 3417, 2916, 2783, 2159, 2028, 1907, 1905, 1894, 1873, 1872, 1514, 1379, 1332, 817, 808, 614, 359, 318, 97]",0.011494558925677242,0.6,0.386253895955455,0.5175568195739435,0.8846054998714983,0.19999999999999996
"[4483, 2126, 2102, 2054, 1582, 1546, 1098, 1094, 1092, 1068, 734, 596, 590, 582, 564, 553, 529, 173, 162, 155, 87, 86, 76, 73, 64, 62, 59, 54, 40, 38, 36, 35, 32, 31, 30, 28, 26, 25, 24]",0.022340819634174575,0.62,0.4119031485091318,0.3482113331528901,0.6427653559496274,0.19999999999999996
"[8586, 8498, 8128, 8061, 8046, 7654, 7514, 7145, 6981, 6976, 6967, 6647, 6631, 6027, 5974, 5495, 5452, 5083, 4995, 4991, 4936, 4448, 4083, 4072, 3920, 3900, 3645, 3506, 3417, 3026, 2983, 2951, 2950, 2916, 2878, 2507, 2401, 2126, 2102, 2035, 2006, 1916, 1894, 1875, 1582, 1556, 1555, 1553, 1546, 1532, 1514, 1379, 1354, 1098, 1094, 1092, 1068, 991, 856, 616, 590, 564, 553, 162, 86, 76, 73, 64, 62, 59, 54, 40, 36, 35, 32, 31, 30, 28, 25, 22, 15, 13]",0.027899976846492244,0.19,0.47585678201189874,0.5827992212289419,0.6224620920071962,0.0
"[8467, 8465, 5227, 4497, 4487, 3227, 1821, 1790, 1556, 1555, 1553, 920, 736, 529, 252, 240, 231, 173, 15, 13]",0.013052789997684649,0.81,0.31934141840272734,0.29467003656907664,0.8506810588537651,0.19999999999999996
"[8574, 8494, 8370, 8302, 7789, 7526, 7278, 7122, 7107, 7101, 7095, 7072, 6658, 6579, 6536, 6349, 6013, 5989, 5739, 5498, 5208, 5078, 4707, 4451, 4216, 4197, 4028, 3454, 3419, 3287, 3227, 3037, 2972, 2783, 2776, 2479, 2384, 2362, 2159, 2126, 2019, 1953, 1905, 1707, 1697, 1687, 1627, 1532, 1454, 1450, 1421, 1277, 1199, 1184, 1098, 1068, 713, 673, 627, 618, 614, 600, 596, 590, 588, 582, 495, 446, 433, 429, 385, 231, 224, 220, 214, 209, 208, 190, 171, 162, 155, 144, 141, 138, 124, 97, 86, 80, 77, 76, 75, 64, 15]",0.03092498263486918,0.08,0.4894374805788615,0.5775637782113898,0.5700334104343356,0.0
"[8586, 8498, 8487, 8467, 8441, 8427, 8302, 8128, 8061, 8046, 7916, 7789, 7741, 7654, 7514, 7145, 6981, 6976, 6967, 6920, 6647, 6631, 6362, 6027, 5974, 5739, 5704, 5684, 5495, 5452, 5083, 4995, 4991, 4936, 4834, 4448, 4203, 4083, 4072, 3920, 3900, 3506, 3417, 3327, 3287, 3204, 3026, 2950, 2916, 2878, 2820, 2796, 2787, 2776, 2745, 2507, 2401, 2316, 2102, 2035, 2006, 1916, 1894, 1875, 1795, 1712, 1532, 1514, 1379, 1354, 1307, 1274, 1094, 1092, 1068, 991, 856, 816, 772, 614, 600, 596, 564, 553, 229, 132, 64]",0.02111715674924751,0.14,0.4234833129539399,0.6855305001238932,0.8000514006682087,0.19999999999999996
"[8453, 3405, 3227, 2102, 1872, 1697, 1687, 1627, 1582, 1556, 1555, 1553, 1546, 1277, 1231, 1184, 1146, 1098, 1094, 1092, 1068, 851, 806, 734, 732, 627, 624, 614, 600, 596, 590, 588, 564, 553, 529, 219, 202, 132, 87, 75, 73, 64, 62, 59, 54, 36, 35, 32, 31, 30, 28, 25, 22, 15, 13]",0.027213475341514238,0.46,0.4401507964266187,0.37664600852951347,0.5499871498329478,0.19999999999999996
"[8467, 8441, 8427, 8376, 7916, 7789, 7741, 6967, 6848, 6715, 6708, 6647, 6362, 5947, 5739, 5684, 5444, 4925, 4834, 4478, 4203, 3900, 3646, 3512, 3506, 3327, 3287, 3227, 2916, 2878, 2796, 2787, 2776, 2219, 2102, 1873, 1556, 1555, 1553, 1274, 1094, 1092, 1068, 998, 816, 784, 614, 600, 596, 564, 553, 529, 229, 222, 214, 173, 64, 40, 36, 35, 32, 31, 30, 28, 25, 22, 15]",0.025672609400324148,0.34,0.40785821537609035,0.5051125183617743,0.6815728604471858,0.19999999999999996
"[8498, 8487, 8441, 8427, 8376, 7916, 7789, 7741, 6967, 6920, 6848, 6715, 6708, 6647, 6362, 5947, 5739, 5684, 5639, 5634, 5444, 5229, 4995, 4925, 4834, 4478, 4203, 3900, 3646, 3512, 3506, 3327, 3287, 3204, 2951, 2916, 2878, 2820, 2796, 2787, 2776, 2745, 2316, 2219, 2102, 1873, 1712, 1585, 1307, 1274, 1094, 1092, 1068, 998, 816, 614, 600, 596, 564, 553, 229, 214, 171, 132, 64, 19]",0.019431581384579764,0.35,0.3767021842195838,0.5751559272653279,0.8087895142636854,0.19999999999999996
"[8487, 8441, 8427, 8372, 8061, 7916, 7741, 6967, 6954, 6920, 6774, 6706, 6133, 5684, 5649, 4990, 4914, 4834, 4203, 3900, 3327, 3287, 2878, 2855, 2820, 2796, 2787, 2776, 2353, 2316, 2102, 1917, 1795, 1707, 1562, 1332, 1330, 1326, 1324, 1307, 1274, 1199, 1094, 1092, 1068, 1026, 817, 816, 808, 772, 600, 596, 564, 553, 294, 229, 222, 173, 132, 64, 40, 35, 30]",0.022718221810604306,0.38,0.43423583061464377,0.6083513551547054,0.7455666923670008,0.0
"[8467, 8465, 8464, 8456, 5227, 3227, 2126, 1790, 1697, 1694, 1687, 1582, 1556, 1555, 1553, 1546, 1305, 1296, 1231, 1184, 1128, 1098, 1094, 1092, 1068, 736, 734, 665, 627, 624, 614, 600, 590, 564, 553, 529, 290, 283, 240, 231, 219, 209, 201, 173, 172, 165, 162, 144, 141, 138, 86, 76, 73, 64, 62, 59, 54, 40, 36, 35, 32, 31, 30, 28, 25, 22, 15, 13]",0.032258624681639265,0.33,0.43028889708172935,0.3555809442318728,0.4335646363402724,0.0
"[8463, 8451, 8446, 6967, 6658, 5452, 4348, 3900, 3227, 2250, 1663, 1305, 1231, 1128, 1073, 816, 618, 529, 527, 219, 214, 200, 192, 141, 138, 86, 76, 70, 58, 40, 38, 25, 22, 15, 13, 2]",0.019470942347765686,0.65,0.368812345744034,0.3469638290686262,0.7370855821125675,0.19999999999999996
"[8488, 8467, 6967, 6920, 6658, 6274, 4488, 4487, 4485, 4484, 4483, 4482, 4481, 4480, 4478, 4469, 4072, 3900, 3227, 2316, 2250, 2126, 2102, 2061, 1907, 1904, 1873, 1869, 1697, 1694, 1687, 1582, 1443, 1414, 1404, 1332, 1319, 1307, 1305, 1296, 1277, 1231, 1199, 1184, 1128, 1098, 1094, 1092, 1068, 1022, 920, 904, 880, 851, 824, 816, 806, 790, 734, 665, 627, 624, 614, 600, 596, 590, 582, 564, 553, 442, 429, 392, 370, 318, 294, 291, 290, 283, 231, 219, 201, 200, 173, 172, 165, 162, 144, 141, 138, 132, 87, 86, 76, 73, 64, 62, 59, 54, 40, 38]",0.039703635100717755,0.01,0.46731144042490846,0.4188993064499693,0.2431251606270881,0.0
"[8051, 7219, 6097, 5634, 3204, 3089, 3056, 2682, 1941, 1795, 1026, 772]",0.0028108358416300072,0.89,0.2608389684475856,0.3376746655600007,0.9714726291441789,0.4
"[8498, 8488, 8487, 8467, 8330, 8302, 7789, 7278, 6981, 6976, 6967, 6920, 6793, 6774, 6439, 5975, 5639, 5452, 4936, 4488, 4487, 4485, 4484, 4483, 4482, 4481, 4480, 4478, 4469, 4437, 4072, 3920, 3900, 3417, 3287, 2878, 2783, 2316, 2159, 2102, 1907, 1904, 1875, 1873, 1582, 1454, 1443, 1414, 1404, 1332, 1319, 1307, 1305, 1296, 1277, 1098, 1094, 1092, 1068, 1022, 920, 904, 880, 856, 851, 824, 816, 806, 802, 790, 738, 734, 590, 582, 564, 553, 442, 429, 392, 370, 343, 318, 294, 291, 290, 283, 231, 219, 214, 208, 162, 76, 73, 62, 59, 54, 40, 38]",0.0347383653623524,0.03,0.4447985050474922,0.498044221893135,0.44281675661783604,0.19999999999999996
"[8330, 8063, 8046, 6793, 5639, 5495, 4995, 4991, 2950, 2028, 1916]",0.0019252141699467467,0.9,0.1805384075408143,0.3285144393177063,0.9856078129015677,0.6
"[2807, 1443, 1022, 920, 442, 392]",0.004007872192637184,0.95,0.30744451753235724,0.25010662829793784,0.9511693652017477,0.19999999999999996
"[8488, 8467, 8302, 8046, 7924, 7789, 7654, 7514, 7278, 6981, 6976, 6967, 6920, 6362, 6006, 5975, 5974, 5739, 5452, 5333, 4936, 4925, 4707, 4448, 4437, 4197, 4072, 3920, 3900, 3567, 3417, 3287, 2916, 2878, 2783, 2776, 2401, 2316, 2159, 1905, 1875, 1873, 1627, 1514, 1454, 1379, 1319, 1307, 856, 824, 816, 614, 590, 413, 343, 318, 291, 214, 208, 97, 75]",0.016816392683491548,0.4,0.37065666317971757,0.5380354697556431,0.8465690053970701,0.19999999999999996
"[8330, 6793, 4995, 2030]",0.0009481361426256078,0.97,0.14973882139221117,0.23476604495966324,0.990490876381393,0.6
"[8458, 6582, 4895, 4736, 4488, 4487, 4485, 4484, 4483, 4482, 4481, 4480, 4478, 4469, 4208, 2126, 2102, 1907, 1904, 1873, 1790, 1697, 1694, 1687, 1582, 1443, 1414, 1404, 1332, 1305, 1296, 1231, 1184, 1128, 1098, 1094, 1092, 1068, 1022, 1002, 920, 904, 880, 851, 824, 806, 736, 734, 665, 627, 624, 614, 600, 596, 590, 564, 553, 529, 442, 392, 370, 318, 290, 283, 240, 231, 219, 209, 201, 173, 172, 165, 162, 144, 141, 87, 86, 76, 73, 64, 62, 59, 54, 40, 38, 36, 35, 32, 31, 30, 28, 26, 25, 24]",0.03899050706181987,0.07,0.4670146845266452,0.38274678913817795,0.2336160370084811,0.0
"[8586, 8498, 8487, 8441, 8427, 8128, 8061, 8046, 7916, 7789, 7654, 7514, 7145, 6981, 6976, 6967, 6920, 6647, 6631, 6362, 6027, 5975, 5974, 5739, 5639, 5634, 5495, 5452, 5083, 5070, 4995, 4991, 4936, 4834, 4707, 4448, 4437, 4197, 4083, 4072, 3920, 3900, 3756, 3536, 3506, 3417, 3327, 3287, 3026, 2983, 2950, 2916, 2878, 2820, 2796, 2787, 2783, 2776, 2745, 2507, 2506, 2401, 2316, 2035, 2006, 1916, 1894, 1875, 1873, 1795, 1712, 1627, 1532, 1514, 1379, 1354, 1307, 1274, 1026, 856, 816, 772, 614, 590, 343, 229, 214, 208, 97, 75]",0.020383190553368836,0.11,0.45173356556422906,0.6763122684055942,0.8216396813158571,0.19999999999999996
"[7798, 1546, 294]",0.00174345913405881,0.98,0.2282263026826441,0.21383274480615955,0.9804677460806991,0.4
"[8586, 8488, 8441, 8427, 8237, 8128, 8117, 8104, 8061, 8046, 7916, 7514, 7145, 7089, 7086, 6967, 6920, 6706, 6631, 6362, 6027, 5975, 5974, 5639, 5495, 5452, 5328, 5083, 4834, 4492, 4448, 4437, 4264, 4083, 3920, 3900, 3506, 3491, 3417, 3394, 3327, 3287, 3204, 3026, 2983, 2951, 2950, 2916, 2820, 2796, 2787, 2776, 2745, 2709, 2401, 2316, 2035, 2006, 1916, 1894, 1875, 1873, 1781, 1712, 1697, 1585, 1532, 1379, 1319, 1274, 1231, 1188, 935, 856, 816, 772, 734, 600, 583, 414, 291, 229, 222, 220, 214, 209, 208, 87, 86, 70]",0.024247510997916184,0.11,0.4356440495293854,0.7053401401374804,0.7635569262400411,0.19999999999999996
"[5191, 2983, 2799, 2250, 2126, 2102, 1582, 1546, 1231, 1199, 1098, 1094, 1092, 590, 582, 564, 413, 290, 231, 200, 173, 172, 73, 70, 64, 62, 59, 54]",0.015633248437138224,0.73,0.41406938581267316,0.32915048665313174,0.7715240298123875,0.19999999999999996
"[6658, 2126, 2102, 2061, 1582, 1277, 1128, 1094, 1092, 1068, 734, 627, 614, 600, 596, 590, 582, 564, 553, 231, 132, 87, 86, 76, 73, 64, 62, 59, 54, 40, 38]",0.01837578143088678,0.7,0.4277570132445979,0.3293178615106864,0.7278334618350039,0.19999999999999996
"[8586, 8498, 8487, 8441, 8427, 8128, 7916, 7514, 6981, 6976, 6967, 6920, 6631, 6362, 6027, 5975, 5495, 5083, 4995, 4834, 4707, 4448, 4197, 3900, 3506, 3417, 3287, 3026, 2983, 2950, 2916, 2878, 2820, 2787, 2783, 2776, 2745, 2507, 2401, 2316, 2006, 1894, 1797, 1795, 1712, 1627, 1532, 1379, 1354, 1307, 1252, 856, 816, 772, 614, 343, 229, 214, 97]",0.012707802732113915,0.42,0.403260150363285,0.6046750220016315,0.89745566692367,0.19999999999999996
"[8467, 8465, 8464, 8456, 6112, 5227, 4488, 4484, 3227, 2126, 2102, 1873, 1872, 1790, 1697, 1694, 1687, 1582, 1556, 1555, 1553, 1546, 1414, 1332, 1305, 1296, 1231, 1184, 1128, 1098, 1094, 1092, 1068, 904, 817, 808, 736, 734, 665, 627, 624, 614, 600, 590, 564, 553, 529, 397, 318, 290, 283, 240, 231, 219, 209, 201, 173, 172, 165, 162, 144, 141, 138, 86, 76, 73, 64, 62, 59, 54, 40, 36, 35, 32, 31, 30, 28, 25, 22, 15, 13]",0.03677471636952999,0.2,0.43656009983894717,0.3740075524545863,0.3392444101773323,0.0
"[5975, 1981]",0.0003056263023848113,0.99,0.06939177644117567,0.19249929953969802,0.9979439732716525,1.0
"[8586, 8498, 8487, 8441, 8427, 8128, 8061, 7916, 7789, 7654, 7541, 7514, 7145, 6981, 6976, 6967, 6920, 6647, 6631, 6362, 6027, 5975, 5739, 5639, 5495, 5083, 4995, 4991, 4834, 4707, 4665, 4448, 4197, 4083, 4072, 3900, 3506, 3417, 3287, 3026, 2983, 2950, 2916, 2878, 2820, 2796, 2787, 2783, 2776, 2745, 2507, 2401, 2316, 2035, 2006, 1916, 1894, 1795, 1712, 1627, 1532, 1514, 1379, 1354, 1307, 1274, 856, 816, 772, 614, 343, 229, 214, 97]",0.015439916647372078,0.27,0.41885581034749386,0.6569916978620128,0.8774094063222821,0.19999999999999996
"[8554, 7526, 7028, 6010, 5996, 3449, 3440, 2028, 1900, 882, 734, 627, 618, 231, 219, 124, 97, 86, 15, 13]",0.009696689048390833,0.81,0.379361106449586,0.3600969877557495,0.8887175533281932,0.19999999999999996
"[8498, 8441, 8427, 8376, 7916, 7789, 7741, 6967, 6848, 6715, 6708, 6647, 6362, 5947, 5739, 5684, 5444, 5229, 4925, 4834, 4478, 4203, 3900, 3646, 3512, 3506, 3327, 3270, 2916, 2878, 2796, 2787, 2776, 2745, 2219, 2102, 1873, 1712, 1585, 1547, 1546, 1274, 1094, 1092, 1068, 998, 816, 614, 600, 596, 564, 553, 529, 229, 214, 64, 38, 36, 35, 32, 31, 30, 28, 26, 25, 24]",0.023960407501736513,0.35,0.4038001511497449,0.5328723072866064,0.7144692881007453,0.0
"[8494, 8370, 8302, 7789, 7526, 7278, 6658, 5989, 5739, 5208, 4707, 4216, 4197, 3419, 3287, 3227, 2783, 2776, 2384, 2362, 2159, 2126, 1707, 1697, 1687, 1627, 1199, 1184, 1098, 1068, 956, 673, 627, 614, 600, 596, 590, 588, 582, 231, 224, 214, 208, 190, 171, 162, 155, 144, 141, 138, 124, 97, 86, 80, 77, 76, 75, 64, 15]",0.02387473952303774,0.42,0.45896735308327385,0.49849184659651924,0.6674376766897969,0.19999999999999996
"[7578, 4995, 4483, 2951, 1094, 736, 165, 8, 4]",0.006331326695994443,0.92,0.27556648438067843,0.2654358321263791,0.943716268311488,0.19999999999999996
"[8487, 8467, 8458, 8302, 6920, 6582, 5704, 5639, 5634, 4995, 4487, 4485, 4484, 4483, 4482, 4481, 4480, 4478, 4469, 3227, 3204, 2951, 2820, 2316, 2126, 2102, 1907, 1904, 1873, 1790, 1697, 1694, 1687, 1582, 1443, 1414, 1404, 1332, 1307, 1305, 1296, 1231, 1184, 1128, 1098, 1094, 1092, 1068, 1022, 920, 904, 880, 851, 824, 806, 736, 734, 665, 627, 624, 614, 600, 596, 590, 564, 553, 442, 392, 370, 318, 294, 290, 283, 240, 231, 219, 209, 201, 173, 172, 171, 165, 162, 144, 138, 132, 87, 86, 76, 73, 64, 62, 59, 54, 40, 19]",0.038251910164389905,0.05,0.44605074201438477,0.4287577126683143,0.3078900025700334,0.19999999999999996
"[8494, 8488, 8458, 8302, 8061, 8046, 7789, 7654, 7526, 7514, 7278, 6981, 6976, 6967, 6920, 6658, 6647, 6013, 5989, 5975, 5974, 5739, 5498, 5452, 4991, 4936, 4707, 4451, 4448, 4437, 4197, 4083, 4072, 3920, 3900, 3419, 3417, 3287, 2916, 2878, 2822, 2783, 2776, 2401, 2384, 2362, 2316, 2159, 2035, 1925, 1916, 1905, 1894, 1875, 1873, 1627, 1532, 1379, 1319, 1307, 1274, 856, 816, 673, 614, 590, 343, 291, 231, 224, 214, 208, 97, 75]",0.018334105116925216,0.27,0.3941506283891889,0.5949157011860912,0.839372911847854,0.19999999999999996
"[8458, 4483, 4482, 4481, 4480, 4478, 3227, 2699, 2126, 2102, 2054, 1907, 1790, 1697, 1694, 1687, 1582, 1547, 1546, 1305, 1296, 1231, 1184, 1128, 1098, 1094, 1092, 1068, 851, 824, 806, 736, 734, 665, 627, 624, 614, 600, 596, 590, 564, 553, 529, 370, 294, 283, 240, 231, 219, 209, 201, 173, 165, 162, 144, 138, 132, 87, 86, 76, 73, 64, 62, 59, 54, 40, 38, 36, 35, 32, 31, 30, 28, 26, 25, 24]",0.03406459828664043,0.25,0.4331240491776981,0.3791372337648755,0.3721408378308918,0.19999999999999996
"[8467, 8459, 8456, 8453, 5634, 1941, 1026, 734]",0.0033375781430886775,0.93,0.2085592503356678,0.2059842776818117,0.9542534052942688,0.4
"[8061, 8046, 7789, 7145, 6647, 5739, 4991, 4497, 4072, 3506, 2796, 2035, 1925, 1916, 1514, 1274]",0.0039395693447557304,0.85,0.21262326280098198,0.34362873170302655,0.9755846826008738,0.4
"[6793, 2030, 1426, 2]",0.0021683260013892107,0.97,0.2262816392769339,0.2294179296565504,0.9755846826008738,0.4
"[8330, 8302, 7789, 7278, 6967, 6793, 5639, 5452, 3900, 3287, 2951, 2250, 2159, 2102, 1582, 1305, 1128, 1068, 816, 802, 738, 736, 582, 564, 553, 219, 214, 208, 200, 162, 86, 76, 62, 59, 54]",0.016187774947904607,0.66,0.38029948455556817,0.45064413621880517,0.8141865844255975,0.19999999999999996
"[8467, 8330, 8063, 8046, 6793, 5495, 4995, 2950, 2028, 1916]",0.0023419773095623986,0.91,0.19174385094773638,0.29977832101661295,0.9809817527627859,0.4
"[8458, 6112, 3227, 2126, 2102, 2054, 1790, 1697, 1694, 1687, 1582, 1547, 1546, 1305, 1296, 1231, 1184, 1098, 1094, 1092, 1068, 1026, 824, 736, 665, 600, 596, 590, 564, 553, 529, 283, 240, 209, 201, 173, 172, 171, 165, 162, 144, 138, 132, 87, 86, 76, 73, 64, 62, 59, 54, 40, 38, 36, 35, 32, 31, 30, 28, 26, 25, 24]",0.029766149571660107,0.39,0.43157618003272,0.3875271317781217,0.48522230789000254,0.19999999999999996
"[5227, 3227, 3197, 2102, 1697, 1687, 1582, 1184, 1128, 1098, 1094, 1092, 1068, 882, 665, 627, 624, 614, 600, 596, 590, 564, 553, 172, 165, 162, 144, 141, 138, 87, 76, 73, 64, 62, 59, 54, 40, 36, 35, 32, 31, 30, 28, 25]",0.022704329705950453,0.57,0.4448303804671201,0.35801733641582334,0.6347982523772808,0.0
"[8465, 5227, 4991, 4990, 4497, 4487, 3227, 2916, 2781, 2006, 1821, 1790, 1747, 1654, 1556, 1555, 1553, 1277, 1128, 920, 736, 734, 627, 614, 600, 596, 529, 252, 240, 231, 219, 173, 87, 86, 76, 15, 13]",0.01979740680713128,0.64,0.3790923097759944,0.3663972939136547,0.7499357491647392,0.19999999999999996
"[8488, 8467, 8302, 8046, 7924, 7789, 7654, 7514, 7278, 6981, 6976, 6967, 6920, 6362, 6006, 5975, 5974, 5739, 5333, 4936, 4925, 4707, 4488, 4487, 4485, 4484, 4483, 4482, 4481, 4448, 4437, 4197, 4097, 4072, 3920, 3900, 3567, 3417, 3287, 2916, 2878, 2783, 2776, 2401, 2316, 2159, 1905, 1875, 1873, 1627, 1514, 1454, 1443, 1414, 1379, 1319, 1307, 1022, 920, 904, 856, 824, 816, 614, 590, 442, 429, 413, 392, 343, 318, 291, 214, 208, 97, 75]",0.024303079416531606,0.25,0.3846996990278909,0.49333591817588873,0.707787201233616,0.19999999999999996
"[8574, 8051, 7219, 7120, 7107, 7101, 7095, 7072, 6579, 6536, 6349, 6097, 6013, 5639, 5634, 5498, 5229, 5078, 4995, 4451, 4028, 3454, 3204, 3089, 3056, 3037, 2972, 2951, 2682, 2479, 2019, 1953, 1941, 1905, 1532, 1454, 1450, 1421, 1277, 713, 495, 446, 433, 429, 385, 220, 209]",0.01208497337346608,0.54,0.39523912108075254,0.5161652028646366,0.8871755332819327,0.19999999999999996
"[8586, 8498, 8487, 8302, 8128, 8046, 7789, 7654, 7514, 6981, 6976, 6967, 6920, 6647, 6631, 6362, 6027, 5739, 5704, 5452, 5083, 4995, 4991, 4936, 4834, 4448, 4072, 3900, 3506, 3417, 3287, 3026, 2983, 2950, 2916, 2878, 2820, 2796, 2787, 2783, 2776, 2745, 2507, 2506, 2401, 2316, 1916, 1797, 1795, 1712, 1627, 1514, 1354, 1307, 856, 816, 776, 772, 614, 590, 343, 229, 214, 97, 75]",0.014423477656865016,0.36,0.4158310904763972,0.6199313212949057,0.8835774865073246,0.19999999999999996
"[8330, 8128, 8063, 8046, 7654, 7145, 6793, 6647, 6631, 5639, 5495, 5083, 4995, 4991, 4083, 4072, 3026, 2950, 2507, 2028, 2006, 1916, 1704, 1532, 1514, 991]",0.0050092614031025705,0.75,0.2621456818014668,0.4338878195487771,0.9619635055255719,0.4
"[8330, 8302, 7789, 7278, 6967, 6793, 5639, 5452, 3900, 3287, 2951, 2714, 2250, 2159, 2102, 1582, 1305, 1128, 1068, 816, 802, 738, 736, 616, 582, 564, 553, 219, 214, 208, 200, 162, 86, 76, 62, 59, 54]",0.01639036814077333,0.64,0.3755241901967987,0.47190120123773693,0.8090465176047289,0.19999999999999996
"[8586, 8498, 8487, 8330, 8302, 8128, 8061, 8046, 7789, 7654, 7514, 7278, 7145, 6981, 6976, 6967, 6898, 6793, 6774, 6647, 6631, 6027, 5974, 5639, 5495, 5452, 5083, 4995, 4991, 4936, 4448, 4083, 4072, 3920, 3900, 3506, 3417, 3287, 3026, 2983, 2951, 2950, 2916, 2878, 2507, 2401, 2316, 2159, 2102, 2035, 2006, 1916, 1894, 1875, 1582, 1532, 1514, 1379, 1354, 1307, 1098, 1094, 1092, 1068, 991, 856, 816, 802, 738, 590, 582, 564, 553, 214, 208, 162, 76, 73, 62, 59, 54, 40, 38]",0.023508914100486222,0.18,0.45310738765008685,0.6387592363377508,0.7396556155230019,0.19999999999999996
"[8487, 8467, 8458, 6920, 6582, 4488, 4487, 4485, 4484, 4483, 4482, 4481, 4480, 4478, 4469, 4208, 3405, 3227, 2820, 2316, 1907, 1904, 1873, 1872, 1790, 1697, 1694, 1687, 1443, 1414, 1404, 1332, 1307, 1305, 1299, 1296, 1231, 1184, 1022, 1002, 920, 904, 880, 851, 824, 816, 806, 736, 442, 392, 378, 370, 318, 294, 290, 277, 240, 231, 209, 201, 173, 172, 165, 162]",0.027485529057652232,0.37,0.41107547058364613,0.3737837836175485,0.551272166538165,0.19999999999999996
"[8451, 8450, 4483, 2821, 2126, 2102, 1277, 1128, 1094, 1092, 904, 734, 627, 614, 600, 596, 590, 582, 564, 231, 87, 86, 76, 73, 64, 62, 59, 54, 8, 4]",0.018665200277842093,0.71,0.3687436675016068,0.3197629948399001,0.7422256489334361,0.19999999999999996
"[6274, 3227, 2126, 2102, 2054, 1687, 1582, 1547, 1546, 1332, 1128, 1098, 1094, 1092, 1068, 665, 627, 624, 614, 600, 596, 590, 582, 564, 553, 529, 144, 141, 138, 132, 87, 86, 73, 64, 62, 59, 54, 40, 38, 36, 35, 32, 31, 30, 28, 26, 25, 24]",0.024617967122018986,0.53,0.4530117344331812,0.33530851956251695,0.5782575173477256,0.19999999999999996
"[8498, 8488, 8487, 8467, 8330, 8302, 7789, 7278, 6981, 6976, 6967, 6920, 6793, 6774, 6439, 5639, 5452, 4936, 4488, 4487, 4485, 4484, 4483, 4482, 4481, 4480, 4478, 4469, 4437, 3920, 3900, 3287, 2878, 2783, 2316, 2250, 2159, 2102, 1907, 1904, 1875, 1873, 1582, 1443, 1414, 1404, 1332, 1319, 1307, 1305, 1296, 1277, 1231, 1098, 1094, 1092, 1068, 1022, 920, 904, 880, 851, 824, 816, 806, 802, 790, 738, 736, 734, 590, 582, 564, 553, 442, 429, 392, 370, 318, 294, 291, 290, 283, 240, 231, 219, 214, 209, 208, 162, 76, 73, 62, 59, 54, 40, 38]",0.03518407038666358,0.04,0.4431550317230648,0.48532080207407147,0.4248265227447957,0.19999999999999996
"[8441, 8427, 8117, 7916, 7789, 6967, 6647, 6362, 6235, 5739, 5229, 4834, 4492, 4478, 4203, 3506, 3327, 3270, 2916, 2796, 2787, 2776, 2028, 1873, 1274, 998, 229, 214]",0.008291271127575828,0.73,0.27768483675364664,0.44361747034773424,0.930609097918273,0.19999999999999996
"[8302, 8046, 7924, 7789, 7654, 7514, 7278, 6885, 6006, 5739, 4925, 4707, 4448, 4197, 3567, 3417, 2916, 2783, 2401, 2159, 2126, 2102, 1905, 1873, 1582, 1514, 1379, 1128, 1098, 1094, 1092, 1068, 824, 614, 600, 596, 590, 564, 553, 529, 413, 318, 97, 87, 86, 76, 73, 64, 62, 59, 54, 40, 38, 36, 35, 32, 31, 30, 28, 26, 25, 24]",0.025652928918731187,0.39,0.4379439758124719,0.48634024530542996,0.6139809817527628,0.0
"[8330, 8117, 7875, 4492, 2028, 734, 231, 209, 201, 196, 173, 172]",0.0069228988191711045,0.89,0.2807074674940232,0.31153524394997534,0.9347211513749679,0.19999999999999996
"[8467, 6981, 6976, 6920, 6647, 5624, 5452, 5333, 5227, 4936, 4491, 4488, 4487, 4485, 4484, 4470, 4469, 4072, 3920, 3512, 3491, 3227, 2878, 2820, 2316, 2102, 1907, 1795, 1697, 1694, 1687, 1582, 1443, 1414, 1319, 1307, 1231, 1184, 1128, 1098, 1094, 1092, 920, 904, 882, 856, 808, 772, 736, 734, 665, 627, 624, 614, 600, 596, 590, 564, 429, 428, 413, 392, 318, 291, 231, 229, 209, 201, 173, 172, 165, 162, 144, 141, 138, 87, 76, 75, 73, 64, 62, 59, 54]",0.033261171567492476,0.18,0.42824981029630693,0.4492584095072595,0.4708301207915703,0.0
"[8586, 8498, 8487, 8441, 8427, 8128, 8061, 8046, 7916, 7654, 7514, 7145, 6981, 6976, 6967, 6920, 6647, 6631, 6027, 5975, 5974, 5495, 5452, 5083, 5070, 4995, 4991, 4936, 4448, 4437, 4083, 4072, 3920, 3900, 3756, 3536, 3506, 3417, 3327, 3026, 2983, 2950, 2916, 2878, 2820, 2796, 2548, 2507, 2506, 2401, 2316, 2102, 2054, 2035, 2006, 1916, 1894, 1875, 1873, 1582, 1546, 1532, 1514, 1379, 1354, 1307, 1274, 1068, 856, 816, 772, 590, 564, 553, 529, 343, 229, 155, 54, 40, 38, 36, 35, 32, 31, 30, 28, 26, 25, 24]",0.02645635563787914,0.11,0.48694072639393193,0.6422420916588056,0.6838858905165768,0.19999999999999996
"[4995, 2951, 2681, 1941, 1556, 1555, 1553, 1546, 28, 25, 22, 15, 13]",0.00699235934244038,0.88,0.34944360468703095,0.2889755760908843,0.9097918272937549,0.19999999999999996
"[6658, 5412, 4490, 2061, 1582, 1404, 1094, 1068, 665, 553, 429, 132, 87, 40, 38, 31, 12]",0.01111715674924751,0.84,0.3418916838492011,0.31301579925617984,0.8722693395014135,0.19999999999999996
"[8586, 8061, 8046, 7514, 7145, 6631, 5083, 4991, 4841, 4448, 4384, 4083, 3417, 3287, 3026, 2951, 2138, 2035, 1894, 1627, 1532, 1379, 1354, 1296, 343]",0.005057883769391062,0.76,0.2974425394616028,0.43613868639822373,0.9601644821382678,0.4
"[5191, 3903, 2799, 2250, 2126, 1582, 1556, 1546, 1231, 1098, 1094, 1092, 590, 582, 564, 529, 290, 231, 200, 173, 172, 73, 64, 62, 59, 54, 15, 13]",0.01622597823570271,0.73,0.41521735110476254,0.29925852902889516,0.7630429195579542,0.19999999999999996
"[5369, 4995, 2950, 1795, 442, 229]",0.001943736976151887,0.95,0.24499097413607263,0.27339450883235084,0.978668722693395,0.4
"[8465, 8464, 8456, 3227, 2194, 2126, 1697, 1694, 1687, 1582, 1556, 1555, 1553, 1546, 1305, 1231, 1184, 1098, 1094, 1092, 1068, 665, 614, 600, 590, 564, 553, 529, 290, 283, 219, 209, 201, 173, 172, 165, 162, 144, 141, 138, 86, 76, 73, 62, 59, 54, 40, 36, 35, 32, 31, 30, 28, 25, 22, 15, 13]",0.02946168094466312,0.44,0.4304745241715776,0.3342610339282537,0.5003855050115651,0.19999999999999996
"[8488, 8467, 8441, 8427, 8061, 7916, 6981, 6976, 6967, 6920, 6658, 5975, 5974, 5495, 5070, 4936, 4707, 4437, 4083, 4072, 3920, 3900, 3536, 3327, 2878, 2316, 2061, 2035, 2006, 1894, 1884, 1875, 1873, 1532, 1319, 1307, 1274, 816, 291, 208, 75]",0.010338041213243805,0.6,0.3333547144719836,0.5271478697353527,0.9113338473400154,0.19999999999999996
"[8061, 8046, 7924, 7278, 6774, 6658, 6133, 5495, 4990, 4083, 3567, 2820, 2126, 2102, 2061, 1905, 1582, 1514, 1094, 1092, 1068, 614, 590, 582, 564, 553, 76, 73, 64, 62, 59, 54, 40, 38]",0.014966427413753184,0.67,0.40430760577440195,0.42784591721999676,0.8039064507838602,0.19999999999999996
"[8498, 8376, 7741, 6848, 6715, 6708, 5947, 5684, 5444, 4925, 3900, 3646, 3512, 2878, 2745, 2219, 2102, 1712, 1585, 1547, 1546, 1094, 1092, 1068, 816, 614, 600, 596, 564, 553, 529, 252, 64, 38, 36, 35, 32, 31, 30, 28, 25, 24]",0.018089835610094928,0.59,0.3996702395308054,0.44785369653170515,0.7689539964019532,0.19999999999999996
"[8465, 8458, 4991, 4484, 4483, 4482, 4481, 4480, 4478, 2983, 2401, 2126, 2102, 2054, 2006, 1790, 1697, 1694, 1582, 1553, 1547, 1546, 1305, 1231, 1184, 1128, 1098, 1094, 1092, 1068, 946, 906, 851, 824, 806, 736, 734, 665, 627, 624, 600, 596, 590, 564, 553, 529, 370, 290, 240, 231, 219, 201, 173, 172, 165, 162, 144, 141, 138, 87, 86, 73, 64, 62, 59, 54, 40, 36, 35, 32, 24, 15, 13]",0.03331326695994443,0.28,0.429850236543193,0.39180924530247885,0.4130043690567977,0.19999999999999996
"[8487, 8467, 8441, 8427, 8302, 7924, 7916, 7789, 7741, 7654, 6920, 6774, 6362, 6133, 5739, 5684, 5639, 5634, 5227, 5074, 4834, 4725, 4474, 4468, 4203, 4083, 4072, 3950, 3567, 3327, 3287, 3204, 2820, 2796, 2787, 2776, 2745, 2316, 2159, 2102, 1905, 1795, 1790, 1712, 1514, 1307, 1296, 1274, 1128, 1094, 1092, 1068, 1026, 772, 736, 734, 627, 624, 614, 600, 596, 564, 553, 240, 231, 229, 130, 64]",0.022025931928687195,0.33,0.38877695773196597,0.5658686115456365,0.7679259830377795,0.0
"[7789, 6362, 5739, 5639, 5634, 4834, 4707, 4483, 4197, 3287, 2787, 2783, 2776, 2745, 2126, 1712, 1627, 1098, 1094, 1092, 1026, 734, 614, 596, 590, 582, 214, 208, 197, 173, 162, 97, 87, 86, 76, 75, 64, 62, 59]",0.01773095623987034,0.62,0.37548557012831485,0.42265517468071134,0.783089180159342,0.19999999999999996
"[8419, 5227, 3227, 2126, 2102, 1697, 1694, 1687, 1582, 1556, 1555, 1553, 1546, 1184, 1128, 1098, 1094, 1092, 1068, 665, 627, 624, 614, 600, 590, 564, 553, 529, 503, 162, 144, 141, 138, 86, 76, 73, 64, 62, 59, 54, 40, 36, 35, 32, 31, 30, 28, 25, 22, 15, 13]",0.025716601065061354,0.5,0.4596793208970005,0.3564547664631944,0.5633513235672063,0.0
"[8330, 8302, 8061, 8046, 7924, 7789, 7654, 7514, 7278, 6793, 6774, 6274, 6133, 5739, 5495, 5467, 4990, 4707, 4595, 4448, 4197, 4083, 3567, 3417, 2916, 2159, 2028, 1905, 1894, 1873, 1872, 1514, 1379, 1332, 817, 808, 614, 359, 318, 97]",0.010831210928455662,0.61,0.379897366792165,0.520443511200469,0.8959136468774094,0.19999999999999996
[8117],0.0001261866172725168,1.0,0.010559353625250512,0.1674453888423022,0.9997429966589566,1.0
"[8451, 8450, 8302, 8046, 7924, 7789, 7514, 7278, 6006, 5739, 4925, 4707, 4483, 4448, 4197, 3567, 3417, 3061, 2916, 2401, 2159, 1905, 1514, 1379, 1094, 1010, 824, 614, 413, 318, 162, 97, 8, 4]",0.012603611947210002,0.67,0.304034441325557,0.3985125521940439,0.877923413004369,0.0
"[8467, 8441, 8427, 8302, 7924, 7916, 7789, 7741, 7654, 6774, 6362, 6133, 5739, 5684, 5227, 5074, 4834, 4725, 4474, 4468, 4203, 4083, 4072, 3950, 3567, 3327, 3287, 2796, 2787, 2776, 2745, 2159, 2102, 2054, 1905, 1790, 1712, 1547, 1546, 1514, 1296, 1274, 1128, 1094, 1092, 1068, 736, 734, 627, 614, 600, 596, 564, 553, 529, 240, 231, 229, 64, 35, 32, 31, 30, 28, 26, 25, 24]",0.02498495021995832,0.34,0.39947276949229105,0.5458569949611165,0.6977640709329221,0.0
"[8390, 6195, 4483, 2126, 2102, 1582, 1098, 1094, 1092, 1068, 596, 590, 582, 564, 553, 173, 172, 165, 162, 87, 86, 76, 73, 64, 62, 59, 54, 40, 38, 36, 35, 32, 31, 30, 28, 26, 25, 1]",0.021399629543875896,0.63,0.4080817595358792,0.33808297397209264,0.665124646620406,0.19999999999999996
"[8586, 8488, 8427, 8237, 8128, 8104, 8061, 8046, 7916, 7514, 7429, 7145, 7089, 7086, 6967, 6920, 6706, 6631, 6362, 6027, 5975, 5974, 5639, 5495, 5452, 5328, 5083, 4834, 4448, 4437, 4264, 4083, 3920, 3900, 3506, 3491, 3417, 3394, 3327, 3287, 3204, 3026, 2983, 2951, 2950, 2916, 2820, 2796, 2787, 2776, 2745, 2709, 2401, 2316, 2035, 2006, 1916, 1894, 1875, 1873, 1781, 1712, 1697, 1585, 1532, 1379, 1319, 1274, 1231, 1188, 935, 856, 816, 772, 734, 600, 583, 414, 294, 291, 229, 222, 220, 214, 209, 208, 87, 86, 70]",0.023427876823338738,0.12,0.4823679079091252,0.6733279946739585,0.765869956309432,0.19999999999999996
"[8302, 8046, 7789, 7654, 7514, 6981, 6647, 6631, 6362, 5739, 5704, 5452, 5191, 5083, 4991, 4936, 4834, 4448, 4072, 3903, 3287, 3026, 2916, 2799, 2796, 2787, 2783, 2776, 2507, 2506, 2401, 2250, 1916, 1627, 1582, 1556, 1546, 1514, 1354, 1231, 1098, 1094, 1092, 856, 614, 590, 582, 564, 529, 343, 290, 229, 214, 200, 172, 97, 75, 73, 64, 62, 59, 54, 15, 13]",0.02240912248205603,0.37,0.4407617753343509,0.5154793240328119,0.719609354921614,0.0
"[8574, 8498, 7219, 7122, 7107, 7101, 7095, 7072, 6981, 6976, 6967, 6579, 6536, 6349, 6013, 5975, 5974, 5639, 5634, 5452, 5229, 5078, 4936, 4451, 4028, 3920, 3900, 3645, 3454, 3227, 3204, 3089, 3037, 2972, 2878, 2479, 2250, 2126, 2102, 2019, 1953, 1875, 1740, 1697, 1694, 1687, 1532, 1454, 1450, 1421, 1354, 1277, 1231, 1199, 1184, 1098, 1094, 1092, 1068, 665, 616, 590, 564, 553, 495, 446, 433, 429, 385, 247, 231, 220, 219, 209, 201, 200, 173, 172, 165, 162, 144, 141, 86, 76, 73, 64, 62, 59, 54, 40, 36, 35, 31, 30]",0.03163000694605233,0.07,0.4906599515993958,0.540567109198379,0.5260858391159084,0.19999999999999996
"[8453, 4483, 2821, 2126, 2102, 1277, 1128, 1094, 1092, 904, 849, 734, 627, 614, 600, 596, 590, 582, 564, 231, 141, 87, 86, 76, 73, 64, 62, 59, 54, 8, 4]",0.019650382032877983,0.7,0.38781329064369197,0.33502762151994836,0.7342585453610897,0.0
"[7741, 6848, 5947, 5444, 4925, 3900, 3793, 3646, 3227, 2878, 2102, 1697, 1694, 1687, 1556, 1555, 1553, 1546, 1184, 1094, 1092, 1068, 665, 614, 600, 596, 564, 553, 529, 144, 141, 138, 64, 36, 35, 32, 31, 30, 28, 25, 22, 15, 13]",0.02160453808752026,0.58,0.42046328099104036,0.41070283288431864,0.690567977383706,0.0
"[6770, 5639, 4995, 2951, 2102, 1582, 1068, 564, 553, 62, 59, 54, 40, 38]",0.008573743922204214,0.87,0.34722093434110013,0.2896306016302861,0.8989976869699307,0.19999999999999996
"[8453, 8195, 5227, 4481, 4480, 4478, 4469, 4038, 3227, 2250, 2126, 2102, 1907, 1904, 1873, 1697, 1582, 1556, 1555, 1553, 1546, 1404, 1332, 1277, 1231, 1128, 1098, 1094, 1092, 1068, 1022, 998, 934, 880, 851, 824, 806, 736, 734, 627, 624, 614, 600, 596, 590, 564, 553, 529, 474, 458, 442, 429, 370, 318, 294, 290, 231, 219, 209, 201, 173, 172, 162, 87, 86, 76, 73, 64, 62, 59, 54, 40, 36, 35, 32, 31, 30, 28, 25, 22, 15, 13]",0.036736513081731884,0.19,0.4531505264143997,0.42412074513075704,0.3274222564893343,0.19999999999999996
"[8330, 8302, 8061, 8046, 7924, 7789, 7654, 7514, 7278, 6793, 6774, 6274, 6133, 5739, 5495, 5467, 4990, 4707, 4595, 4483, 4482, 4448, 4197, 4083, 3567, 3417, 2916, 2159, 2028, 1905, 1904, 1894, 1873, 1872, 1714, 1687, 1514, 1379, 1305, 1296, 1184, 817, 808, 665, 614, 359, 318, 283, 165, 144, 141, 138, 97]",0.018988191711044225,0.48,0.3636408128769735,0.5010586679682956,0.791313287072732,0.0
"[8488, 8467, 6981, 6976, 6967, 6920, 6362, 5975, 5974, 5452, 5333, 4936, 4437, 4072, 3920, 3900, 3287, 2878, 2783, 2776, 2316, 1875, 1873, 1627, 1454, 1319, 1307, 911, 856, 816, 590, 343, 291, 214, 208, 75]",0.010112294512618662,0.65,0.33212500964523617,0.45755019516390816,0.909277820611668,0.19999999999999996
"[8488, 8467, 8465, 8458, 6976, 6920, 6582, 5333, 4991, 4488, 4484, 4483, 4482, 4481, 4480, 4478, 4469, 4072, 3900, 2401, 2316, 2126, 2102, 2006, 1907, 1904, 1873, 1790, 1697, 1694, 1692, 1594, 1582, 1454, 1443, 1404, 1332, 1319, 1307, 1305, 1231, 1184, 1128, 1098, 1094, 1092, 1068, 1022, 920, 904, 880, 851, 824, 816, 806, 736, 734, 665, 627, 624, 614, 600, 596, 590, 564, 553, 442, 392, 370, 318, 291, 290, 240, 231, 219, 201, 173, 172, 165, 162, 87, 86, 76, 73, 64, 62, 59, 54, 40, 36, 35, 32]",0.037690437601296596,0.09,0.44502619582723846,0.42585729394439864,0.3397584168594192,0.0
"[8458, 6582, 4488, 4484, 4483, 4482, 4481, 4480, 4478, 4469, 2126, 2102, 1907, 1904, 1873, 1790, 1694, 1594, 1582, 1443, 1404, 1332, 1231, 1128, 1098, 1094, 1092, 1022, 920, 904, 880, 851, 824, 806, 734, 627, 624, 614, 600, 596, 590, 564, 442, 392, 370, 318, 294, 290, 240, 231, 219, 201, 173, 165, 87, 86, 76, 73, 62, 59, 54]",0.02951840703866636,0.4,0.4200658993649786,0.3508030344892249,0.4985864816242611,0.0
"[8467, 8465, 6112, 5227, 4505, 4488, 4484, 3227, 2126, 2102, 1873, 1872, 1790, 1697, 1694, 1687, 1582, 1556, 1555, 1553, 1546, 1414, 1332, 1305, 1296, 1231, 1184, 1128, 1098, 1092, 1068, 904, 817, 808, 736, 734, 665, 627, 624, 614, 596, 590, 564, 553, 529, 503, 397, 369, 318, 290, 283, 240, 231, 219, 209, 201, 173, 165, 162, 144, 141, 138, 87, 86, 76, 73, 64, 62, 59, 54, 40, 36, 35, 32, 31, 30, 28, 25, 22, 15, 13]",0.036018754341282704,0.2,0.4396848834674254,0.39800976725396353,0.3623747108712413,0.0
"[8498, 8488, 8487, 8467, 8330, 8046, 7789, 7278, 6981, 6976, 6967, 6920, 6793, 6774, 6439, 5452, 4995, 4936, 4488, 4487, 4485, 4484, 4483, 4482, 4481, 4480, 4478, 4469, 4437, 3920, 3900, 3858, 3287, 2950, 2878, 2783, 2316, 2250, 2159, 2102, 2028, 1907, 1904, 1875, 1873, 1582, 1443, 1414, 1404, 1332, 1319, 1307, 1305, 1296, 1277, 1231, 1098, 1094, 1092, 1068, 1022, 920, 904, 880, 851, 824, 816, 806, 802, 790, 738, 736, 734, 590, 582, 564, 442, 429, 392, 370, 318, 294, 291, 290, 283, 240, 231, 219, 214, 209, 208, 162, 76, 73, 62, 59, 54]",0.03494790460754804,0.04,0.4468033163755759,0.49647778678621746,0.44307375995887943,0.19999999999999996
"[8498, 8419, 8376, 6715, 6708, 5684, 5227, 3512, 2745, 2219, 2138, 2126, 2102, 1712, 1585, 1582, 1547, 1546, 1128, 1098, 1094, 1092, 1068, 816, 627, 624, 614, 600, 590, 564, 553, 529, 503, 252, 162, 86, 76, 73, 64, 62, 59, 54, 40, 36, 35, 32, 31, 30, 28, 25, 24]",0.023116462144014818,0.5,0.4534664852751207,0.434973399892845,0.6499614494988435,0.19999999999999996
"[8451, 8450, 8441, 7916, 7095, 6579, 5974, 5227, 4483, 4203, 3975, 3327, 2796, 2102, 2024, 1873, 1819, 1697, 1582, 1556, 1555, 1553, 1274, 1092, 1068, 1022, 564, 553, 495, 433, 214, 162, 64, 62, 59, 54, 40, 36, 35, 32, 31, 30, 28, 26, 22, 15]",0.02254457050243112,0.55,0.39254108326597104,0.3911993990894076,0.6975070675918786,0.19999999999999996
"[8330, 8046, 7246, 6793, 5639, 4995, 2950, 2028]",0.0014193100254688586,0.93,0.1526582797794518,0.30477873941580447,0.9892058596761758,0.6
"[8586, 8061, 7145, 6631, 5083, 4991, 4841, 4384, 4083, 3287, 3026, 2951, 2138, 2035, 1556, 1555, 1553, 1546, 1532, 1383, 1354, 28, 22, 15, 13]",0.008811067376707572,0.76,0.36151846514273356,0.4138122681424937,0.9069647905422771,0.19999999999999996
"[5704, 4483, 2821, 2126, 2102, 1277, 1128, 1094, 904, 734, 627, 614, 600, 596, 590, 582, 564, 231, 87, 86, 76, 75, 73, 64, 62, 59, 54, 8, 4]",0.018025005788376937,0.72,0.3887379874373478,0.3292713329076541,0.75224877923413,0.0
"[8586, 8498, 8487, 8330, 8302, 8128, 8063, 8046, 7789, 7654, 7514, 7278, 7145, 6981, 6976, 6967, 6898, 6793, 6774, 6647, 6631, 6027, 5974, 5495, 5452, 5083, 4995, 4991, 4936, 4448, 4083, 4072, 3920, 3900, 3506, 3417, 3287, 3026, 2983, 2951, 2950, 2916, 2878, 2681, 2507, 2401, 2316, 2159, 2035, 2006, 1941, 1916, 1894, 1875, 1556, 1555, 1553, 1546, 1532, 1514, 1379, 1354, 1307, 1098, 1094, 1092, 991, 856, 816, 802, 738, 590, 582, 214, 208, 162, 76, 73, 28, 25, 22, 15, 13]",0.023244964112062977,0.18,0.4606231654532489,0.6454888065587809,0.7496787458236958,0.19999999999999996
"[8487, 6920, 6274, 5639, 5634, 4488, 4487, 4485, 4484, 4483, 4482, 4481, 4480, 4478, 4469, 3227, 3204, 2820, 2316, 2250, 2126, 2102, 1907, 1904, 1873, 1795, 1722, 1694, 1687, 1582, 1443, 1414, 1404, 1332, 1307, 1305, 1296, 1277, 1231, 1199, 1184, 1128, 1098, 1094, 1092, 1068, 1026, 1022, 920, 904, 880, 851, 824, 806, 790, 772, 734, 665, 627, 624, 614, 600, 596, 590, 582, 564, 553, 442, 429, 392, 370, 318, 294, 290, 283, 231, 219, 201, 200, 173, 172, 165, 162, 144, 141, 138, 132, 130, 87, 86, 76, 73, 64, 62, 59, 54, 40, 38, 36]",0.0389974531141468,0.02,0.46805934045873376,0.39097395358669385,0.23978411719352355,0.0
"[8465, 4991, 4487, 4485, 2983, 2820, 2401, 2006, 1697, 1553, 1546, 1305, 1184, 1068, 1026, 906, 736, 665, 553, 386, 172, 162, 144, 138, 40, 36, 35, 32, 15, 13]",0.017923130354248668,0.71,0.35461030760723833,0.34360649052689396,0.7589308661012593,0.0
"[8488, 8487, 8467, 8302, 8104, 8061, 8046, 7924, 7789, 7654, 7514, 7278, 6981, 6976, 6967, 6920, 6774, 6362, 5975, 5974, 5739, 5704, 5495, 5452, 4991, 4990, 4936, 4707, 4448, 4437, 4197, 4072, 3950, 3920, 3900, 3567, 3491, 3417, 3287, 2983, 2916, 2878, 2783, 2776, 2401, 2316, 2159, 1905, 1894, 1875, 1873, 1627, 1514, 1379, 1319, 1299, 935, 856, 816, 614, 590, 414, 413, 343, 291, 214, 208, 97, 75]",0.01730608937253994,0.32,0.39215939615336726,0.5797679638386465,0.8450269853508096,0.19999999999999996
"[8586, 8498, 8487, 8441, 8427, 8128, 8061, 8046, 7916, 7798, 7654, 7514, 7145, 6981, 6976, 6967, 6920, 6647, 6631, 6558, 6027, 5975, 5974, 5495, 5452, 5083, 5070, 4995, 4991, 4936, 4834, 4448, 4437, 4083, 4072, 3920, 3900, 3756, 3536, 3506, 3417, 3327, 3026, 2983, 2950, 2916, 2878, 2820, 2796, 2787, 2507, 2401, 2316, 2035, 2006, 1916, 1894, 1875, 1873, 1795, 1582, 1546, 1532, 1514, 1379, 1354, 1307, 1274, 1068, 856, 816, 772, 614, 590, 564, 553, 343, 294, 229, 54, 40, 38, 36, 35, 32, 31, 30, 28, 26, 25]",0.02628386200509377,0.11,0.475640103508683,0.6553036658394222,0.7029041377537908,0.19999999999999996
"[8574, 8277, 7798, 7638, 7122, 7107, 7101, 7095, 7072, 6579, 6536, 6439, 6349, 6274, 5078, 4896, 4451, 4028, 3454, 3271, 3104, 3037, 2479, 2250, 2126, 2102, 2019, 1953, 1697, 1694, 1687, 1680, 1582, 1532, 1454, 1450, 1443, 1421, 1231, 1199, 1184, 1128, 1098, 1094, 1092, 1068, 1022, 1013, 920, 665, 627, 624, 614, 596, 590, 583, 582, 564, 553, 446, 442, 433, 429, 385, 294, 231, 220, 219, 209, 201, 173, 172, 165, 162, 144, 141, 138, 132, 87, 86, 76, 73, 64, 62, 59, 54, 40, 38, 36, 35, 32, 31, 30, 28, 26, 25]",0.034856448251910165,0.05,0.5058799225767208,0.5073911006648832,0.38627602158828067,0.19999999999999996
"[5704, 5227, 3405, 3227, 2102, 1872, 1697, 1687, 1627, 1582, 1456, 1231, 1184, 1128, 1098, 1094, 1092, 1068, 882, 851, 734, 732, 665, 627, 624, 614, 600, 596, 590, 588, 582, 564, 553, 219, 192, 144, 141, 138, 87, 76, 73, 67, 64, 62, 59, 54, 40, 36, 35, 32, 31, 30, 28, 25]",0.02596781662421857,0.47,0.46290175217414853,0.40077987118638425,0.57260344384477,0.0
"[4995, 2950, 1795, 1627, 1192, 442]",0.0018603843482287567,0.95,0.2421015298187218,0.25456997986390895,0.9763556926240041,0.6
"[8467, 6981, 6976, 6920, 5333, 5227, 4936, 3227, 2878, 2820, 2316, 2102, 1795, 1697, 1694, 1687, 1582, 1319, 1307, 1231, 1184, 1128, 1098, 1094, 1092, 808, 772, 736, 734, 665, 627, 624, 614, 600, 596, 590, 564, 318, 291, 231, 229, 209, 201, 173, 172, 162, 144, 141, 138, 87, 76, 75, 73, 64, 62, 59, 54]",0.024520722389442,0.44,0.42830523156343436,0.4301508138068574,0.6355692624004112,0.0
"[8453, 6579, 4483, 2957, 2479, 1697, 1582, 1556, 1555, 1553, 1068, 564, 553, 433, 162, 141, 54, 40, 36, 35, 32, 31, 30, 28, 26, 22, 15]",0.017037508682565407,0.74,0.35542637062990035,0.32198091908426574,0.7789771267026471,0.0
"[8237, 8117, 6770, 6706, 4492, 3204, 2951, 2102, 1585, 564, 62, 59, 54]",0.006464459365593888,0.88,0.263159519250022,0.3103827328483254,0.9375481881264457,0.19999999999999996
"[8458, 8451, 8450, 6487, 4483, 4482, 4481, 1790, 1697, 1694, 1305, 1231, 1184, 1094, 1010, 851, 824, 806, 736, 734, 665, 370, 240, 231, 219, 201, 173, 165, 162, 144, 138, 8, 4]",0.018231072007409123,0.68,0.3343853349240906,0.30420872464763504,0.7620149061937805,0.19999999999999996
"[5227, 3227, 2126, 2102, 1697, 1694, 1687, 1582, 1556, 1555, 1553, 1546, 1332, 1184, 1128, 1098, 1092, 1068, 665, 627, 624, 614, 596, 590, 564, 529, 410, 165, 162, 144, 141, 138, 87, 86, 76, 73, 64, 62, 59, 54, 40, 36, 35, 32, 31, 30, 28, 25, 22, 15, 13]",0.026200509377170642,0.5,0.4599418151038561,0.3426386581015374,0.5533281932665124,0.19999999999999996
"[8465, 8458, 8128, 8104, 7145, 7089, 7086, 6631, 5639, 5634, 5083, 5023, 4991, 4487, 4485, 4484, 4483, 4482, 4481, 4480, 4478, 3506, 3491, 3026, 2820, 2401, 2126, 2102, 2035, 2006, 1790, 1697, 1694, 1627, 1595, 1582, 1553, 1532, 1305, 1231, 1184, 1128, 1098, 1094, 1092, 1068, 1026, 935, 851, 824, 806, 736, 734, 665, 627, 624, 614, 600, 596, 590, 564, 553, 370, 290, 240, 231, 219, 201, 173, 172, 165, 162, 144, 97, 87, 86, 75, 73, 64, 62, 59, 54, 40, 36, 35, 32, 15]",0.03439569344755731,0.14,0.433593850194655,0.45523061737046777,0.425597532767926,0.19999999999999996
"[8586, 8128, 8061, 8046, 7514, 7145, 6631, 6027, 5495, 5083, 4995, 4991, 4990, 4448, 4083, 3417, 2951, 2035, 1894, 1532, 1379, 1354, 343, 229]",0.004084278768233388,0.77,0.2643469542346695,0.4532521794868377,0.9699306090979183,0.6
"[8488, 8487, 8467, 8302, 8178, 8104, 8061, 8046, 7924, 7789, 7654, 7514, 7278, 6981, 6976, 6967, 6920, 6774, 6647, 6362, 6133, 5975, 5974, 5739, 5684, 5639, 5634, 5495, 5452, 5145, 5070, 4991, 4990, 4936, 4448, 4437, 4083, 4072, 3950, 3920, 3900, 3567, 3536, 3506, 3491, 3417, 3287, 2983, 2916, 2878, 2783, 2776, 2506, 2401, 2316, 2159, 2006, 1905, 1894, 1875, 1873, 1514, 1379, 1319, 1307, 1068, 1026, 935, 856, 816, 614, 553, 414, 413, 343, 291, 214, 208]",0.017869877286408892,0.23,0.40233202986416283,0.636908592126536,0.8401439218709843,0.19999999999999996
"[8586, 8498, 8487, 8441, 8427, 8128, 8061, 8046, 7916, 7789, 7654, 7514, 7145, 6981, 6976, 6967, 6920, 6631, 6362, 6027, 5974, 5940, 5739, 5704, 5495, 5452, 5083, 4995, 4991, 4936, 4834, 4707, 4448, 4203, 4197, 4083, 4072, 3920, 3900, 3417, 3327, 3287, 3204, 3026, 2983, 2950, 2916, 2878, 2820, 2796, 2787, 2776, 2745, 2507, 2401, 2316, 2102, 2035, 2006, 1916, 1894, 1875, 1795, 1712, 1627, 1514, 1379, 1354, 1307, 1274, 1094, 1092, 991, 856, 816, 772, 614, 600, 596, 590, 516, 229, 132, 97, 75, 64]",0.020686501504978003,0.15,0.46062165038124936,0.679348386726923,0.7982523772809047,0.19999999999999996
"[8586, 8498, 8487, 8441, 8427, 8128, 7916, 7514, 6981, 6976, 6967, 6920, 6027, 5975, 5495, 4995, 4707, 4483, 4482, 4448, 4197, 3900, 3506, 3417, 3026, 2983, 2950, 2916, 2878, 2820, 2745, 2507, 2316, 2003, 1894, 1797, 1795, 1712, 1687, 1532, 1379, 1354, 1307, 1305, 1296, 816, 772, 665, 614, 283, 214, 144, 97]",0.015841630006946054,0.48,0.34225980946491996,0.5339277719260407,0.852994088923156,0.19999999999999996
"[8451, 8450, 5160, 4490, 4483, 1404, 1094, 904, 665, 429, 162, 87, 31, 15, 12, 8, 4]",0.01200162074554295,0.84,0.3011216274717198,0.25639957825973014,0.866101259316371,0.19999999999999996
"[8586, 8498, 8487, 8330, 8302, 8128, 8061, 8046, 7789, 7654, 7514, 7278, 7145, 6981, 6976, 6967, 6898, 6793, 6774, 6647, 6631, 6027, 5974, 5495, 5452, 5083, 4995, 4991, 4936, 4707, 4649, 4448, 4197, 4083, 4072, 3920, 3900, 3506, 3417, 3287, 3026, 2983, 2951, 2950, 2916, 2878, 2507, 2401, 2316, 2159, 2102, 2035, 2006, 1916, 1894, 1875, 1582, 1546, 1532, 1514, 1379, 1354, 1307, 1098, 1094, 1092, 1091, 1068, 991, 856, 816, 802, 738, 590, 582, 564, 214, 208, 162, 76, 73, 62, 59, 54]",0.022928918731187777,0.17,0.45636566751349084,0.6552612977598767,0.7535337959393472,0.19999999999999996
"[8046, 7514, 6582, 6439, 5495, 5227, 4990, 4495, 4488, 4487, 4485, 4484, 4483, 4482, 4481, 4480, 4478, 4469, 4448, 3491, 3417, 3227, 3197, 2102, 1916, 1907, 1904, 1894, 1873, 1697, 1687, 1582, 1443, 1414, 1404, 1379, 1332, 1305, 1296, 1277, 1184, 1128, 1098, 1094, 1092, 1068, 1022, 920, 904, 882, 880, 851, 824, 806, 790, 665, 627, 624, 614, 600, 596, 590, 564, 553, 442, 429, 392, 370, 343, 318, 294, 290, 283, 172, 165, 162, 144, 141, 138, 87, 85, 76, 64, 62, 59, 54, 40, 36, 35, 32, 31, 30, 28, 25]",0.03679671220189859,0.07,0.4675812189384355,0.4023508389549749,0.3109740426625546,0.19999999999999996
"[8451, 8450, 8441, 7916, 7095, 6579, 5974, 5227, 4483, 4203, 3975, 3327, 2821, 2796, 2102, 2024, 1873, 1819, 1697, 1582, 1556, 1555, 1553, 1274, 1068, 1022, 564, 553, 495, 433, 214, 162, 64, 62, 59, 54, 40, 36, 35, 32, 31, 30, 28, 26, 22]",0.02168673304005557,0.56,0.383382021534593,0.39886444902149076,0.719095348239527,0.19999999999999996
"[8453, 8063, 7348, 5495, 4483, 4478, 1981, 1916, 1553, 141, 15]",0.0062329242880296365,0.9,0.24783278514691753,0.28485324788946553,0.9390902081727063,0.19999999999999996
"[8467, 8465, 8464, 8456, 8128, 8104, 7145, 7089, 7086, 6631, 6112, 5227, 5083, 4488, 4484, 3506, 3227, 3026, 2983, 2126, 2102, 2035, 2006, 1873, 1872, 1790, 1697, 1687, 1680, 1582, 1556, 1555, 1553, 1546, 1532, 1414, 1332, 1305, 1296, 1231, 1128, 1098, 1094, 1092, 1068, 935, 904, 817, 808, 736, 734, 665, 627, 624, 614, 600, 590, 564, 553, 397, 318, 283, 240, 231, 219, 209, 201, 172, 144, 141, 138, 86, 76, 73, 64, 62, 59, 54, 40, 36, 35, 32, 31, 30, 28, 25, 22, 15, 13]",0.03753646677471637,0.12,0.44846590804597397,0.4740743266233972,0.3718838344898484,0.0
"[8574, 8494, 8370, 7563, 7526, 7122, 7107, 7101, 7095, 7072, 6579, 6536, 6013, 5989, 5498, 5078, 4451, 4216, 4028, 3454, 3419, 3227, 3037, 2972, 2479, 2384, 2362, 2126, 2019, 1953, 1905, 1707, 1697, 1687, 1532, 1454, 1450, 1421, 1277, 1199, 1184, 982, 713, 673, 627, 618, 600, 495, 446, 433, 429, 385, 294, 231, 224, 220, 209, 208, 190, 171, 162, 155, 144, 141, 138, 124, 97]",0.022806205140078722,0.34,0.45934245427894427,0.5007213809050275,0.7103572346440503,0.19999999999999996
"[8467, 8465, 6274, 6112, 4505, 4488, 4484, 3227, 2126, 2102, 2054, 1873, 1872, 1790, 1687, 1582, 1547, 1546, 1414, 1332, 1305, 1296, 1231, 1128, 1098, 1094, 1092, 1068, 904, 817, 808, 736, 734, 665, 627, 624, 614, 600, 596, 590, 582, 564, 553, 529, 503, 369, 318, 290, 283, 240, 231, 219, 209, 201, 190, 173, 144, 141, 138, 132, 87, 86, 73, 64, 62, 59, 54, 40, 38, 36, 35, 32, 31, 30, 28, 26, 25, 24]",0.034742996063903686,0.23,0.42570881399765614,0.39017101680186794,0.38627602158828067,0.0
"[8488, 8487, 8467, 8456, 8302, 8178, 8061, 8046, 7924, 7789, 7654, 7514, 7278, 6981, 6976, 6967, 6774, 6647, 6362, 6133, 5975, 5974, 5739, 5639, 5495, 5452, 5070, 4991, 4990, 4936, 4448, 4437, 4083, 4072, 3950, 3920, 3900, 3567, 3536, 3521, 3506, 3491, 3417, 3287, 2983, 2916, 2878, 2783, 2776, 2699, 2506, 2401, 2316, 2159, 2006, 1905, 1894, 1875, 1873, 1514, 1379, 1319, 1307, 935, 856, 816, 614, 553, 414, 413, 343, 291, 290, 214, 208, 40, 38]",0.019485992127807363,0.24,0.3817356073869803,0.5866879263911793,0.8188126445643793,0.19999999999999996
"[8465, 4991, 4484, 4483, 4480, 2983, 2401, 2126, 2054, 2006, 1582, 1553, 1547, 1546, 1128, 1098, 1094, 1092, 1068, 946, 906, 627, 624, 600, 596, 590, 564, 553, 529, 290, 172, 162, 141, 87, 86, 73, 64, 62, 59, 54, 40, 36, 35, 32, 24, 15, 13]",0.025788376939106274,0.54,0.41134021357012507,0.3843201087571343,0.6078129015677204,0.19999999999999996
"[8451, 8450, 7916, 7095, 6579, 5974, 5227, 4483, 4203, 3975, 3327, 2796, 2102, 2024, 1873, 1697, 1582, 1556, 1555, 1553, 1274, 1092, 1068, 1022, 564, 553, 495, 433, 214, 162, 64, 62, 59, 54, 40, 36, 35, 32, 31, 30, 28, 26, 22, 15]",0.02216832600138921,0.57,0.3825240324660988,0.3793296639850775,0.6995630943202262,0.0
"[8450, 7076, 5449, 4483, 1233, 348, 162, 4]",0.004725630933086362,0.93,0.22941754341557485,0.27619007696102305,0.9653045489591364,0.19999999999999996
"[8586, 8498, 8487, 8302, 8128, 6967, 6647, 6027, 5704, 5227, 5083, 4995, 4991, 4936, 4304, 3900, 3506, 3503, 3281, 2983, 2950, 2878, 2820, 2745, 2506, 2401, 2316, 2126, 2102, 1916, 1797, 1795, 1712, 1307, 1128, 1098, 1094, 1092, 816, 772, 627, 614, 600, 596, 590, 229, 87, 86, 76, 64, 62, 59]",0.016816392683491548,0.49,0.439562619163973,0.5716543439509707,0.8090465176047289,0.19999999999999996
"[8586, 8488, 8427, 8237, 8061, 8046, 7916, 7514, 6967, 6920, 6706, 6362, 6027, 5975, 5974, 5639, 5495, 5452, 5328, 4834, 4448, 4437, 4264, 4083, 3920, 3900, 3724, 3491, 3417, 3394, 3327, 3287, 3204, 2951, 2950, 2916, 2820, 2796, 2787, 2776, 2745, 2709, 2401, 2316, 1916, 1894, 1875, 1873, 1781, 1712, 1697, 1694, 1585, 1379, 1319, 1274, 1231, 1188, 1184, 856, 816, 772, 734, 600, 583, 414, 294, 291, 290, 229, 222, 220, 214, 209, 208, 173, 165, 162, 87, 86, 70]",0.024110905302153277,0.2,0.4753101132877229,0.6139941899699122,0.7329735286558725,0.19999999999999996
"[8453, 4483, 2821, 2102, 904, 564, 201, 141, 8, 4]",0.007631396156517712,0.91,0.2725549772847813,0.2425937152977805,0.9236700077101002,0.19999999999999996
"[8574, 8494, 8370, 7563, 7526, 7122, 7107, 7101, 7095, 7072, 6579, 6536, 6013, 5498, 5078, 4451, 4028, 3454, 3419, 3227, 3037, 2972, 2479, 2384, 2362, 2126, 2102, 2019, 1953, 1905, 1707, 1697, 1687, 1582, 1556, 1555, 1553, 1546, 1532, 1454, 1450, 1421, 1277, 1199, 1184, 1098, 1094, 1092, 1068, 713, 673, 627, 600, 596, 564, 553, 529, 495, 446, 433, 429, 385, 231, 224, 220, 209, 208, 190, 171, 162, 155, 144, 138, 124, 86, 76, 73, 64, 62, 59, 54, 40, 36, 35, 32, 31, 30, 28, 25, 22, 15, 13]",0.033862005093771706,0.09,0.49710288220118937,0.5200133703532086,0.4479568234387047,0.19999999999999996
"[8488, 8467, 8441, 8427, 8061, 8046, 7916, 7789, 6981, 6976, 6967, 6920, 6362, 5975, 5974, 5495, 5452, 5333, 5070, 4936, 4707, 4437, 4083, 4072, 3920, 3900, 3536, 3417, 3327, 3287, 2878, 2783, 2776, 2316, 2035, 2006, 1894, 1875, 1873, 1627, 1532, 1454, 1379, 1319, 1274, 911, 856, 816, 776, 590, 343, 291, 214, 208, 75]",0.013932623292428802,0.46,0.37265282675511446,0.5741509634808388,0.8758673862760216,0.19999999999999996
"[8586, 8488, 8277, 8061, 8046, 7798, 6967, 6920, 6027, 5975, 5974, 5495, 5452, 4448, 4437, 4083, 3920, 3900, 3724, 3491, 3394, 3327, 2950, 2916, 2820, 2796, 2401, 2316, 2126, 2102, 1916, 1894, 1875, 1873, 1754, 1697, 1694, 1582, 1379, 1319, 1274, 1231, 1184, 1098, 1094, 1092, 1068, 856, 816, 772, 596, 590, 583, 582, 564, 414, 294, 291, 290, 220, 209, 173, 165, 162, 87, 86, 76, 73, 64, 62, 59, 54, 40, 38, 36, 35, 32, 31, 30, 28, 26, 25]",0.029778884000926143,0.19,0.48341083851532785,0.5694317044888202,0.5471601130814701,0.19999999999999996
"[8586, 8302, 7997, 6647, 6274, 6027, 5704, 5083, 4995, 4991, 4936, 3227, 2983, 2950, 2820, 2506, 2316, 2126, 1916, 1797, 1795, 1687, 1332, 1307, 1128, 1098, 1094, 1092, 816, 772, 665, 627, 624, 614, 600, 596, 590, 582, 229, 144, 141, 138, 132, 87, 86, 73, 64, 62]",0.019435054410743228,0.53,0.4451535404405478,0.5055864729171607,0.7489077358005654,0.19999999999999996
"[8376, 8302, 8128, 8046, 7789, 7654, 7514, 7347, 6981, 6976, 6848, 6780, 6715, 6647, 6631, 6362, 6309, 6143, 6097, 5947, 5739, 5704, 5684, 5639, 5634, 5452, 5444, 5083, 4995, 4936, 4834, 4806, 4448, 4072, 4038, 3417, 3402, 3287, 3204, 3026, 2951, 2916, 2887, 2878, 2796, 2787, 2783, 2776, 2507, 2506, 2401, 2239, 1916, 1836, 1627, 1514, 1354, 856, 614, 590, 343, 229, 214, 97, 75]",0.014264876128733502,0.36,0.4042468567394297,0.593429435633533,0.8905165767154973,0.19999999999999996
"[8046, 7654, 7514, 6981, 6976, 5975, 5974, 5704, 5452, 4936, 4448, 4437, 4072, 3920, 3567, 3417, 3405, 3227, 2401, 2102, 1905, 1875, 1873, 1872, 1697, 1687, 1627, 1582, 1514, 1456, 1379, 1231, 1184, 1098, 1094, 1092, 1068, 856, 851, 665, 614, 596, 590, 588, 582, 564, 553, 343, 192, 144, 141, 138, 87, 76, 73, 67, 64, 62, 59, 54, 40, 36, 35, 32, 31, 30, 28, 25]",0.0273801805973605,0.33,0.46746827224279297,0.4805609442193054,0.5815985607812901,0.19999999999999996
"[8390, 6274, 6195, 4488, 4487, 4485, 4484, 4483, 4482, 4481, 4480, 4478, 4469, 3227, 2250, 2126, 2102, 1907, 1904, 1873, 1694, 1687, 1582, 1443, 1414, 1404, 1332, 1305, 1296, 1277, 1231, 1199, 1184, 1128, 1098, 1094, 1092, 1068, 1022, 920, 904, 880, 851, 824, 806, 790, 734, 665, 627, 624, 614, 600, 596, 590, 582, 564, 553, 442, 429, 392, 375, 370, 318, 294, 290, 283, 231, 219, 200, 173, 172, 165, 162, 144, 141, 138, 132, 87, 86, 76, 73, 64, 62, 59, 54, 40, 38, 36, 35, 32, 31, 30, 28, 26, 25, 1]",0.0389812456587173,0.05,0.4696709977524658,0.364946996794554,0.19532253919300946,0.19999999999999996
"[7122, 7107, 7101, 7095, 7072, 6596, 6579, 5078, 4028, 2972, 2479, 2019, 1953, 1740, 1532, 1454, 1450, 495, 446, 433, 429, 8]",0.006887010882148646,0.79,0.3430104106409686,0.41996381572746433,0.9321511179645335,0.19999999999999996
"[8574, 8427, 8237, 7916, 7638, 7514, 7137, 7122, 7107, 7101, 7095, 7072, 6706, 6579, 6536, 6439, 6362, 6349, 6274, 5639, 5328, 4896, 4834, 4451, 4264, 4028, 3454, 3417, 3287, 3271, 3204, 3104, 3037, 2951, 2787, 2776, 2745, 2709, 2479, 2250, 2019, 1953, 1781, 1712, 1697, 1694, 1687, 1680, 1585, 1532, 1454, 1450, 1443, 1421, 1231, 1199, 1188, 1184, 1128, 1022, 1013, 920, 734, 665, 627, 624, 614, 600, 583, 553, 446, 442, 433, 429, 385, 294, 231, 229, 222, 220, 219, 214, 209, 208, 201, 173, 172, 165, 162, 144, 141, 138, 132, 87, 86, 70]",0.031227135911090532,0.05,0.48890695084761293,0.5560317865225277,0.5672063736828579,0.0
"[8046, 7514, 6981, 6631, 6362, 5704, 5452, 5191, 5083, 4991, 4448, 3903, 3287, 3026, 2916, 2787, 2783, 2776, 2507, 2506, 2401, 2250, 1627, 1582, 1556, 1546, 1354, 1231, 1098, 1094, 1092, 856, 590, 582, 564, 529, 343, 290, 229, 214, 200, 172, 97, 73, 64, 62, 59, 54, 15, 13]",0.01953808752025932,0.51,0.4298118735619295,0.46104736515373146,0.750449755846826,0.0
"[8586, 8498, 8487, 8302, 8128, 7654, 7514, 6981, 6976, 6967, 6920, 6631, 6362, 6027, 5975, 5974, 5739, 5704, 5452, 5083, 4995, 4991, 4936, 4834, 4448, 4437, 4197, 4072, 3920, 3900, 3569, 3506, 3287, 3026, 2983, 2950, 2916, 2878, 2820, 2796, 2787, 2783, 2776, 2745, 2507, 2506, 2401, 2316, 1916, 1875, 1873, 1797, 1795, 1712, 1627, 1514, 1354, 1307, 856, 816, 772, 614, 590, 343, 229, 214, 208, 97, 75]",0.016418152350081035,0.32,0.434437537713109,0.6389044029026142,0.8578771524029812,0.19999999999999996
"[8488, 8467, 8441, 8427, 8061, 7916, 6981, 6976, 6967, 6920, 6658, 5975, 5495, 5070, 4936, 4083, 4072, 3920, 3900, 3536, 3327, 2878, 2316, 2035, 1875, 1873, 1532, 1319, 1307, 816, 291, 208, 75]",0.008122250520953923,0.68,0.29519370559459035,0.4649057248547751,0.934207144692881,0.19999999999999996
"[8453, 8195, 6658, 5705, 5227, 5208, 4481, 4480, 4478, 4469, 4216, 4038, 3907, 3628, 3227, 2250, 2126, 2066, 2054, 1907, 1904, 1873, 1697, 1556, 1555, 1546, 1404, 1332, 1277, 1231, 1128, 1098, 1068, 1022, 998, 934, 880, 851, 824, 806, 736, 734, 627, 624, 618, 614, 600, 596, 590, 588, 582, 553, 529, 474, 458, 442, 429, 370, 318, 294, 290, 231, 219, 209, 201, 173, 172, 162, 141, 97, 87, 86, 80, 77, 76, 64, 40, 35, 30, 25, 15, 13, 2]",0.0362363973141931,0.18,0.45110145679222446,0.4409455823473756,0.3741968645592393,0.0
"[8586, 8488, 8427, 8061, 8046, 7916, 6967, 6920, 6362, 6195, 6027, 5975, 5974, 5495, 5452, 4834, 4483, 4448, 4437, 4083, 3920, 3900, 3724, 3491, 3394, 3327, 3287, 2950, 2916, 2820, 2796, 2787, 2776, 2401, 2316, 2102, 1916, 1894, 1875, 1873, 1781, 1694, 1636, 1582, 1379, 1319, 1274, 1184, 1068, 856, 816, 772, 734, 564, 553, 414, 291, 290, 229, 222, 220, 214, 173, 172, 165, 162, 87, 86, 62, 59, 54, 40, 36, 35, 32, 31, 30, 28, 26, 25, 1]",0.028419773095623987,0.2,0.45044987634720235,0.6236268995599693,0.6214340786430224,0.0
"[8117, 6358]",0.00029289187311877746,0.99,0.03836883544339942,0.19083395884705256,0.9989719866358263,1.0
"[8554, 8376, 8291, 7654, 7526, 7514, 7347, 7278, 7028, 6848, 6780, 6715, 6309, 6236, 6143, 6097, 6010, 5996, 5947, 5739, 5731, 5704, 5684, 5639, 5634, 5460, 5444, 5229, 4995, 4806, 4199, 4072, 4038, 3449, 3440, 3417, 3402, 3204, 3056, 2951, 2796, 2661, 2239, 2148, 2142, 1900, 1836, 1697, 1627, 1514, 1231, 1184, 882, 738, 734, 618, 588, 587, 582, 474, 231, 225, 202, 192, 190, 124, 97, 67, 51, 49]",0.02025931928687196,0.31,0.44063037583730025,0.5506343265084019,0.7907992803906451,0.19999999999999996
"[6793, 5639, 2951, 2893, 1546, 138]",0.0019715211854595973,0.95,0.23845686262319843,0.271729349654767,0.9753276792598303,0.4
"[8487, 8474, 7531, 6920, 6274, 6030, 5639, 5634, 4488, 4487, 4485, 4484, 4483, 4482, 4481, 4480, 4478, 4469, 3227, 3204, 2820, 2316, 2250, 2126, 2102, 1907, 1904, 1873, 1795, 1722, 1695, 1694, 1687, 1582, 1443, 1414, 1404, 1332, 1307, 1305, 1296, 1277, 1199, 1128, 1098, 1092, 1068, 1022, 920, 904, 880, 851, 824, 806, 790, 772, 734, 665, 627, 624, 614, 600, 596, 590, 582, 564, 553, 442, 429, 392, 370, 318, 294, 290, 283, 231, 219, 201, 200, 173, 172, 165, 162, 144, 141, 132, 130, 87, 86, 76, 73, 64, 62, 59, 54, 40, 38, 36]",0.03857027089604075,0.03,0.47091119481254673,0.4023251757786157,0.2788486250321254,0.0
"[8450, 8117, 8063, 5495, 5449, 4483, 4478, 1981, 1916, 1233, 162, 4]",0.005524426950683029,0.89,0.22878196295292907,0.3081972873406551,0.955538421999486,0.19999999999999996
"[8586, 8302, 8128, 8061, 8046, 7789, 7654, 7514, 7145, 6647, 6631, 6392, 6027, 5739, 5495, 5083, 4995, 4991, 4990, 4834, 4448, 4083, 4072, 3417, 2951, 2799, 2796, 2035, 1916, 1894, 1532, 1514, 1379, 1354, 614, 343, 229, 75]",0.007699699004399167,0.63,0.3327609213079338,0.5230705303233996,0.9388332048316628,0.19999999999999996
"[8451, 8450, 7514, 6975, 4707, 4483, 4197, 3417, 2401, 1379, 1094, 1010, 614, 162, 97, 8, 4]",0.008789071544338967,0.84,0.2785088679676613,0.30603275422753917,0.9175019275250578,0.19999999999999996
"[8450, 7076, 6981, 6976, 6961, 5975, 5449, 4707, 4483, 4482, 4448, 4197, 3417, 3026, 2916, 2507, 1894, 1687, 1379, 1354, 1305, 1296, 1233, 665, 614, 348, 283, 214, 162, 144, 97, 4]",0.01323686038434823,0.69,0.3071986813108002,0.4022801413914152,0.8655872526342843,0.19999999999999996
"[8574, 8498, 7122, 7107, 7101, 7095, 7072, 6981, 6976, 6967, 6579, 6536, 6349, 6013, 5975, 5974, 5639, 5634, 5452, 5229, 5078, 4936, 4488, 4451, 4028, 3920, 3900, 3880, 3645, 3454, 3227, 3204, 3089, 3037, 2972, 2878, 2479, 2250, 2126, 2102, 1953, 1875, 1697, 1694, 1687, 1532, 1454, 1450, 1443, 1421, 1354, 1296, 1277, 1231, 1199, 1184, 1098, 1094, 1092, 1068, 1022, 920, 904, 790, 665, 616, 590, 564, 553, 446, 442, 433, 429, 392, 385, 247, 231, 220, 219, 209, 201, 200, 173, 172, 165, 162, 144, 141, 86, 76, 73, 64, 62, 59, 54, 40, 36, 35, 31, 30]",0.03548043528594582,0.01,0.48376597575272007,0.5734708995920492,0.4569519403752249,0.19999999999999996
"[8453, 5227, 3227, 2126, 1697, 1694, 1687, 1332, 1184, 1128, 1098, 1092, 665, 627, 624, 614, 596, 590, 165, 162, 144, 141, 138, 86, 79, 76, 73, 64, 62]",0.016981940263949988,0.72,0.38621464543938233,0.330057908992585,0.7609868928296069,0.19999999999999996
"[5227, 4072, 2783, 2776, 1873, 1627, 1582, 1556, 1555, 1553, 1546, 1128, 1068, 921, 911, 856, 627, 624, 564, 553, 343, 214, 141, 138, 132, 40, 36, 35, 32, 31, 30, 28, 22, 15, 13]",0.01875318360731651,0.66,0.43126429199424354,0.3748933010403329,0.742739655615523,0.0
"[6274, 4487, 4485, 4484, 4483, 4482, 4481, 4480, 4478, 4469, 3227, 2250, 2126, 2102, 1907, 1904, 1873, 1697, 1694, 1687, 1582, 1547, 1546, 1414, 1404, 1332, 1305, 1296, 1277, 1231, 1199, 1184, 1128, 1098, 1094, 1092, 1068, 904, 880, 851, 824, 806, 790, 734, 665, 627, 624, 614, 600, 596, 590, 582, 564, 553, 529, 370, 318, 309, 290, 283, 231, 219, 201, 200, 173, 172, 165, 162, 144, 141, 138, 132, 87, 86, 76, 73, 64, 62, 59, 54, 40, 38, 36, 35, 32, 31, 30, 28, 26, 25, 24, 13]",0.038648992822412596,0.09,0.4713703698940723,0.3634432837963971,0.21845283988691855,0.0
"[7514, 6975, 4707, 4483, 4197, 3852, 3417, 2401, 1379, 1094, 614, 162, 144, 141, 138, 97, 8, 4]",0.009909701319749942,0.83,0.31282971114734537,0.34222003105711807,0.9005397070161912,0.19999999999999996
"[8554, 7526, 7308, 5996, 3440, 2028, 1900, 1553, 734, 618, 231, 219, 97, 86, 15, 13]",0.008316739986107895,0.85,0.36599912129915646,0.3216909128438098,0.9023387304034952,0.19999999999999996
"[8487, 8441, 8427, 8046, 7916, 7789, 7514, 7137, 7122, 7107, 7101, 7095, 6981, 6976, 6967, 6920, 6579, 6439, 6362, 6274, 5739, 5704, 5495, 5452, 4936, 4834, 4707, 4448, 4203, 4197, 4028, 3920, 3900, 3417, 3287, 3204, 3037, 2878, 2796, 2787, 2776, 2745, 2479, 2401, 2316, 2250, 2102, 2019, 1894, 1875, 1712, 1694, 1687, 1680, 1627, 1532, 1454, 1450, 1443, 1379, 1307, 1274, 1199, 1184, 1094, 1092, 1022, 1013, 920, 856, 816, 665, 627, 614, 600, 596, 590, 516, 446, 442, 433, 429, 231, 229, 219, 201, 173, 172, 165, 144, 141, 138, 132, 97, 75, 64]",0.02968626996990044,0.05,0.48410090580108767,0.6209780746018739,0.6227190953482395,0.0
"[7047, 5634, 294]",0.0011680944663116461,0.98,0.14854859648243912,0.20964224208188253,0.9933179131328708,0.6
"[8330, 8117, 8063, 5495, 4492, 4478, 2028, 1981, 1233]",0.003741606853438296,0.92,0.20303266839285783,0.2837387445928258,0.969159599074788,0.19999999999999996
"[8586, 8574, 8498, 8427, 8237, 8128, 8061, 7916, 7654, 7638, 7514, 7145, 7072, 6706, 6631, 6536, 6362, 6349, 6027, 5974, 5940, 5639, 5328, 5083, 4995, 4991, 4896, 4834, 4451, 4264, 4083, 4072, 3454, 3417, 3327, 3287, 3271, 3204, 3104, 3026, 2983, 2951, 2950, 2916, 2820, 2787, 2776, 2745, 2709, 2507, 2035, 2006, 1999, 1953, 1916, 1795, 1781, 1712, 1697, 1585, 1514, 1421, 1354, 1231, 1188, 1128, 772, 734, 627, 624, 614, 600, 583, 553, 385, 294, 229, 222, 220, 214, 209, 208, 132, 87, 86, 70]",0.02439106274600602,0.15,0.47826929019893416,0.6114193987024433,0.7388846054998714,0.19999999999999996
"[8465, 4484, 4483, 4480, 2983, 2278, 2126, 2054, 1582, 1553, 1547, 1546, 1098, 1094, 1092, 1068, 946, 906, 596, 590, 564, 553, 529, 290, 172, 162, 141, 86, 73, 64, 62, 59, 54, 40, 36, 35, 32, 24, 15, 13]",0.023235702708960408,0.61,0.3839044133806726,0.3490532800879689,0.6540735029555385,0.0
"[8574, 8451, 8450, 8302, 8237, 7789, 7654, 7514, 7122, 7107, 7101, 7095, 7072, 6579, 6536, 6349, 6013, 5975, 5739, 5078, 4925, 4707, 4483, 4451, 4448, 4197, 4028, 3975, 3454, 3417, 3037, 2972, 2916, 2783, 2479, 2401, 2250, 2126, 2102, 2019, 1953, 1873, 1866, 1740, 1582, 1532, 1514, 1454, 1450, 1421, 1419, 1379, 1277, 1231, 1199, 1128, 1098, 1094, 1092, 1068, 824, 614, 600, 596, 590, 564, 495, 446, 433, 429, 385, 318, 231, 220, 219, 209, 201, 200, 97, 87, 86, 76, 73, 64, 62, 59, 54, 36, 35, 32, 31, 30, 28, 26, 15]",0.03396966890483909,0.06,0.45090432072477005,0.5558393229772572,0.5003855050115651,0.19999999999999996
"[8302, 8046, 7924, 7789, 7654, 7514, 7278, 6885, 6006, 5739, 5153, 4925, 4707, 4448, 4197, 3567, 3417, 2916, 2783, 2427, 2401, 2159, 2126, 2102, 1905, 1873, 1582, 1514, 1379, 1128, 1098, 1094, 1092, 1068, 824, 614, 600, 596, 590, 564, 553, 529, 413, 318, 97, 87, 86, 76, 73, 64, 62, 59, 54, 40, 38, 36, 35, 32, 31, 30, 28, 26, 25]",0.025994443158138456,0.38,0.4442659221708526,0.5093793768092634,0.6193780519146749,0.19999999999999996
"[7886, 6274, 4478, 4469, 3227, 2250, 2126, 2102, 2054, 1907, 1904, 1873, 1697, 1694, 1687, 1582, 1547, 1546, 1404, 1332, 1305, 1296, 1277, 1231, 1199, 1184, 1128, 1098, 1094, 1092, 1068, 880, 851, 824, 806, 734, 665, 627, 624, 614, 600, 596, 590, 582, 564, 553, 529, 370, 318, 294, 290, 283, 231, 219, 201, 200, 173, 172, 165, 162, 144, 141, 138, 132, 87, 86, 76, 73, 64, 62, 59, 54, 40, 38, 36, 35, 32, 31, 30, 28, 26, 25, 24]",0.03664274137531836,0.18,0.4537251501686802,0.3953227207786013,0.2986378822924698,0.19999999999999996
"[8574, 8494, 8370, 7794, 7563, 7526, 7122, 7107, 7101, 7095, 7072, 6658, 6579, 6536, 6013, 5705, 5498, 5078, 4451, 4028, 3628, 3454, 3419, 3227, 3037, 2972, 2479, 2384, 2362, 2126, 2102, 2066, 2054, 2019, 1953, 1905, 1707, 1697, 1687, 1582, 1556, 1555, 1546, 1532, 1454, 1450, 1421, 1277, 1199, 1184, 1098, 1094, 1092, 1068, 713, 673, 627, 600, 596, 564, 553, 529, 495, 446, 433, 429, 385, 231, 224, 220, 209, 208, 190, 171, 162, 155, 144, 138, 124, 86, 76, 73, 64, 62, 59, 54, 40, 35, 30, 25, 15, 13, 2]",0.03334683954619125,0.08,0.4989102427678247,0.5515555876336456,0.47417116422513494,0.0
"[8554, 8178, 7979, 7924, 7789, 7526, 7028, 6774, 6133, 6010, 5996, 5495, 5029, 4990, 4725, 4083, 3950, 3785, 3567, 3491, 3449, 3440, 2468, 2159, 2102, 2028, 1905, 1900, 1582, 1098, 1094, 1092, 1068, 935, 882, 734, 627, 618, 564, 553, 416, 231, 219, 173, 171, 162, 97, 86, 74, 73, 64, 62, 59, 54, 42, 38, 36, 35, 15, 13]",0.023445241954156055,0.41,0.4513349348472516,0.4951479383562546,0.6879979439732716,0.0
"[8453, 8195, 5624, 5227, 4481, 4480, 4478, 4469, 4038, 3227, 2126, 2102, 2012, 1907, 1904, 1873, 1697, 1582, 1556, 1555, 1553, 1546, 1404, 1332, 1231, 1128, 1112, 1098, 1094, 1092, 1022, 998, 934, 880, 851, 824, 806, 734, 627, 624, 614, 600, 596, 590, 564, 553, 529, 474, 458, 442, 429, 370, 318, 294, 290, 231, 219, 201, 173, 172, 162, 144, 141, 138, 87, 86, 76, 73, 64, 62, 59, 40, 36, 35, 32, 31, 30, 28, 25, 22, 15, 13]",0.03672377865246585,0.19,0.4543725352419632,0.42435496153489227,0.3418144435877667,0.0
"[8574, 8427, 8237, 7916, 7638, 7514, 7137, 7122, 7107, 7101, 7095, 7072, 6706, 6579, 6536, 6439, 6362, 6349, 6274, 5639, 5328, 4896, 4834, 4451, 4264, 4028, 3454, 3417, 3287, 3271, 3204, 3104, 3037, 2787, 2776, 2745, 2709, 2479, 2250, 2019, 1953, 1781, 1712, 1697, 1694, 1687, 1680, 1585, 1532, 1454, 1450, 1443, 1421, 1231, 1188, 1184, 1128, 1022, 1013, 920, 734, 665, 627, 624, 614, 600, 583, 553, 446, 442, 433, 385, 294, 231, 229, 222, 220, 219, 214, 209, 208, 201, 173, 172, 165, 162, 144, 141, 138, 132, 87, 86, 70]",0.030483908312109283,0.08,0.49400700244508366,0.5574416899398118,0.5859676175790285,0.19999999999999996
"[8117, 8063, 5639, 5634, 5495, 4995, 4478, 3204, 2951, 2184, 1981, 1916, 1233]",0.003556378791386895,0.88,0.2138534057069047,0.352476411004652,0.9745566692367,0.19999999999999996
"[8574, 8427, 7916, 7122, 7107, 7101, 7095, 7072, 6920, 6579, 6536, 6362, 6349, 6195, 6013, 5975, 5078, 4834, 4483, 4451, 4448, 4071, 4028, 3724, 3454, 3327, 3287, 3037, 2972, 2916, 2820, 2796, 2787, 2776, 2479, 2401, 2316, 2250, 2019, 1953, 1873, 1866, 1781, 1740, 1636, 1582, 1532, 1454, 1450, 1421, 1379, 1319, 1277, 1274, 1231, 1199, 1068, 772, 734, 564, 553, 495, 446, 433, 429, 385, 291, 231, 229, 222, 220, 219, 214, 209, 201, 200, 173, 172, 165, 162, 87, 86, 62, 59, 54, 40, 36, 35, 32, 31, 30, 28, 26, 25, 1]",0.03250752489002084,0.06,0.48356708022856043,0.6037524168845054,0.5417630429195579,0.0
"[8586, 8488, 8376, 8128, 8061, 8046, 7514, 7347, 6981, 6976, 6967, 6920, 6848, 6780, 6715, 6309, 6143, 6097, 6027, 5975, 5974, 5947, 5704, 5684, 5639, 5634, 5495, 5452, 5444, 4995, 4936, 4806, 4448, 4437, 4083, 4038, 3920, 3900, 3491, 3417, 3402, 3394, 3327, 3204, 2951, 2950, 2916, 2878, 2820, 2796, 2506, 2401, 2316, 2239, 1916, 1894, 1875, 1873, 1836, 1754, 1697, 1694, 1627, 1379, 1354, 1319, 1274, 1231, 1184, 856, 816, 772, 590, 414, 318, 294, 290, 220, 209, 173, 165, 162]",0.021618430192174114,0.19,0.4612351944245322,0.6414542801678236,0.7859162169108198,0.19999999999999996
"[6775, 6579, 4497, 2957, 2479, 1697, 1582, 1556, 1555, 1068, 564, 553, 433, 162, 54, 40, 36, 35, 32, 31, 30, 28, 26, 22]",0.014516091687890715,0.77,0.3556668698741897,0.3289723528965499,0.8185556412233359,0.19999999999999996
"[8046, 3903, 1582, 1546, 1369, 564, 529, 290, 172, 62, 59, 54, 15, 13]",0.009561241028015744,0.87,0.36863598126121233,0.2671636880078321,0.8810074530968902,0.19999999999999996
"[8376, 8128, 7514, 7347, 6981, 6976, 6848, 6780, 6715, 6309, 6143, 6097, 5947, 5704, 5684, 5634, 5444, 4995, 4936, 4806, 4038, 3417, 3402, 3204, 2951, 2878, 2507, 2506, 2239, 1836, 1627, 1354]",0.005437601296596434,0.69,0.2840648462185399,0.4558714339984198,0.9609354921613981,0.4
"[8488, 8427, 8237, 7916, 7514, 6967, 6920, 6706, 6439, 6362, 5639, 5452, 5328, 4834, 4488, 4487, 4485, 4484, 4483, 4482, 4481, 4480, 4478, 4469, 4437, 4264, 4083, 3920, 3724, 3417, 3327, 3287, 3204, 2951, 2820, 2796, 2787, 2776, 2745, 2709, 2316, 2289, 2250, 1907, 1904, 1875, 1873, 1781, 1712, 1697, 1694, 1585, 1443, 1414, 1404, 1332, 1319, 1305, 1296, 1277, 1274, 1231, 1188, 1184, 1022, 920, 904, 880, 851, 824, 816, 806, 790, 772, 734, 600, 583, 442, 429, 392, 370, 318, 294, 291, 290, 283, 231, 229, 222, 220, 219, 214, 209, 208, 173, 165, 162, 87, 86, 70]",0.03455429497568882,0.01,0.4568884103271482,0.46701772289851795,0.4600359804677461,0.19999999999999996
"[8574, 8427, 8376, 7916, 7347, 7122, 7107, 7101, 7095, 7072, 6920, 6579, 6535, 6362, 6349, 6309, 6195, 6013, 5975, 5684, 5639, 5634, 5078, 4995, 4834, 4451, 4448, 4071, 4028, 3724, 3454, 3327, 3287, 3204, 3037, 2972, 2951, 2916, 2820, 2796, 2787, 2776, 2479, 2401, 2316, 2250, 2019, 1953, 1873, 1866, 1836, 1781, 1740, 1636, 1582, 1532, 1454, 1450, 1421, 1379, 1319, 1277, 1274, 1231, 1199, 1068, 772, 734, 564, 553, 495, 446, 433, 429, 385, 291, 231, 229, 222, 220, 219, 214, 209, 201, 200, 173, 172, 165, 87, 86, 62, 59, 54, 40, 36]",0.02989233618893262,0.06,0.5125687180149555,0.6238564542083405,0.6183500385505012,0.19999999999999996
"[6274, 3227, 2250, 2126, 2102, 2054, 1697, 1694, 1687, 1582, 1547, 1546, 1305, 1296, 1277, 1231, 1199, 1184, 1128, 1098, 1094, 1092, 1068, 734, 665, 627, 624, 614, 600, 596, 590, 582, 564, 553, 529, 283, 231, 209, 201, 200, 173, 172, 165, 162, 144, 141, 138, 132, 87, 86, 76, 73, 64, 62, 59, 54, 40, 38, 36, 35, 32, 31, 30, 28, 26, 25, 24]",0.03139152581616115,0.34,0.4565635685781997,0.38721000126050487,0.4253405294268825,0.19999999999999996
"[8376, 8128, 7514, 7347, 6981, 6976, 6920, 6848, 6780, 6715, 6309, 6143, 6097, 5947, 5704, 5684, 5639, 5634, 5495, 5452, 5444, 4995, 4936, 4806, 4038, 3417, 3402, 3327, 3204, 2951, 2878, 2820, 2796, 2506, 2239, 1836, 1697, 1694, 1627, 1354, 1274, 1231, 1184, 856, 772, 590, 240, 209, 173, 165, 162]",0.014292660338041212,0.5,0.4100139335579851,0.531466751871041,0.8643022359290671,0.19999999999999996
"[8586, 8061, 8046, 6274, 6027, 5975, 5974, 5495, 4448, 3491, 3394, 3227, 2950, 2916, 2401, 2126, 2102, 1916, 1894, 1873, 1697, 1694, 1687, 1582, 1547, 1546, 1379, 1231, 1199, 1184, 1128, 1098, 1094, 1092, 1068, 856, 734, 665, 627, 624, 614, 600, 596, 590, 582, 564, 553, 529, 414, 397, 294, 290, 201, 200, 173, 172, 165, 162, 144, 141, 138, 132, 87, 86, 76, 73, 64, 62, 59, 54, 40, 38, 36, 32, 31, 30, 28, 26, 25, 24, 13]",0.03226325538319055,0.2,0.4923941487617147,0.4835747322747024,0.43227961963505523,0.0
"[8586, 8498, 8441, 8128, 8061, 8046, 7654, 7514, 7145, 6981, 6976, 6631, 6027, 5974, 5940, 5495, 5452, 5083, 4995, 4991, 4936, 4448, 4083, 4072, 3920, 3900, 3417, 3327, 3026, 2983, 2950, 2916, 2878, 2820, 2507, 2401, 2126, 2102, 2054, 2035, 2006, 1916, 1894, 1875, 1795, 1582, 1547, 1546, 1514, 1379, 1354, 1274, 1259, 1098, 1094, 1092, 1068, 991, 856, 772, 614, 600, 596, 590, 582, 564, 553, 529, 132, 86, 76, 73, 64, 62, 59, 54, 40, 38, 36, 35, 32, 31, 30, 28, 26, 25, 24]",0.029259087751794397,0.14,0.4868032940796313,0.6045360657002128,0.5818555641223335,0.19999999999999996
"[8458, 8302, 8269, 8046, 7924, 7789, 7278, 6885, 6006, 5739, 4483, 4482, 4481, 4480, 3567, 3227, 2983, 2401, 2159, 2102, 1905, 1790, 1697, 1694, 1582, 1456, 1305, 1184, 1128, 1098, 1094, 1092, 1068, 946, 824, 596, 590, 564, 553, 290, 192, 173, 172, 165, 162, 144, 141, 138, 87, 73, 64, 62, 59, 54, 40, 36, 35, 32, 31, 30, 28, 25]",0.027292197267886086,0.39,0.39351036079985735,0.43774093300991224,0.5893086610125932,0.0
"[8465, 8458, 4991, 4497, 4483, 4482, 4481, 4480, 4478, 2983, 2957, 2401, 2126, 2102, 2006, 1790, 1697, 1694, 1582, 1556, 1555, 1553, 1305, 1231, 1184, 1128, 1098, 1094, 1092, 1068, 1041, 946, 851, 824, 806, 736, 734, 665, 627, 624, 600, 596, 590, 564, 553, 370, 290, 240, 231, 219, 201, 173, 172, 165, 162, 144, 141, 138, 87, 86, 73, 64, 62, 59, 54, 40, 36, 35, 32, 28, 26, 22, 15, 13]",0.03347881454040287,0.27,0.4269086497265696,0.3775410942343034,0.42097147262914414,0.19999999999999996
"[8586, 8498, 8487, 8302, 8128, 8046, 7924, 7654, 6967, 6647, 6027, 5975, 5704, 5334, 5083, 4995, 4991, 4990, 4936, 4905, 4448, 4072, 3900, 3567, 3506, 3503, 2983, 2950, 2916, 2878, 2820, 2745, 2506, 2401, 2316, 2102, 1916, 1905, 1797, 1795, 1712, 1514, 1379, 1307, 1098, 1094, 1092, 816, 772, 229, 64, 62, 59]",0.012881454040287102,0.48,0.4064990469781796,0.5935409345024398,0.8856335132356721,0.19999999999999996
"[8467, 8465, 7028, 6010, 5624, 5227, 3891, 3764, 3449, 3440, 3227, 2855, 2186, 2126, 2102, 2012, 1768, 1694, 1687, 1582, 1555, 1553, 1546, 1231, 1184, 1128, 1098, 1094, 1092, 882, 734, 665, 627, 624, 614, 600, 596, 590, 564, 553, 529, 231, 201, 192, 173, 172, 165, 162, 141, 138, 124, 87, 86, 76, 67, 64, 62, 59, 54, 51, 40, 36, 35, 32, 30, 28, 25, 22, 15, 13]",0.030626302384811302,0.31,0.4445106483934087,0.39872948980365963,0.4762271909534824,0.19999999999999996
"[8574, 8427, 7916, 7871, 7122, 7107, 7101, 7095, 7072, 6919, 6579, 6536, 6362, 6349, 6195, 6013, 5975, 5078, 4961, 4834, 4483, 4451, 4448, 4071, 4028, 3724, 3454, 3327, 3287, 3037, 2972, 2916, 2820, 2796, 2787, 2776, 2479, 2401, 2316, 2250, 2019, 1953, 1873, 1866, 1781, 1740, 1636, 1582, 1532, 1454, 1450, 1421, 1379, 1319, 1277, 1274, 1231, 1199, 1068, 772, 734, 553, 495, 494, 446, 433, 429, 385, 291, 231, 229, 222, 220, 219, 214, 209, 201, 200, 173, 172, 165, 162, 87, 86, 62, 59, 54, 40, 36, 35, 32, 31, 30, 28, 26]",0.032152118545959715,0.06,0.47257875853424924,0.6146181684505598,0.5646363402724235,0.0
"[5227, 3227, 2126, 1697, 1694, 1687, 1507, 1332, 1184, 1128, 1098, 1092, 665, 627, 624, 614, 596, 590, 165, 162, 144, 141, 86, 79, 76, 73, 64, 62]",0.016040750173651308,0.73,0.4204035107932188,0.32754043958650836,0.7722950398355178,0.19999999999999996
"[8465, 6439, 6274, 4484, 4483, 4480, 2983, 2278, 2126, 2054, 2019, 1697, 1694, 1687, 1680, 1582, 1553, 1547, 1546, 1532, 1443, 1199, 1184, 1098, 1094, 1092, 1068, 1022, 946, 920, 906, 665, 596, 590, 564, 553, 529, 442, 429, 290, 172, 162, 144, 141, 138, 132, 86, 73, 64, 62, 59, 54, 40, 36, 35, 32, 24, 15]",0.028760129659643436,0.43,0.42294118582634577,0.40569239185480166,0.5335389360061681,0.19999999999999996
"[8498, 8487, 8441, 8427, 8128, 8061, 8046, 7962, 7916, 7789, 7654, 7514, 6981, 6976, 6967, 6920, 6647, 6631, 6362, 6027, 5975, 5974, 5739, 5495, 5452, 5070, 5029, 4991, 4990, 4834, 4707, 4448, 4437, 4197, 4083, 4072, 3920, 3900, 3536, 3506, 3491, 3417, 3327, 3287, 3026, 2983, 2916, 2878, 2796, 2787, 2783, 2776, 2745, 2507, 2468, 2401, 2316, 2035, 2006, 1916, 1894, 1875, 1873, 1795, 1712, 1627, 1532, 1514, 1379, 1354, 1307, 1274, 856, 816, 776, 772, 614, 590, 416, 343, 214, 208, 162, 97, 75, 38, 36, 35, 15, 13]",0.02429844871498032,0.11,0.46135074939161447,0.6718635060906917,0.756360832690825,0.19999999999999996
"[7654, 7514, 6981, 6976, 5704, 4936, 4925, 4707, 4478, 4448, 4197, 3417, 2916, 2783, 2401, 2126, 2102, 2006, 1873, 1582, 1563, 1514, 1379, 1231, 1128, 1098, 1094, 1092, 1068, 851, 824, 806, 736, 734, 627, 624, 614, 600, 596, 590, 582, 564, 553, 529, 413, 370, 318, 240, 231, 219, 201, 97, 87, 86, 76, 73, 67, 64, 62, 59, 54, 40, 38, 36, 35, 32, 31, 30, 28, 26, 25, 24]",0.03146909006714517,0.29,0.45030503293182544,0.4711633546502506,0.4901053713698278,0.0
"[8586, 8554, 8447, 8302, 8178, 7979, 7924, 7789, 7526, 7028, 6774, 6133, 6010, 5996, 5704, 5495, 5083, 4995, 4936, 4725, 4083, 3950, 3785, 3567, 3449, 3440, 2950, 2820, 2506, 2159, 2102, 2028, 1905, 1900, 1797, 1582, 1098, 1094, 1092, 1068, 935, 882, 734, 627, 618, 564, 553, 231, 229, 219, 173, 171, 97, 86, 74, 73, 64, 62, 59, 54, 42]",0.02168673304005557,0.4,0.41593754001493966,0.5280030772000321,0.7530197892572603,0.19999999999999996
"[8441, 7916, 7095, 6579, 5974, 5227, 4707, 4483, 4203, 4197, 3327, 2796, 2401, 2102, 2024, 1873, 1819, 1697, 1582, 1379, 1274, 1068, 1022, 564, 553, 495, 433, 361, 214, 162, 138, 97, 64, 62, 59, 54, 40, 36, 35, 32, 31, 30, 28, 26, 8, 4]",0.021163463764760363,0.55,0.4051032469666752,0.43678347277707763,0.7167823181701363,0.0
"[8488, 8467, 6981, 6976, 6967, 6920, 6439, 6274, 5974, 5452, 5333, 5070, 4936, 4490, 4488, 4487, 4485, 4484, 4482, 4481, 4480, 4478, 4469, 4437, 3920, 3900, 3536, 3287, 3227, 2878, 2316, 2250, 2126, 1907, 1904, 1875, 1873, 1697, 1694, 1687, 1454, 1443, 1414, 1404, 1332, 1319, 1305, 1296, 1277, 1231, 1199, 1184, 1128, 1098, 1022, 920, 911, 904, 880, 851, 824, 816, 806, 790, 776, 734, 665, 627, 624, 614, 600, 596, 590, 442, 429, 392, 370, 318, 294, 291, 290, 283, 231, 219, 214, 208, 201, 200, 173, 172, 165, 162, 144, 141, 138, 132, 87, 86, 76, 75]",0.0375434128270433,0.01,0.45559845778444863,0.4663404081389084,0.3487535337959393,0.19999999999999996
"[8574, 8277, 7798, 7638, 7122, 7107, 7101, 7095, 7072, 6579, 6536, 6349, 5078, 4896, 4451, 4028, 3454, 3271, 3104, 3037, 2479, 2250, 2126, 2102, 1953, 1582, 1454, 1450, 1421, 1231, 1128, 1098, 1094, 1092, 1068, 1013, 627, 624, 614, 596, 590, 583, 582, 564, 553, 446, 433, 385, 294, 231, 220, 219, 209, 201, 173, 172, 162, 141, 87, 86, 76, 73, 64, 62, 59, 54, 40, 38, 36, 35, 32, 31, 30, 28, 26, 25]",0.02898471868488076,0.25,0.4702283576473353,0.4878227405814851,0.525828835774865,0.19999999999999996
"[8465, 8458, 7794, 7122, 7107, 7101, 7095, 6579, 5078, 4991, 4488, 4487, 4485, 4484, 4483, 4482, 4481, 4480, 4478, 4028, 3037, 2983, 2820, 2665, 2401, 2126, 2102, 2019, 2006, 1790, 1697, 1694, 1594, 1582, 1553, 1546, 1532, 1443, 1305, 1231, 1184, 1128, 1098, 1094, 1092, 1068, 920, 906, 904, 851, 824, 806, 736, 734, 627, 624, 614, 600, 596, 590, 564, 553, 495, 446, 392, 386, 370, 290, 240, 231, 219, 201, 173, 172, 165, 162, 144, 141, 138, 87, 86, 76, 73, 64, 62, 59, 54, 40, 36, 35, 32, 15, 13]",0.03734313498495022,0.08,0.45206131089832136,0.43902823631734356,0.3292212798766384,0.19999999999999996
"[8467, 8453, 6920, 2316, 2102, 904, 564, 201, 141]",0.005091456355637879,0.92,0.2578671544174692,0.22720175959713884,0.9452582883577486,0.19999999999999996
"[6579, 2957, 2479, 1697, 1582, 1546, 1369, 1068, 947, 564, 553, 529, 433, 290, 172, 162, 62, 54, 40, 36, 35, 32, 31, 30, 28, 15, 13]",0.016450567260940033,0.74,0.41087498482549356,0.314996785329257,0.7694680030840401,0.19999999999999996
"[8453, 8046, 4483, 3903, 3460, 1582, 1556, 1555, 1553, 564, 141, 54, 26, 15]",0.009900439916647371,0.87,0.3019277443637052,0.28222337668108655,0.8938576201490619,0.19999999999999996
"[8453, 8195, 6274, 5639, 5634, 5624, 5227, 4481, 4480, 4478, 4469, 4038, 3227, 2126, 2102, 2012, 1907, 1904, 1873, 1697, 1582, 1404, 1332, 1231, 1128, 1112, 1098, 1094, 1092, 1068, 1022, 998, 934, 880, 851, 824, 806, 751, 734, 627, 624, 614, 600, 596, 590, 582, 564, 553, 474, 458, 442, 429, 370, 318, 294, 290, 231, 219, 201, 173, 172, 162, 144, 141, 138, 130, 87, 76, 73, 64, 62, 59, 54, 40, 38, 36, 35, 32, 31, 30, 28, 25]",0.036051169252141704,0.19,0.4502260970426647,0.4401730695251075,0.3739398612181959,0.19999999999999996
"[8574, 8494, 8370, 7563, 7526, 7072, 6658, 6582, 6536, 6013, 5705, 5498, 4469, 4451, 3628, 3454, 3419, 3227, 2972, 2479, 2384, 2362, 2126, 2102, 2066, 2054, 1953, 1907, 1905, 1904, 1873, 1707, 1697, 1687, 1582, 1556, 1555, 1546, 1454, 1450, 1421, 1404, 1332, 1277, 1199, 1184, 1098, 1094, 1092, 1068, 1022, 880, 713, 673, 627, 600, 596, 564, 553, 529, 442, 433, 429, 385, 318, 231, 224, 220, 209, 208, 190, 171, 162, 155, 144, 138, 86, 76, 75, 73, 64, 62, 59, 54, 40, 35, 30, 25, 15, 13, 2]",0.03579300764065756,0.1,0.479053149795751,0.5033948222347221,0.4016962220508866,0.19999999999999996
"[8487, 8427, 7916, 7886, 7789, 6967, 6920, 6362, 6274, 5739, 5704, 4834, 4707, 4478, 4469, 4203, 4197, 3287, 3227, 3204, 2796, 2787, 2776, 2745, 2316, 2250, 2102, 1907, 1904, 1873, 1712, 1697, 1694, 1687, 1627, 1404, 1332, 1307, 1305, 1296, 1277, 1231, 1199, 1184, 1128, 1094, 1092, 880, 851, 824, 816, 806, 734, 665, 627, 624, 614, 600, 596, 590, 516, 370, 318, 294, 290, 283, 231, 229, 219, 201, 200, 172, 165, 162, 144, 141, 138, 132, 97, 87, 75, 64]",0.03187311877749479,0.19,0.43613817504250885,0.5030537735949643,0.5232588023644307,0.0
"[8487, 6920, 6309, 6274, 5639, 5634, 4995, 4488, 4487, 4485, 4484, 4483, 4482, 4481, 4480, 4478, 4469, 3227, 3204, 2951, 2820, 2655, 2316, 2250, 2126, 2102, 1907, 1904, 1873, 1836, 1722, 1694, 1687, 1582, 1443, 1414, 1404, 1332, 1307, 1305, 1296, 1277, 1231, 1199, 1184, 1128, 1098, 1094, 1092, 1068, 1022, 920, 904, 880, 851, 824, 806, 790, 734, 665, 627, 624, 614, 600, 596, 590, 582, 564, 553, 442, 429, 392, 370, 318, 294, 290, 231, 219, 201, 200, 173, 172, 165, 162, 144, 141, 138, 132, 87, 86, 76, 73, 64, 62, 59, 54, 40, 38, 36]",0.03882959018291272,0.02,0.47353429716120987,0.41182758761799376,0.2567463377023901,0.19999999999999996
"[8237, 6975, 6706, 5639, 4264, 3204, 2745, 2709, 1712, 1697, 1585, 1188, 600, 583, 294, 87, 86, 70]",0.006700625144709424,0.83,0.34739268913676247,0.382401176685779,0.9236700077101002,0.19999999999999996
"[7219, 5639, 5634, 3089, 1068, 553, 247, 62, 40, 36, 35, 30]",0.007266728409354018,0.89,0.3207940128201533,0.2521140482319486,0.9208429709586224,0.19999999999999996
"[8488, 8427, 8237, 7916, 7514, 6967, 6920, 6706, 6362, 5975, 5974, 5639, 5495, 5452, 5328, 4834, 4448, 4437, 4264, 4083, 3920, 3900, 3724, 3417, 3327, 3270, 3204, 2951, 2916, 2820, 2796, 2787, 2776, 2745, 2709, 2401, 2316, 1875, 1873, 1781, 1712, 1697, 1585, 1379, 1319, 1274, 1231, 1188, 856, 816, 772, 734, 600, 583, 294, 291, 229, 222, 220, 214, 209, 208, 87, 86, 70]",0.019599444315813848,0.36,0.4597167875176734,0.5665843389272822,0.7874582369570804,0.19999999999999996
"[8465, 4991, 4487, 4485, 2983, 2820, 2665, 2401, 2006, 1697, 1694, 1582, 1553, 1546, 1305, 1184, 1068, 906, 736, 553, 386, 179, 173, 172, 165, 162, 144, 141, 138, 40, 36, 35, 32, 15, 13]",0.019990738596897432,0.66,0.3645133505494693,0.3518750867530488,0.7262914417887433,0.19999999999999996
"[6952, 6920, 6439, 6429, 5639, 5634, 4483, 2316, 2126, 2102, 1697, 1582, 1299, 1128, 1098, 1094, 1092, 1068, 751, 624, 614, 600, 596, 590, 582, 564, 553, 173, 172, 165, 162, 130, 87, 86, 76, 73, 64, 62, 59, 54, 40, 38, 36, 35]",0.022457744848344525,0.57,0.4193116512707469,0.4132385697422418,0.6666666666666667,0.19999999999999996
"[8586, 8498, 8488, 8487, 8427, 8302, 8128, 8061, 8046, 7916, 7514, 6981, 6976, 6967, 6920, 6647, 6362, 6027, 5975, 5974, 5704, 5495, 5452, 5083, 4995, 4991, 4936, 4834, 4448, 4437, 4083, 3920, 3900, 3724, 3506, 3491, 3417, 3394, 3327, 3287, 2983, 2949, 2916, 2878, 2820, 2796, 2787, 2776, 2745, 2506, 2401, 2316, 1916, 1894, 1875, 1873, 1797, 1795, 1781, 1712, 1694, 1379, 1319, 1307, 1274, 1184, 856, 816, 772, 734, 414, 291, 290, 229, 222, 220, 214, 208, 173, 165, 162]",0.020909932854827507,0.2,0.45213172300315485,0.6624556384871447,0.8023644307375996,0.19999999999999996
"[8376, 8128, 7514, 7347, 7028, 6981, 6976, 6848, 6780, 6715, 6309, 6143, 6097, 6061, 6010, 5947, 5704, 5684, 5639, 5634, 5624, 5444, 5227, 4995, 4936, 4806, 4038, 3891, 3449, 3440, 3417, 3402, 3204, 2951, 2878, 2239, 2126, 2102, 2012, 1836, 1768, 1694, 1627, 1231, 1184, 1128, 1098, 1094, 1092, 882, 734, 627, 624, 614, 600, 596, 590, 231, 201, 192, 173, 165, 162, 124, 87, 86, 76, 67, 64, 62, 59]",0.024620282472794627,0.3,0.4654946680843669,0.5756475290586268,0.6915959907478797,0.19999999999999996
"[8330, 8117, 6952, 4492, 2126, 2102, 2028, 1098, 1094, 1092, 596, 590, 582, 209, 87, 86, 76, 73, 62, 59, 54]",0.013328316739986107,0.8,0.35430773305562624,0.3405071443349905,0.8368028784374197,0.19999999999999996
"[8453, 4961, 4483, 2102, 904, 564, 201, 141, 8]",0.006903218337578143,0.92,0.26565234399468207,0.24298538456037555,0.9288100745309689,0.19999999999999996
"[8450, 8302, 8063, 8046, 7924, 7654, 6647, 5495, 5449, 4991, 4990, 4905, 4483, 4478, 4448, 4072, 3567, 3096, 2916, 2401, 1981, 1916, 1905, 1514, 1379, 1233, 229, 162, 4]",0.00868951146098634,0.72,0.2620447439172494,0.4619323590974156,0.930609097918273,0.19999999999999996
"[8467, 8465, 8330, 8046, 7028, 6793, 6305, 6010, 5624, 5227, 4995, 3891, 3764, 3449, 3440, 3227, 2950, 2855, 2126, 2102, 2028, 2012, 1768, 1694, 1687, 1582, 1555, 1553, 1231, 1184, 1128, 1098, 1094, 1092, 882, 734, 665, 627, 624, 614, 600, 596, 590, 564, 553, 231, 201, 192, 173, 172, 165, 162, 124, 87, 86, 76, 67, 64, 62, 59, 54, 51, 40, 36, 35, 32, 30, 28, 25, 22]",0.0296515397082658,0.31,0.43516051816033674,0.454583762617217,0.5319969159599075,0.19999999999999996
"[8467, 8062, 8046, 5634, 5495, 4995, 3204, 2951, 2028, 1916]",0.0024218569113220656,0.91,0.19703782943574377,0.2993118578576611,0.9789257260344384,0.4
"[8441, 8427, 8061, 8046, 7916, 7789, 6981, 6976, 5975, 5495, 4936, 4925, 4707, 4083, 4072, 3417, 3327, 2783, 2776, 2102, 2035, 2006, 1894, 1873, 1582, 1532, 1379, 1274, 1094, 1092, 1068, 856, 824, 590, 564, 553, 529, 413, 343, 318, 64, 62, 59, 54, 40, 38, 36, 35, 32, 31, 30, 28, 26, 25]",0.02185343829590183,0.47,0.4161161685199679,0.4711243574947611,0.7049601644821383,0.0
"[8574, 8302, 7789, 7654, 7514, 7122, 7107, 7101, 7095, 7072, 6579, 6536, 6349, 6013, 5975, 5739, 5078, 4707, 4484, 4483, 4480, 4451, 4448, 4197, 4028, 3454, 3417, 3037, 2972, 2916, 2783, 2479, 2401, 2250, 2126, 2102, 2054, 2019, 1953, 1873, 1866, 1804, 1740, 1582, 1547, 1546, 1532, 1514, 1454, 1450, 1421, 1419, 1379, 1277, 1231, 1199, 1128, 1098, 1094, 1092, 1068, 906, 614, 600, 596, 590, 529, 495, 446, 433, 429, 385, 231, 220, 219, 209, 201, 200, 141, 97, 87, 86, 76, 73, 64, 62, 59, 54, 36, 35, 32, 31, 30, 15, 13]",0.03455082194952535,0.06,0.45753292381336264,0.5687452142012941,0.4805962477512208,0.0
"[8586, 8488, 8427, 8061, 8046, 7916, 7514, 6967, 6920, 6362, 6027, 5975, 5974, 5495, 5452, 5328, 4834, 4448, 4437, 4083, 3920, 3900, 3724, 3491, 3417, 3394, 3327, 3287, 2950, 2916, 2820, 2796, 2787, 2776, 2401, 2316, 1916, 1894, 1873, 1781, 1694, 1379, 1319, 1274, 1231, 1184, 1002, 856, 816, 772, 734, 414, 291, 290, 229, 222, 220, 214, 209, 208, 173, 165, 162]",0.01858763602685807,0.38,0.429171508322986,0.5909688984311523,0.8118735543562066,0.19999999999999996
"[8586, 8498, 8487, 8128, 6967, 6027, 5975, 5704, 5334, 5083, 4995, 4936, 3900, 3506, 3503, 2983, 2950, 2878, 2820, 2745, 2506, 2102, 1916, 1797, 1795, 1712, 1307, 1098, 1094, 1092, 816, 772, 64, 62, 59]",0.009768464922435749,0.66,0.376075514112037,0.5147006019163372,0.9085068105885377,0.19999999999999996
"[8574, 8498, 8451, 8450, 8237, 7122, 7107, 7101, 7095, 7072, 6981, 6976, 6967, 6579, 6536, 6349, 6013, 5975, 5974, 5452, 5229, 5078, 4936, 4925, 4483, 4451, 4028, 3975, 3920, 3900, 3454, 3227, 3204, 3037, 2972, 2878, 2746, 2479, 2250, 2126, 2102, 2019, 1953, 1875, 1740, 1697, 1694, 1687, 1532, 1454, 1450, 1421, 1354, 1277, 1231, 1199, 1184, 1094, 1092, 1068, 824, 665, 616, 590, 564, 495, 446, 433, 429, 385, 231, 220, 219, 209, 201, 200, 173, 172, 165, 162, 144, 141, 86, 76, 73, 64, 62, 59, 54, 36, 35, 31, 30, 15]",0.033796017596665895,0.07,0.4341411792332124,0.5263310204921412,0.5098946286301722,0.19999999999999996
"[8574, 8277, 7798, 7638, 7122, 7107, 7101, 7095, 7072, 6579, 6536, 6349, 5227, 5078, 4896, 4451, 4028, 3454, 3271, 3037, 2479, 2250, 2126, 1953, 1582, 1556, 1555, 1553, 1546, 1454, 1450, 1421, 1231, 1128, 1098, 1094, 1068, 1013, 627, 624, 614, 596, 590, 583, 564, 553, 446, 433, 385, 294, 231, 220, 219, 214, 209, 201, 173, 172, 162, 141, 138, 87, 86, 76, 73, 40, 36, 35, 32, 31, 30, 28, 22, 15, 13]",0.02883653623523964,0.26,0.4746860411195014,0.4735143117495588,0.5409920328964277,0.19999999999999996
"[8574, 8494, 7563, 7275, 7122, 7107, 7101, 7095, 7072, 6579, 6536, 5498, 5078, 4567, 4451, 4028, 3454, 3419, 3227, 3037, 2972, 2479, 2384, 2362, 2126, 2102, 2019, 1993, 1953, 1905, 1707, 1697, 1687, 1556, 1555, 1553, 1546, 1532, 1454, 1450, 1421, 1277, 1199, 1184, 1098, 1096, 1094, 1092, 1068, 819, 713, 673, 627, 600, 596, 564, 529, 495, 446, 433, 429, 428, 385, 224, 220, 209, 208, 190, 171, 162, 155, 144, 138, 124, 86, 76, 73, 64, 62, 59, 54, 40, 36, 35, 32, 31, 30, 28, 25, 22, 15, 13]",0.03375318360731651,0.09,0.5078094113657237,0.5203738498553323,0.45052685684913907,0.19999999999999996
"[8586, 8498, 8128, 8061, 8051, 8046, 7654, 7514, 7219, 7145, 6981, 6976, 6967, 6647, 6631, 6097, 6027, 5974, 5634, 5495, 5452, 5229, 5083, 4995, 4991, 4936, 4448, 4083, 4072, 3920, 3900, 3506, 3417, 3204, 3089, 3056, 3026, 2983, 2951, 2950, 2916, 2878, 2682, 2507, 2401, 2316, 2035, 2006, 1941, 1916, 1894, 1875, 1532, 1514, 1379, 1354, 1307, 1128, 1091, 991, 966, 856, 816, 802, 627, 624, 600, 87]",0.014785830053253068,0.33,0.40944386887335427,0.6202409203345183,0.8707273194551529,0.19999999999999996
"[8465, 8451, 8450, 8237, 5291, 4991, 4925, 4483, 3975, 2983, 2401, 2126, 2006, 1582, 1553, 1128, 1098, 1094, 1092, 1068, 946, 824, 627, 624, 600, 596, 590, 564, 553, 318, 290, 172, 162, 87, 86, 73, 64, 62, 59, 54, 40, 36, 35, 32, 28, 26, 24, 15]",0.024445473489233618,0.53,0.38734874445730183,0.3405075611721783,0.6322282189668466,0.19999999999999996
"[8277, 7798, 6920, 2316, 2102, 1582, 1161, 1098, 1094, 1092, 1068, 618, 590, 583, 582, 564, 294, 76, 64, 62, 59, 54, 38, 36, 35, 32, 31, 30, 28, 26, 25]",0.016506135679555455,0.7,0.4030898311900214,0.3400728533647478,0.7584168594191725,0.19999999999999996
"[5886, 1546, 15, 13]",0.003058578374623756,0.97,0.28582615410154144,0.1928759301022568,0.9591364687740941,0.19999999999999996
"[6793, 5639, 2314, 13]",0.0013683723084047233,0.97,0.21753488784463015,0.23403511277357825,0.9843227961963505,0.6
"[8453, 8427, 8061, 8046, 7916, 6274, 5639, 5634, 5624, 5495, 5227, 3506, 3327, 2796, 2126, 2102, 2012, 1916, 1873, 1781, 1582, 1274, 1231, 1128, 1112, 1098, 1094, 1092, 1068, 1002, 934, 751, 734, 627, 624, 614, 600, 596, 590, 582, 564, 553, 290, 173, 162, 138, 130, 87, 76, 73, 64, 62, 59, 54, 40, 38, 36, 35, 32, 31, 30, 28, 25]",0.026525816161148415,0.38,0.43454852372342134,0.4515150217284597,0.5962477512207658,0.0
"[8128, 8104, 7145, 7089, 7086, 6631, 6274, 6112, 5083, 4488, 4484, 3506, 3227, 3026, 2983, 2126, 2102, 2101, 2035, 2006, 1873, 1872, 1790, 1697, 1694, 1687, 1582, 1547, 1546, 1532, 1414, 1332, 1305, 1296, 1231, 1184, 1128, 1098, 1094, 1092, 1068, 935, 904, 736, 734, 665, 627, 624, 614, 600, 596, 590, 582, 564, 553, 529, 397, 318, 283, 240, 231, 219, 209, 201, 172, 162, 144, 141, 138, 132, 87, 86, 76, 73, 64, 62, 59, 54, 40, 38, 36, 35, 32, 31, 30, 28, 26, 25, 24, 13]",0.036949525353091,0.11,0.4656559126912544,0.4921166545959117,0.35646363402724235,0.19999999999999996
"[7797, 6920, 5495, 5452, 3764, 3327, 3227, 3104, 2855, 2820, 2798, 2506, 2102, 1697, 1694, 1582, 1354, 1274, 1231, 1184, 1094, 1092, 1068, 856, 772, 590, 583, 582, 564, 553, 240, 209, 173, 172, 165, 162, 141, 64, 62, 59, 54, 51, 40, 38, 36, 35, 32, 31, 30, 28, 26, 25]",0.023581847649918962,0.49,0.45581455586813613,0.41695035088418175,0.6414803392444102,0.19999999999999996
"[8465, 8451, 8450, 8237, 7332, 5291, 4991, 4925, 4488, 4483, 3975, 2983, 2401, 2126, 2006, 1582, 1553, 1443, 1128, 1098, 1094, 1092, 1068, 1022, 946, 920, 824, 790, 627, 624, 600, 596, 590, 564, 553, 442, 392, 318, 290, 172, 162, 87, 86, 73, 64, 62, 59, 54, 40, 36, 35, 32, 28, 26, 24, 15]",0.027742532993748553,0.45,0.406055203333466,0.3624197847243402,0.5728604471858134,0.0
"[8117, 6274, 4487, 4485, 4484, 4483, 4482, 4481, 4480, 4478, 4469, 3227, 2250, 2126, 2102, 1907, 1904, 1873, 1697, 1694, 1687, 1582, 1547, 1414, 1404, 1332, 1305, 1296, 1277, 1231, 1199, 1184, 1128, 1098, 1092, 1068, 880, 851, 824, 806, 790, 734, 665, 627, 624, 614, 600, 596, 590, 582, 564, 553, 529, 370, 318, 294, 290, 283, 231, 219, 201, 200, 173, 172, 165, 162, 141, 138, 132, 87, 86, 76, 73, 64, 62, 59, 54, 40, 38, 36, 35, 32, 31, 30, 28, 26, 25, 24, 13]",0.03763834220884464,0.12,0.465813192311189,0.36370581581933115,0.2577743510665639,0.19999999999999996
"[8237, 6706, 5639, 4490, 3204, 2951, 2104, 1585, 1404, 904, 665, 429, 87, 70, 31, 12]",0.007894188469553138,0.85,0.29666426384629885,0.3265588528653933,0.9267540478026215,0.19999999999999996
"[8586, 8498, 8128, 7654, 7145, 6631, 6274, 6027, 5940, 5083, 4995, 4083, 4072, 3227, 3026, 2983, 2950, 2820, 2507, 2250, 2126, 2102, 2035, 2006, 1999, 1916, 1697, 1694, 1687, 1582, 1547, 1546, 1514, 1354, 1231, 1199, 1184, 1128, 1098, 1094, 1092, 1068, 734, 665, 627, 624, 614, 600, 596, 590, 582, 564, 553, 529, 294, 231, 209, 201, 200, 173, 172, 165, 162, 141, 138, 132, 87, 86, 76, 73, 64, 62, 59, 54, 40, 38, 36, 35, 32, 31, 30, 28, 26, 25, 24, 13]",0.03320444547348923,0.15,0.4969272856124948,0.5240246814636609,0.41942945258288356,0.19999999999999996
"[8574, 8494, 8370, 7563, 7526, 6658, 6535, 6013, 5705, 5498, 4451, 3628, 3454, 3419, 3227, 2384, 2362, 2126, 2102, 2066, 2054, 1905, 1707, 1697, 1687, 1582, 1556, 1555, 1546, 1421, 1277, 1199, 1184, 1098, 1094, 1092, 1068, 713, 673, 627, 600, 596, 564, 553, 529, 385, 231, 224, 220, 209, 208, 190, 171, 162, 155, 144, 138, 86, 76, 75, 73, 64, 62, 59, 54, 40, 35, 30, 25, 15, 13, 2]",0.0294663116462144,0.29,0.48202314119448086,0.46610247813408423,0.5245438190696479,0.19999999999999996
"[8574, 8450, 8427, 8063, 7916, 7122, 7107, 7101, 7095, 7072, 6920, 6579, 6535, 6362, 6349, 6195, 6013, 5975, 5495, 5449, 5078, 4834, 4483, 4478, 4451, 4448, 4071, 4028, 3724, 3454, 3327, 3287, 3037, 2916, 2820, 2796, 2787, 2776, 2479, 2401, 2316, 2250, 2019, 1981, 1953, 1916, 1873, 1866, 1781, 1740, 1636, 1582, 1532, 1454, 1450, 1421, 1379, 1319, 1277, 1274, 1233, 1231, 1199, 1068, 772, 734, 564, 553, 495, 446, 433, 429, 385, 291, 231, 229, 222, 220, 219, 214, 209, 201, 200, 173, 172, 165, 162, 87, 86, 62, 59, 54, 40, 4]",0.03175156286177356,0.07,0.4471606107962107,0.6248119108037784,0.6011308147005912,0.0
"[8453, 7122, 7107, 7101, 6089, 5078, 4961, 4483, 3037, 2102, 2019, 1866, 1532, 904, 564, 446, 201, 141, 8]",0.009127112757582774,0.82,0.301164460090408,0.38085392878639424,0.9105628373168851,0.19999999999999996
"[7072, 6582, 4469, 2972, 2479, 2102, 1953, 1907, 1904, 1873, 1582, 1556, 1555, 1553, 1546, 1454, 1450, 1404, 1332, 1068, 1022, 971, 880, 564, 529, 442, 433, 429, 410, 318, 59, 54, 36, 35, 32, 31, 30, 28, 22, 15, 13, 1]",0.021940263949988423,0.59,0.4176722107790516,0.37420206891863794,0.6718067334875353,0.19999999999999996
"[8574, 8302, 7789, 7654, 7514, 7095, 7072, 6579, 6536, 6349, 6013, 5975, 5739, 4484, 4483, 4480, 4451, 4448, 4197, 4028, 3454, 3417, 2972, 2916, 2783, 2479, 2401, 2250, 2126, 2102, 2054, 1953, 1873, 1804, 1740, 1582, 1547, 1546, 1514, 1454, 1450, 1421, 1419, 1379, 1277, 1231, 1199, 1128, 1098, 1094, 1092, 1068, 906, 614, 600, 596, 590, 529, 495, 433, 429, 385, 231, 220, 219, 209, 201, 200, 141, 97, 87, 86, 76, 73, 64, 62, 59, 54, 36, 35, 32, 31, 30, 15, 13]",0.03297638342208845,0.16,0.4451830220241222,0.5356666293380009,0.4988434849653045,0.19999999999999996
"[8467, 8465, 6920, 5495, 3891, 3764, 3327, 3227, 2855, 2820, 2798, 2186, 2102, 1694, 1687, 1582, 1555, 1553, 1546, 1274, 1231, 1184, 857, 772, 665, 590, 564, 553, 529, 240, 209, 173, 172, 165, 162, 141, 138, 62, 59, 54, 51, 40, 36, 35, 32, 30, 28, 25, 22, 15, 13]",0.023772864088909468,0.5,0.40094224445153137,0.35355329884905007,0.6373682857877152,0.19999999999999996
"[8453, 8061, 8046, 7654, 7514, 6274, 5974, 5639, 5634, 5495, 4991, 4448, 4083, 4072, 3417, 2983, 2916, 2401, 2126, 2102, 2006, 1894, 1875, 1582, 1514, 1379, 1128, 1098, 1092, 1068, 856, 751, 671, 627, 624, 614, 600, 596, 590, 582, 564, 553, 201, 141, 130, 87, 76, 73, 64, 62, 59, 54, 40, 38, 36, 28, 25]",0.02298101412363973,0.44,0.4253798632021055,0.48429639162666616,0.6872269339501413,0.19999999999999996
"[8488, 6981, 6976, 6967, 6362, 5975, 5974, 5639, 5452, 5333, 4936, 4437, 4072, 3920, 3900, 3287, 2878, 2783, 2776, 2314, 1875, 1873, 1627, 1570, 1454, 1319, 1307, 911, 856, 816, 590, 343, 291, 214, 208, 75, 13]",0.010557999536929845,0.64,0.3806871837441548,0.4551963792092507,0.9002827036751477,0.19999999999999996
"[8488, 8376, 7916, 7514, 7347, 6967, 6920, 6848, 6715, 6362, 6309, 6143, 5975, 5974, 5947, 5684, 5639, 5634, 5495, 5452, 5328, 4995, 4834, 4448, 4437, 4083, 3920, 3900, 3724, 3417, 3327, 3270, 3204, 2951, 2916, 2820, 2796, 2787, 2776, 2745, 2401, 2316, 2239, 1875, 1873, 1836, 1781, 1697, 1379, 1319, 1274, 1231, 856, 816, 772, 734, 294, 291, 229, 222, 220, 214, 209, 208]",0.01723199814771938,0.37,0.4446062127663948,0.5876722981781093,0.8278077615008995,0.19999999999999996
"[6920, 5639, 5634, 4995, 3204, 2951, 2316, 2102, 1582, 1161, 1098, 1094, 1092, 1068, 618, 590, 582, 294, 132, 76, 64, 62, 59, 54, 38, 36, 35, 32, 31, 30, 28]",0.0162363973141931,0.7,0.40827960521572126,0.3564714214795611,0.7746080699049087,0.19999999999999996
"[8574, 8427, 8376, 7916, 7347, 7072, 6920, 6579, 6535, 6430, 6362, 6349, 6309, 6195, 6013, 5975, 5684, 5639, 5634, 4995, 4834, 4488, 4487, 4485, 4484, 4483, 4482, 4481, 4480, 4451, 4448, 4071, 3724, 3454, 3327, 3287, 3204, 2972, 2951, 2820, 2796, 2787, 2776, 2479, 2401, 2316, 2250, 1953, 1873, 1836, 1781, 1740, 1636, 1582, 1454, 1450, 1443, 1421, 1414, 1379, 1319, 1277, 1274, 1231, 1199, 1068, 1022, 920, 904, 772, 734, 564, 553, 442, 433, 429, 392, 385, 291, 231, 229, 222, 220, 219, 214, 209, 201, 200, 173, 172, 165, 87, 86, 62, 59, 54, 40, 36]",0.03336188932623293,0.03,0.4616045219291677,0.5624111951261361,0.5137496787458237,0.0
"[8487, 8427, 7916, 7789, 6967, 6920, 6362, 5739, 5704, 5060, 4834, 4707, 4203, 4197, 3900, 3287, 3204, 2878, 2796, 2787, 2776, 2745, 2316, 2102, 1712, 1307, 1094, 1092, 816, 614, 600, 596, 590, 516, 229, 132, 97, 75, 64]",0.012028247279462839,0.62,0.38671733014866083,0.5142106301425837,0.8758673862760216,0.19999999999999996
"[8586, 8498, 8487, 8441, 8427, 8128, 8061, 8046, 7916, 7789, 7654, 7514, 7145, 6981, 6976, 6967, 6920, 6631, 6536, 6362, 6027, 5974, 5940, 5739, 5495, 5452, 5083, 4995, 4991, 4936, 4834, 4707, 4448, 4351, 4203, 4197, 4083, 4072, 3900, 3417, 3327, 3287, 3204, 3104, 3026, 2983, 2950, 2916, 2878, 2820, 2796, 2787, 2776, 2745, 2507, 2401, 2316, 2102, 2035, 2006, 1916, 1894, 1875, 1795, 1712, 1514, 1421, 1379, 1354, 1307, 1274, 1094, 1092, 991, 856, 816, 772, 614, 600, 596, 516, 385, 229, 132, 97, 64]",0.020037045612410282,0.15,0.4642206153268543,0.6689509565273994,0.8167566178360319,0.19999999999999996
"[8441, 8427, 8237, 8061, 8046, 7916, 7789, 6975, 6706, 5975, 5639, 5495, 4936, 4707, 4264, 4083, 4072, 3417, 3327, 3204, 2783, 2776, 2745, 2709, 2035, 2006, 1894, 1873, 1712, 1697, 1585, 1532, 1379, 1274, 1188, 1094, 856, 600, 590, 343, 294, 87, 86, 70]",0.013537855985181755,0.57,0.41658061081275755,0.505821033416806,0.8576201490619378,0.19999999999999996
"[5895, 4484, 4483, 4480, 2102, 2054, 1697, 1582, 1547, 1546, 1456, 1184, 1092, 1068, 906, 564, 553, 192, 141, 67, 64, 62, 59, 54, 40, 36, 35, 32, 31, 13]",0.018345681870803425,0.71,0.36570283791040215,0.3178877841037939,0.744538679002827,0.19999999999999996
"[8487, 8465, 8178, 8104, 8061, 8046, 7654, 7514, 6981, 6976, 6967, 6920, 6647, 6133, 5974, 5495, 5452, 5070, 4991, 4936, 4490, 4484, 4480, 4448, 4083, 4072, 3920, 3900, 3567, 3536, 3506, 3417, 2983, 2916, 2878, 2506, 2401, 2316, 2126, 2054, 2006, 1894, 1875, 1582, 1553, 1547, 1546, 1514, 1379, 1307, 1098, 1094, 1092, 1068, 946, 906, 856, 816, 590, 564, 553, 529, 290, 172, 162, 141, 73, 64, 62, 59, 54, 40, 36, 35, 32, 24, 15, 13]",0.028609631859226672,0.23,0.40388031320319595,0.5546846868009587,0.6255461320997173,0.0
"[8574, 8427, 8237, 8061, 7916, 7638, 7514, 7072, 6706, 6536, 6362, 6349, 5974, 5639, 5328, 4991, 4896, 4834, 4487, 4485, 4484, 4483, 4482, 4481, 4480, 4478, 4469, 4451, 4264, 3604, 3454, 3417, 3327, 3287, 3271, 3204, 3104, 2951, 2916, 2787, 2776, 2745, 2709, 1953, 1907, 1904, 1873, 1795, 1781, 1712, 1697, 1585, 1421, 1414, 1404, 1332, 1305, 1296, 1277, 1231, 1188, 1128, 880, 851, 824, 806, 772, 734, 627, 624, 614, 600, 583, 553, 385, 370, 318, 294, 290, 283, 229, 222, 220, 214, 209, 208, 132, 87, 86, 70]",0.030772169483676778,0.11,0.43429403615636564,0.4561267136463252,0.5546132099717296,0.19999999999999996
"[8467, 6920, 5083, 4995, 2316, 2102, 1701, 564, 229]",0.0034903912942810832,0.92,0.2326673825341754,0.28403350892418444,0.9719866358262658,0.19999999999999996
"[8586, 8498, 8487, 8453, 8441, 8427, 8302, 8128, 8061, 8046, 7916, 7789, 7654, 7514, 6981, 6976, 6967, 6920, 6647, 6631, 6362, 6027, 5975, 5974, 5739, 5704, 5495, 5452, 5070, 4991, 4936, 4834, 4707, 4448, 4437, 4197, 4083, 4072, 3920, 3900, 3536, 3506, 3417, 3327, 3287, 3026, 2983, 2950, 2916, 2878, 2820, 2796, 2787, 2783, 2776, 2745, 2507, 2506, 2401, 2316, 2035, 2006, 1916, 1894, 1875, 1873, 1795, 1712, 1627, 1532, 1514, 1379, 1354, 1307, 1274, 904, 856, 816, 776, 772, 614, 590, 334, 214, 208, 201, 141, 97, 75]",0.022182218106043067,0.12,0.43271292308462816,0.6847570670470541,0.7954253405294269,0.19999999999999996
"[8574, 8277, 7798, 7638, 7122, 7107, 7101, 7095, 7072, 6579, 6536, 6349, 5227, 5078, 4896, 4451, 3454, 3271, 3037, 2479, 2295, 2250, 2126, 1953, 1582, 1556, 1555, 1553, 1546, 1454, 1450, 1421, 1231, 1128, 1098, 1094, 1068, 1022, 1013, 790, 627, 624, 614, 596, 590, 583, 564, 553, 446, 442, 433, 429, 385, 294, 231, 220, 219, 214, 209, 201, 173, 172, 162, 141, 138, 87, 86, 76, 73, 40, 36, 35, 32, 31, 30, 28, 22, 15, 13]",0.030282472794628385,0.22,0.4793913403605612,0.47171606634093544,0.5083526085839116,0.19999999999999996
"[8487, 8453, 8195, 6920, 6309, 6274, 5639, 5634, 5624, 5477, 5227, 4995, 4481, 4480, 4478, 4469, 4038, 3227, 3204, 2951, 2820, 2316, 2126, 2102, 1907, 1904, 1873, 1836, 1697, 1582, 1404, 1332, 1307, 1231, 1128, 1098, 1094, 1092, 1068, 1022, 998, 934, 880, 851, 824, 806, 734, 627, 624, 614, 600, 596, 590, 582, 564, 553, 474, 458, 442, 429, 370, 318, 294, 290, 231, 219, 201, 173, 172, 162, 144, 141, 138, 87, 76, 73, 64, 62, 59, 54, 40, 38, 36]",0.03494790460754804,0.18,0.4428399783884678,0.4900021024658996,0.4335646363402724,0.0
"[8488, 8451, 8450, 8441, 8427, 8061, 8046, 7916, 7789, 6981, 6976, 6967, 6362, 5975, 5974, 5495, 5452, 5333, 5070, 4936, 4707, 4483, 4437, 4083, 4072, 3920, 3900, 3536, 3417, 3327, 3287, 2878, 2783, 2776, 2062, 2035, 2006, 1894, 1875, 1873, 1627, 1532, 1454, 1319, 1274, 1010, 856, 816, 590, 343, 214, 208, 162, 75, 4]",0.01586709886547812,0.46,0.34121146920210155,0.5403912037400473,0.8640452325880237,0.19999999999999996
"[8488, 8467, 8302, 7924, 7789, 7278, 6774, 6362, 5975, 5739, 5684, 5670, 5639, 5145, 4990, 4437, 3950, 3491, 3287, 2983, 2783, 2776, 2278, 2159, 1905, 1873, 1319, 1068, 1026, 935, 614, 596, 553, 414, 413, 343, 291, 214, 208, 86]",0.012756425098402408,0.61,0.371837388590575,0.47650494766630636,0.8668722693395015,0.19999999999999996
"[5016, 294]",0.0011159990738596897,0.99,0.16183294464209974,0.19055878173275942,0.9935749164739142,0.6
"[8061, 8046, 6274, 5975, 5974, 5495, 4448, 3227, 2916, 2401, 2126, 2102, 1975, 1916, 1894, 1697, 1694, 1687, 1582, 1547, 1546, 1379, 1231, 1199, 1184, 1128, 1098, 1094, 1092, 1068, 856, 734, 665, 627, 614, 600, 596, 590, 582, 564, 553, 529, 397, 290, 201, 200, 173, 172, 165, 162, 144, 141, 138, 132, 87, 86, 76, 73, 64, 62, 59, 54, 40, 38, 36, 32, 31, 30, 28, 26, 25, 24, 13]",0.030774484834452418,0.28,0.47972990542641003,0.45963992353482697,0.46132099717296327,0.19999999999999996
"[6793, 5704, 5639, 75, 40]",0.0025584626070849735,0.96,0.23970826725886285,0.23645991319811865,0.9771267026471344,0.4
"[8465, 8451, 8450, 8237, 5291, 4991, 4925, 4488, 4483, 3975, 2983, 2401, 2126, 2006, 1582, 1553, 1128, 1098, 1094, 1092, 1068, 946, 824, 627, 624, 600, 596, 590, 564, 553, 318, 290, 205, 172, 162, 87, 86, 73, 64, 62, 59, 54, 40, 36, 35, 32, 28, 26, 15]",0.02478698772864089,0.52,0.37555425652623453,0.3395143604429016,0.6304291955795425,0.0
"[8586, 8498, 8441, 8427, 8237, 8128, 8061, 8046, 7654, 7514, 7145, 6981, 6976, 6706, 6631, 6362, 6027, 5974, 5940, 5495, 5452, 5328, 5083, 4995, 4991, 4936, 4834, 4448, 4264, 4083, 4072, 3920, 3900, 3417, 3327, 3287, 3204, 3026, 2983, 2951, 2950, 2916, 2878, 2820, 2787, 2776, 2745, 2709, 2507, 2401, 2035, 2006, 1916, 1894, 1875, 1795, 1712, 1697, 1585, 1514, 1379, 1354, 1274, 1259, 1231, 1188, 991, 966, 856, 772, 734, 614, 600, 596, 590, 583, 294, 229, 222, 220, 214, 209, 208, 132, 87, 86, 70]",0.02396735355406344,0.14,0.47649577813971633,0.6491369500845359,0.7460806990490876,0.19999999999999996
"[8487, 8467, 8453, 8178, 8061, 8046, 7916, 7654, 7514, 6981, 6976, 6967, 6920, 6647, 6143, 6133, 5975, 5974, 5495, 5452, 5069, 4991, 4936, 4448, 4138, 4083, 4072, 3920, 3900, 3567, 3536, 3506, 3417, 2983, 2916, 2878, 2796, 2506, 2401, 2316, 2126, 2102, 2006, 1894, 1875, 1781, 1514, 1379, 1274, 1128, 904, 856, 816, 624, 614, 596, 564, 553, 201, 141, 87, 86]",0.018446399629543878,0.39,0.39431202236115825,0.5626360872737683,0.8139295810845542,0.19999999999999996
"[2102, 1582, 1547, 1546, 1094, 1092, 1068, 582, 564, 553, 529, 64, 62, 59, 54, 40, 38, 36, 35, 32, 31, 30, 28, 26, 25, 13, 1]",0.0160893725399398,0.74,0.4119352289718635,0.3082822318172779,0.7494217424826523,0.19999999999999996
"[5895, 4484, 4483, 4480, 3484, 2102, 1697, 1582, 1547, 1546, 1184, 1092, 1068, 564, 553, 529, 141, 67, 64, 62, 59, 54, 40, 36, 35, 31, 26, 25, 24, 13]",0.018411669367909236,0.71,0.3669969348290152,0.32428829397230086,0.742739655615523,0.0
"[8453, 8289, 7219, 6097, 5229, 4961, 4483, 3089, 3056, 2682, 1941, 904, 8]",0.005393609631859227,0.88,0.24630939074906555,0.3194296217312851,0.9521973785659213,0.19999999999999996
"[1582, 1546, 1369, 947, 564, 529, 290, 62, 54, 28, 15, 13]",0.00922435749015976,0.89,0.3637830305536266,0.23282065570922605,0.8851195065535852,0.19999999999999996
"[8195, 5634, 4483, 1094, 162, 8, 4]",0.005334568187080342,0.94,0.24299015089437515,0.2621066863846725,0.9547674119763557,0.19999999999999996
"[7082, 6274, 4488, 4487, 4485, 4484, 4483, 4482, 4481, 4480, 4478, 4469, 3227, 2250, 2126, 1907, 1904, 1873, 1697, 1694, 1687, 1582, 1556, 1555, 1553, 1443, 1414, 1404, 1332, 1305, 1296, 1277, 1231, 1199, 1184, 1128, 1098, 1094, 1068, 1022, 920, 904, 880, 851, 824, 806, 790, 734, 665, 627, 624, 614, 600, 596, 590, 582, 564, 553, 442, 429, 392, 370, 318, 294, 290, 283, 231, 219, 201, 200, 173, 172, 165, 162, 144, 141, 138, 132, 87, 86, 76, 73, 40, 36, 35, 28, 22, 15, 13]",0.03778420930771012,0.12,0.4652032256513542,0.35428212130502923,0.2559753276792598,0.19999999999999996
"[5016, 1697, 1694, 1582, 1420, 1305, 1184, 1068, 294, 179, 173, 172, 165, 162, 40]",0.010241954156054642,0.86,0.32410541510125146,0.2927272348289621,0.8807504497558468,0.19999999999999996
"[8465, 8458, 7335, 4991, 4484, 4483, 4482, 4481, 4480, 4478, 3884, 3578, 2983, 2488, 2401, 2126, 2102, 2054, 2006, 1797, 1790, 1697, 1694, 1582, 1547, 1546, 1305, 1231, 1184, 1128, 1098, 1094, 1092, 1068, 946, 906, 851, 824, 806, 736, 734, 665, 627, 624, 600, 596, 590, 564, 553, 529, 370, 290, 240, 231, 219, 201, 173, 172, 165, 162, 144, 138, 87, 86, 73, 64, 62, 59, 54, 40, 35, 24, 13]",0.03248089835610095,0.28,0.4250072948683238,0.40517849431782815,0.46389103058339753,0.0
"[8117, 7047, 1420]",0.0016207455429497568,0.98,0.2126560427555113,0.21307532063868484,0.9861218195836546,0.4
"[8574, 8451, 8450, 8277, 7798, 7638, 7122, 7107, 7101, 7095, 7072, 6579, 6349, 5227, 5078, 4896, 4483, 4451, 4028, 3454, 3271, 3037, 2479, 2250, 2126, 1953, 1582, 1556, 1555, 1553, 1454, 1450, 1421, 1231, 1128, 1098, 1094, 1068, 1013, 1010, 627, 624, 614, 596, 590, 583, 564, 553, 446, 433, 294, 231, 220, 219, 214, 209, 201, 173, 172, 162, 150, 141, 87, 86, 76, 73, 40, 36, 35, 32, 31, 30, 28, 22, 15, 4]",0.03045843945357722,0.25,0.4242922094614162,0.4588818142372155,0.543562066306862,0.19999999999999996
"[5595, 4483, 2054, 1547, 1546, 1094, 529, 8]",0.0063128038897893035,0.93,0.2817347006705567,0.27744228528533177,0.9378051914674891,0.19999999999999996
"[8450, 8117, 8063, 7332, 5495, 5449, 5088, 4483, 4478, 1981, 1916, 1443, 1233, 1022, 920, 790, 442, 392, 162, 4]",0.009408427876823338,0.81,0.29201183898714544,0.3853684594167377,0.9038807504497558,0.19999999999999996
"[8467, 8159, 6920, 5083, 4995, 2316, 2102, 2054, 1546, 564]",0.0045531373003009955,0.91,0.2635847729384976,0.28304670591913694,0.9547674119763557,0.19999999999999996
"[8237, 7638, 7514, 6706, 6362, 5639, 5328, 4896, 4451, 4264, 3454, 3417, 3287, 3229, 3204, 2951, 2776, 2745, 2709, 1781, 1712, 1697, 1585, 1188, 734, 600, 583, 294, 222, 220, 214, 209, 208, 87, 86, 70]",0.012495948136142625,0.65,0.39753148884417344,0.41922576079780105,0.8679002827036751,0.19999999999999996
"[8450, 8117, 8063, 7028, 6780, 6143, 6061, 5624, 5495, 5449, 5227, 4483, 4478, 3449, 3440, 2893, 2012, 1981, 1916, 1768, 1627, 1233, 1128, 882, 734, 627, 624, 614, 600, 231, 162, 124, 4]",0.012837462375549896,0.68,0.32094814675194994,0.4470005368992188,0.8679002827036751,0.19999999999999996
"[6699, 6274, 4469, 3227, 2250, 2126, 2102, 2054, 1907, 1904, 1873, 1697, 1694, 1687, 1582, 1547, 1546, 1404, 1332, 1305, 1296, 1277, 1231, 1199, 1184, 1128, 1098, 1094, 1092, 1068, 880, 851, 824, 806, 734, 665, 627, 624, 614, 600, 596, 590, 582, 564, 553, 370, 318, 294, 290, 283, 231, 219, 201, 200, 173, 172, 165, 162, 144, 141, 138, 132, 87, 86, 76, 73, 64, 62, 59, 54, 40, 38, 36, 35, 32, 31, 30, 28, 26, 25, 24]",0.03649455892567724,0.2,0.4679962707580132,0.41376662346030646,0.31251606270881527,0.0
"[8487, 8427, 7916, 7789, 7654, 7514, 6967, 6920, 6362, 5975, 5739, 5704, 5060, 4834, 4707, 4448, 4203, 4197, 4072, 3900, 3567, 3287, 3204, 2916, 2878, 2796, 2787, 2776, 2745, 2401, 2316, 2102, 1712, 1514, 1379, 1307, 1094, 1092, 856, 816, 614, 600, 596, 590, 516, 343, 229, 132, 97, 75, 64]",0.014356332484371383,0.5,0.41530093599255624,0.540495637770446,0.8550501156515035,0.19999999999999996
"[8574, 8427, 8376, 7916, 7347, 7122, 7107, 7101, 7095, 7072, 6920, 6579, 6535, 6362, 6349, 6309, 6195, 6013, 5975, 5684, 5639, 5078, 4834, 4451, 4448, 4071, 4028, 3724, 3454, 3327, 3149, 3037, 2972, 2916, 2820, 2796, 2787, 2776, 2479, 2401, 2316, 2250, 2019, 1953, 1873, 1866, 1836, 1781, 1740, 1636, 1582, 1547, 1546, 1532, 1454, 1450, 1421, 1379, 1319, 1277, 1274, 1231, 1199, 1068, 772, 734, 564, 553, 529, 495, 446, 433, 429, 385, 291, 231, 229, 222, 220, 219, 214, 209, 201, 200, 173, 172, 165, 87, 86, 62, 59, 54, 40, 36, 1]",0.030686501504978002,0.06,0.517646785028377,0.6000733403592335,0.591621691081984,0.19999999999999996
"[8488, 6981, 6976, 6967, 6362, 5974, 5639, 5474, 5452, 5333, 5291, 4991, 4936, 4488, 4437, 4072, 3920, 3900, 3287, 2878, 2783, 2776, 2401, 2314, 1875, 1873, 1627, 1570, 1454, 1319, 1307, 1128, 911, 856, 816, 627, 624, 590, 343, 291, 214, 208, 75, 62, 13]",0.014531141467932392,0.56,0.3778078676171205,0.4706408378886684,0.8522230789000257,0.19999999999999996
"[8465, 4991, 4488, 4487, 4485, 4483, 2983, 2820, 2665, 2401, 2126, 2102, 2006, 1790, 1697, 1694, 1582, 1553, 1546, 1305, 1184, 1128, 1098, 1094, 1092, 1068, 906, 824, 736, 627, 624, 600, 596, 590, 564, 553, 407, 386, 290, 240, 173, 172, 165, 162, 144, 141, 138, 87, 86, 73, 64, 62, 59, 40, 36, 35, 32, 15, 13]",0.02888515860152813,0.42,0.41509822013299114,0.3944174230118347,0.5332819326651246,0.0
"[8237, 7638, 7514, 6706, 6362, 5639, 5328, 4896, 4451, 4264, 3454, 3417, 3287, 3229, 2951, 2776, 2745, 2709, 2089, 1873, 1781, 1712, 1697, 1585, 1332, 1188, 851, 824, 734, 600, 583, 442, 429, 318, 294, 222, 220, 214, 209, 208, 87, 86, 70]",0.016823338735818476,0.58,0.44137520275715314,0.4465300287215348,0.8018504240555127,0.19999999999999996
"[8586, 8498, 8441, 8427, 8128, 8061, 8046, 7654, 7514, 7145, 7073, 6981, 6976, 6631, 6362, 6195, 6027, 5974, 5940, 5495, 5452, 5328, 5083, 4995, 4991, 4936, 4834, 4448, 4083, 4072, 3920, 3900, 3724, 3417, 3327, 3287, 3026, 2983, 2950, 2916, 2878, 2820, 2787, 2776, 2745, 2507, 2401, 2035, 2006, 1916, 1894, 1875, 1795, 1712, 1697, 1636, 1582, 1514, 1379, 1354, 1274, 1259, 1231, 1068, 991, 856, 772, 734, 614, 596, 590, 564, 553, 229, 222, 220, 214, 209, 208, 162, 132, 87, 86, 62, 59, 54, 40, 4]",0.02649687427645288,0.13,0.4781910012771189,0.6451871938024695,0.6923670007710101,0.19999999999999996
"[8376, 7347, 6715, 6309, 5947, 5684, 5639, 5634, 4995, 3891, 3204, 2951, 2878, 2102, 1836, 1694, 1184, 1094, 192, 173, 162, 59]",0.008000694605232693,0.79,0.3475607004901379,0.37717251931099893,0.9185299408892316,0.19999999999999996
"[8487, 8474, 6920, 5683, 3227, 3204, 2820, 2316, 2250, 2126, 2102, 1795, 1722, 1695, 1694, 1687, 1582, 1556, 1555, 1553, 1546, 1307, 1305, 1296, 1277, 1199, 1128, 1098, 1092, 790, 772, 734, 665, 627, 624, 614, 600, 596, 590, 564, 553, 529, 294, 290, 283, 231, 219, 201, 200, 173, 172, 165, 162, 144, 141, 132, 87, 86, 76, 73, 64, 62, 59, 40, 36, 22, 15, 13]",0.030578837693910624,0.33,0.45177164634929334,0.42942159531590673,0.5096376252891288,0.19999999999999996
"[6274, 4483, 3227, 2320, 2250, 2126, 1907, 1904, 1873, 1697, 1694, 1687, 1582, 1556, 1555, 1553, 1332, 1305, 1296, 1277, 1231, 1199, 1184, 1128, 1098, 1094, 1068, 904, 880, 851, 824, 806, 790, 734, 665, 624, 614, 600, 596, 590, 582, 564, 553, 370, 318, 294, 290, 283, 231, 219, 201, 200, 173, 172, 165, 162, 144, 141, 138, 132, 87, 86, 76, 73, 40, 36, 35, 28, 22, 15, 13]",0.034036814077332715,0.3,0.4586953283522942,0.39342657370677825,0.4045232588023644,0.19999999999999996
"[8574, 8494, 7563, 7275, 7122, 7107, 7101, 7095, 7072, 6579, 6536, 5498, 5078, 4567, 4451, 4028, 3538, 3454, 3419, 3227, 3037, 2972, 2479, 2384, 2362, 2126, 2102, 2019, 1993, 1953, 1905, 1707, 1697, 1687, 1547, 1546, 1532, 1454, 1450, 1421, 1277, 1199, 1184, 1098, 1096, 1094, 1092, 1068, 819, 713, 673, 627, 600, 596, 564, 529, 495, 446, 433, 429, 428, 385, 224, 220, 209, 208, 190, 171, 162, 155, 144, 138, 124, 86, 76, 73, 64, 62, 59, 54, 40, 36, 35, 32, 31, 30, 28, 26, 25, 24, 22, 13]",0.03320328779810141,0.09,0.5043302642463354,0.5186358553109724,0.4667180673348753,0.19999999999999996
"[8586, 8488, 8427, 8237, 8128, 8117, 8104, 8061, 8046, 7916, 7514, 7145, 7086, 6967, 6920, 6802, 6706, 6631, 6541, 6362, 6027, 5975, 5974, 5639, 5495, 5452, 5328, 5083, 4834, 4492, 4487, 4448, 4437, 4264, 4083, 3920, 3900, 3506, 3491, 3417, 3394, 3327, 3270, 3026, 2983, 2951, 2950, 2916, 2820, 2796, 2787, 2776, 2709, 2401, 2316, 2226, 2006, 1916, 1894, 1875, 1873, 1712, 1697, 1672, 1585, 1414, 1379, 1319, 1274, 1231, 1188, 935, 856, 816, 772, 734, 600, 583, 414, 229, 222, 220, 214, 209, 208, 163, 132, 87, 86, 70]",0.02640194489465154,0.11,0.4260847453139751,0.693560300928779,0.7286044718581342,0.0
"[8586, 8498, 8128, 7654, 6631, 6274, 6027, 5940, 5083, 4995, 4072, 3227, 3026, 2950, 2820, 2507, 2250, 2126, 2102, 1999, 1916, 1697, 1694, 1687, 1582, 1547, 1546, 1514, 1354, 1231, 1199, 1184, 1128, 1098, 1094, 1092, 1068, 902, 734, 665, 627, 624, 614, 600, 596, 590, 582, 564, 553, 529, 294, 231, 209, 201, 200, 173, 172, 165, 162, 141, 138, 132, 87, 86, 76, 73, 64, 62, 59, 54, 40, 38, 36, 35, 32, 31, 30, 28, 26, 25, 24, 13]",0.03229914332021301,0.19,0.48948310492219116,0.5091032118921686,0.4263685427910563,0.19999999999999996
"[7916, 7654, 7514, 7072, 6536, 6143, 5975, 5974, 5495, 5452, 4991, 4896, 4448, 4083, 4072, 3920, 3417, 2983, 2916, 2796, 2401, 2126, 2006, 1953, 1927, 1894, 1875, 1781, 1556, 1555, 1553, 1546, 1514, 1450, 1421, 1379, 1274, 1128, 1068, 856, 624, 614, 596, 564, 553, 385, 294, 201, 162, 141, 138, 87, 86, 40, 36, 35, 32, 31, 30, 28, 22, 15, 13]",0.024037971752720537,0.38,0.46028682840330715,0.5407772866385898,0.6774608069904908,0.19999999999999996
"[8302, 7028, 6780, 6647, 6143, 6061, 6027, 5704, 5624, 5495, 5083, 4995, 4991, 4936, 3449, 2983, 2950, 2893, 2820, 2506, 2316, 1916, 1797, 1795, 1712, 1627, 1307, 772, 627, 614, 229, 124]",0.007492475109979161,0.69,0.3273164739532798,0.4604153156776686,0.941917244924184,0.19999999999999996
"[8488, 8451, 8450, 6967, 4483, 3900, 2878, 1454, 1404, 1319, 816, 665, 162, 31, 4]",0.007526047696225979,0.86,0.2608102325788392,0.309822490288335,0.9347211513749679,0.19999999999999996
"[8498, 8487, 8450, 8441, 8427, 8128, 8117, 8063, 8061, 8046, 7916, 7789, 7654, 7514, 6981, 6976, 6967, 6920, 6631, 6362, 5975, 5974, 5739, 5495, 5452, 5449, 5227, 5070, 4834, 4707, 4483, 4478, 4448, 4437, 4197, 4083, 4072, 3920, 3900, 3536, 3506, 3440, 3417, 3411, 3327, 3287, 3026, 2916, 2878, 2796, 2787, 2783, 2776, 2745, 2507, 2401, 2035, 2012, 2006, 1981, 1916, 1894, 1875, 1873, 1768, 1627, 1532, 1514, 1379, 1354, 1274, 1233, 1128, 882, 856, 816, 776, 734, 624, 614, 600, 590, 343, 231, 214, 208, 162, 97, 75, 4]",0.025614725630933085,0.11,0.408039654177929,0.671355439724561,0.7535337959393472,0.19999999999999996
"[8586, 8498, 8487, 8302, 8128, 7654, 7514, 7122, 7107, 7101, 7095, 6981, 6976, 6967, 6920, 6647, 6631, 6579, 6439, 6362, 6274, 6027, 5704, 5452, 5083, 5078, 4995, 4991, 4936, 4834, 4448, 4197, 4028, 3900, 3506, 3037, 3026, 2983, 2950, 2916, 2878, 2820, 2787, 2745, 2507, 2506, 2479, 2401, 2316, 2250, 2019, 1916, 1797, 1795, 1712, 1697, 1694, 1687, 1680, 1627, 1532, 1454, 1443, 1354, 1307, 1231, 1199, 1184, 1022, 1013, 920, 856, 816, 772, 665, 614, 590, 446, 442, 433, 429, 399, 343, 231, 229, 214, 201, 173, 172, 165, 162, 144, 141, 138, 132, 97, 75]",0.028753183607316508,0.04,0.4899726450011864,0.6103322806162754,0.6509894628630173,0.19999999999999996
"[8586, 8498, 8487, 8302, 8128, 6981, 6976, 6967, 6920, 6647, 6631, 6027, 5704, 5291, 5212, 5083, 4995, 4991, 4936, 4488, 3900, 3506, 2983, 2950, 2916, 2878, 2820, 2787, 2745, 2507, 2506, 2401, 2316, 2006, 1916, 1797, 1795, 1712, 1354, 1307, 1128, 816, 772, 627, 624, 600, 590, 229, 75, 62]",0.01406922898819171,0.51,0.35598771623039904,0.5963455270375762,0.8676432793626317,0.19999999999999996
"[8584, 8487, 8441, 8427, 8390, 8061, 8046, 7916, 7654, 7514, 7145, 6981, 6976, 6967, 6920, 6631, 6362, 6195, 5495, 5452, 5083, 4991, 4936, 4834, 4483, 4448, 4351, 4203, 4083, 4072, 3900, 3417, 3327, 3287, 3204, 2916, 2878, 2796, 2787, 2776, 2745, 2401, 2316, 2102, 2035, 1916, 1894, 1875, 1712, 1582, 1514, 1379, 1307, 1274, 1094, 1092, 1068, 991, 856, 816, 614, 600, 596, 582, 564, 553, 516, 229, 173, 172, 165, 162, 64, 62, 59, 54, 40, 38, 35, 32, 31, 30, 28, 26, 25, 1]",0.02785830053253068,0.15,0.43182421399736237,0.6333967964847438,0.6569005397070162,0.0
"[6274, 5634, 4995, 4485, 4484, 4483, 4482, 4481, 4480, 4478, 4469, 3227, 3204, 2951, 2250, 2126, 2102, 1907, 1904, 1873, 1697, 1694, 1687, 1582, 1404, 1332, 1305, 1296, 1277, 1231, 1199, 1184, 1128, 1098, 1094, 1092, 1068, 1022, 880, 851, 824, 806, 790, 734, 665, 627, 624, 614, 600, 596, 590, 582, 564, 553, 442, 429, 370, 294, 290, 283, 231, 219, 201, 200, 173, 172, 165, 162, 144, 141, 138, 132, 86, 78, 76, 73, 64, 59, 54, 40, 38, 36, 35, 32, 31, 30, 28, 26, 25, 24]",0.0377124334336652,0.11,0.45566003727793325,0.37517634419143275,0.26214340786430224,0.19999999999999996
"[8465, 8458, 7335, 4991, 4483, 4482, 4481, 4480, 4478, 3884, 3578, 2983, 2488, 2401, 2126, 2102, 2006, 1797, 1790, 1697, 1694, 1582, 1305, 1231, 1184, 1128, 1098, 1094, 1092, 1068, 946, 851, 824, 806, 736, 734, 665, 627, 624, 600, 596, 590, 564, 553, 370, 290, 240, 231, 219, 201, 173, 172, 165, 162, 144, 138, 87, 86, 73, 64, 62, 59, 54, 40, 35, 31, 30, 28, 26, 25, 13, 1]",0.03246237554989581,0.29,0.4202769118639468,0.4021344432627172,0.46440503726548443,0.0
"[8586, 8574, 8498, 8427, 8128, 8061, 7916, 7654, 7145, 7072, 6631, 6536, 6349, 6027, 5974, 5940, 5083, 4995, 4991, 4834, 4469, 4451, 4083, 4072, 3454, 3327, 3271, 3104, 3026, 2950, 2916, 2820, 2787, 2507, 2035, 2006, 1999, 1953, 1916, 1907, 1795, 1595, 1514, 1421, 1404, 1354, 1002, 880, 772, 614, 385, 370, 229, 132]",0.015015049780041674,0.47,0.38085821011486987,0.5913388348714841,0.864816242611154,0.19999999999999996
"[8453, 8046, 7794, 5187, 4483, 3903, 3460, 1582, 1556, 1555, 1553, 564, 141, 54, 26, 15]",0.010379717527205371,0.85,0.3023919737735826,0.29810545560707136,0.8920585967617579,0.19999999999999996
"[8063, 7394, 1916, 8]",0.001917110442231998,0.97,0.21311419994396852,0.22615917383880624,0.9848368028784374,0.4
"[8237, 7028, 6945, 6780, 6706, 6143, 6061, 5624, 5495, 5227, 4264, 3449, 3440, 3204, 2951, 2893, 2709, 1916, 1585, 1188, 1128, 966, 882, 734, 627, 624, 614, 600, 583, 294, 124, 87, 86, 70]",0.011684417689279927,0.67,0.39099435686785167,0.4667365149400273,0.8727833461835004,0.19999999999999996
"[8455, 8451, 8450, 8237, 7332, 5291, 4991, 4925, 4488, 4483, 4469, 3975, 2983, 2401, 2250, 2126, 2006, 1907, 1904, 1873, 1697, 1582, 1553, 1443, 1404, 1332, 1305, 1296, 1277, 1231, 1199, 1128, 1098, 1094, 1092, 1068, 1022, 946, 920, 880, 851, 824, 806, 734, 627, 624, 600, 596, 590, 564, 553, 442, 392, 370, 318, 294, 290, 283, 231, 219, 201, 200, 173, 172, 165, 162, 87, 86, 73, 64, 62, 59, 54, 40, 36, 35, 32, 28, 26, 24, 15]",0.036702940495485066,0.2,0.4379715302973559,0.37953373387011946,0.35569262400411206,0.0
"[6699, 6274, 3227, 3210, 2250, 2126, 2102, 2054, 1904, 1873, 1697, 1694, 1687, 1582, 1547, 1546, 1332, 1305, 1296, 1277, 1199, 1184, 1128, 1098, 1094, 1092, 1068, 851, 824, 806, 734, 665, 627, 624, 614, 600, 596, 590, 582, 564, 553, 318, 294, 290, 283, 231, 219, 201, 200, 173, 172, 165, 162, 144, 141, 138, 132, 87, 86, 76, 73, 64, 62, 59, 54, 40, 38, 36, 35, 32, 31, 30, 28, 26, 25, 24]",0.03421509608705719,0.25,0.47211570090334976,0.42348974694916797,0.3595476741197635,0.19999999999999996
"[6274, 5975, 4488, 4487, 4485, 4484, 4483, 4482, 4481, 4480, 4478, 4469, 3227, 2250, 2126, 2102, 1907, 1904, 1873, 1697, 1694, 1687, 1582, 1547, 1546, 1443, 1414, 1404, 1332, 1305, 1296, 1277, 1231, 1199, 1184, 1128, 1098, 1094, 1092, 1068, 1022, 920, 904, 880, 851, 824, 806, 790, 734, 665, 627, 624, 614, 600, 596, 590, 582, 564, 553, 529, 442, 429, 392, 370, 318, 294, 290, 283, 231, 219, 201, 200, 173, 172, 165, 162, 144, 141, 138, 132, 87, 86, 76, 73, 64, 62, 59, 54, 40, 38, 36, 35, 32, 31, 30, 28, 26, 25]",0.03975225746700625,0.03,0.47524067516605606,0.3654800269175055,0.17219223849910048,0.19999999999999996
"[7219, 6274, 5634, 3227, 3204, 3080, 2951, 2316, 2250, 1697, 1694, 1687, 1404, 1277, 1231, 1199, 1184, 1128, 1091, 904, 734, 665, 627, 624, 614, 600, 231, 219, 201, 200, 173, 172, 165, 162, 144, 141, 138, 132, 87]",0.01833757814308868,0.62,0.4194953837334374,0.38098665109256113,0.7393986121819583,0.19999999999999996
"[8450, 8237, 7028, 6945, 6780, 6706, 6143, 6061, 5624, 5495, 5227, 4264, 3449, 3440, 2951, 2893, 2709, 1916, 1744, 1585, 1188, 1128, 966, 882, 734, 627, 624, 614, 600, 583, 294, 124, 87, 86, 70]",0.012111599907385969,0.66,0.37256115998381345,0.4685624453590326,0.8650732459521974,0.19999999999999996
"[8467, 8465, 8464, 8456, 8061, 8046, 7514, 5624, 5495, 5227, 5202, 4995, 4991, 4990, 4600, 4497, 4487, 4485, 4477, 4476, 4475, 4469, 4448, 3417, 3227, 2951, 2126, 2102, 2018, 1941, 1907, 1904, 1894, 1873, 1872, 1790, 1697, 1694, 1687, 1627, 1582, 1404, 1379, 1332, 1305, 1296, 1231, 1184, 1128, 1098, 1094, 1092, 1068, 920, 906, 880, 817, 808, 736, 734, 665, 627, 624, 614, 600, 596, 590, 564, 553, 458, 442, 407, 386, 359, 343, 318, 290, 283, 240, 231, 219, 209, 201, 173, 172, 165, 162, 144, 141, 138, 87, 86, 73, 64, 62, 59, 54, 40, 36]",0.03907038666357953,0.02,0.4479314256679161,0.4246739875256682,0.3173991261886404,0.19999999999999996
"[8574, 8237, 7638, 7122, 7107, 7101, 7095, 7072, 6975, 6706, 6579, 6536, 6349, 5639, 4896, 4451, 4264, 4028, 3454, 3271, 3204, 3037, 2745, 2709, 2479, 2250, 1953, 1712, 1697, 1585, 1454, 1450, 1421, 1231, 1188, 1013, 600, 583, 446, 433, 294, 231, 220, 219, 209, 201, 173, 87, 86, 70, 35]",0.01813614262560778,0.5,0.44592954869356094,0.5076183734510566,0.7918272937548188,0.19999999999999996
"[8586, 8574, 8498, 8427, 8128, 8061, 7916, 7654, 7145, 7122, 7107, 7101, 7072, 6647, 6631, 6536, 6349, 6027, 5974, 5940, 5083, 5078, 4995, 4991, 4834, 4469, 4451, 4083, 4072, 3454, 3327, 3271, 3104, 3037, 3026, 2950, 2916, 2820, 2787, 2507, 2506, 2035, 2019, 2006, 1999, 1953, 1916, 1907, 1795, 1595, 1534, 1514, 1421, 1404, 1354, 1022, 1013, 1002, 880, 772, 614, 446, 399, 385, 370, 229, 132]",0.01843366520027784,0.34,0.39346148686939586,0.6121298486146317,0.8319198149575945,0.19999999999999996
"[8498, 8487, 8450, 8441, 8427, 8117, 7916, 7789, 6981, 6976, 6967, 6920, 6362, 5739, 5227, 4834, 4707, 4607, 4197, 3900, 3327, 3287, 2878, 2796, 2787, 2783, 2776, 2745, 1768, 1627, 1274, 1233, 1128, 816, 776, 734, 624, 614, 600, 590, 231, 214, 208, 162, 97, 75, 4]",0.01512850196804816,0.54,0.36957217542178245,0.5153656057856271,0.8478540221022873,0.19999999999999996
"[8498, 7219, 6967, 6274, 5634, 4483, 3900, 3227, 3204, 3089, 2878, 2316, 2250, 1697, 1694, 1687, 1332, 1307, 1305, 1296, 1277, 1231, 1199, 1184, 1128, 1091, 824, 816, 806, 802, 790, 734, 665, 627, 624, 614, 600, 309, 290, 283, 231, 219, 201, 200, 173, 172, 165, 162, 144, 141, 133, 132, 87]",0.023625839314656172,0.48,0.40038307924179317,0.4312357807493521,0.6772038036494474,0.0
"[8498, 7219, 7122, 7107, 7101, 7095, 6981, 6976, 6967, 6579, 6439, 6274, 5634, 5452, 5078, 4936, 4469, 4028, 3920, 3900, 3227, 3204, 3089, 3037, 2878, 2479, 2316, 2250, 2126, 2019, 1907, 1904, 1873, 1697, 1694, 1687, 1680, 1532, 1454, 1450, 1443, 1404, 1354, 1332, 1307, 1305, 1296, 1277, 1231, 1199, 1184, 1128, 1091, 1022, 1013, 920, 880, 851, 824, 816, 806, 802, 790, 734, 665, 627, 624, 614, 600, 596, 446, 442, 433, 429, 370, 318, 309, 294, 290, 283, 231, 219, 201, 200, 187, 173, 172, 165, 162, 144, 141, 138, 132, 87, 86, 76]",0.036018754341282704,0.05,0.47015829472156956,0.5461195328269248,0.4484708301207916,0.0
"[8574, 8427, 7916, 6920, 6430, 6349, 6013, 5975, 4889, 4480, 4451, 4448, 3724, 3454, 3327, 2820, 2796, 2401, 2316, 2250, 2126, 2102, 1873, 1781, 1740, 1582, 1547, 1546, 1379, 1319, 1277, 1274, 1231, 1199, 1098, 1094, 1092, 1068, 772, 734, 590, 564, 553, 529, 385, 291, 231, 219, 209, 201, 200, 173, 172, 165, 87, 86, 78, 76, 73, 64, 59, 54, 40, 38, 36, 35, 32, 31, 30, 28, 26, 25, 24, 1]",0.02996295438758972,0.27,0.4620785674908414,0.518598645988017,0.5296838858905166,0.0
"[8574, 8427, 7916, 7122, 7107, 7101, 7095, 7072, 6920, 6790, 6579, 6536, 6535, 6362, 6349, 6013, 5975, 5078, 4896, 4834, 4451, 4448, 4028, 3724, 3454, 3327, 3287, 3037, 2972, 2916, 2820, 2787, 2776, 2479, 2401, 2316, 2250, 2019, 1953, 1873, 1866, 1781, 1740, 1582, 1556, 1555, 1553, 1546, 1532, 1454, 1450, 1421, 1379, 1319, 1277, 1274, 1231, 1199, 1068, 772, 734, 564, 553, 495, 446, 433, 429, 385, 291, 231, 229, 222, 220, 219, 214, 209, 201, 200, 173, 172, 141, 138, 87, 86, 62, 59, 40, 36, 32, 31, 30, 28, 22, 15, 13]",0.032375549895809215,0.06,0.5036527655148723,0.5787836323123419,0.5412490362374711,0.0
"[7514, 2054, 1547, 1546, 529, 26, 24]",0.004644593655938874,0.94,0.29043250730449477,0.25329054836134635,0.9514263685427911,0.19999999999999996
"[8586, 8128, 8061, 8046, 7654, 7514, 7145, 7122, 7107, 7101, 7095, 6647, 6631, 6579, 6027, 5495, 5083, 5078, 4995, 4991, 4990, 4448, 4083, 4028, 3506, 3417, 3037, 3026, 2951, 2507, 2506, 2479, 2035, 2019, 1894, 1627, 1532, 1454, 1354, 1022, 1013, 446, 442, 433, 429, 399, 343, 108]",0.011156517712433435,0.53,0.38397556248706133,0.5594904891452787,0.9015677203803649,0.19999999999999996
"[8451, 8450, 8110, 7595, 4483, 1092]",0.003388515860152813,0.95,0.2022259634707646,0.22698020512517125,0.9707016191210486,0.19999999999999996
"[7332, 5291, 4991, 4488, 4483, 2401, 2126, 2102, 1582, 1547, 1546, 1443, 1128, 1098, 1094, 1092, 1068, 1043, 1022, 920, 824, 790, 627, 624, 614, 600, 596, 590, 582, 564, 553, 529, 442, 392, 318, 290, 172, 162, 86, 78, 76, 73, 64, 59, 54, 40, 38, 36, 35, 32, 31, 30, 28, 26, 25, 24, 1]",0.027852512155591574,0.44,0.4299887914746964,0.4144766790212795,0.5415060395785145,0.19999999999999996
"[8586, 8498, 8487, 8302, 8128, 7514, 6981, 6976, 6967, 6920, 6631, 6439, 6362, 6274, 6027, 5704, 5452, 5083, 4995, 4991, 4936, 4834, 4448, 4197, 3900, 3026, 2983, 2950, 2916, 2879, 2820, 2787, 2745, 2401, 2316, 2250, 1916, 1797, 1795, 1712, 1697, 1694, 1687, 1680, 1627, 1532, 1443, 1354, 1307, 1231, 1199, 1184, 920, 856, 816, 772, 665, 614, 590, 343, 231, 229, 214, 201, 173, 172, 165, 162, 144, 141, 138, 132, 97, 75]",0.023684880759435055,0.27,0.4630396901741721,0.584480347580992,0.7221793883320483,0.19999999999999996
"[8117, 2525]",0.0002882611715674925,0.99,0.045235503750771344,0.19235178719729418,0.9984579799537394,1.0
"[8467, 6920, 5083, 3204, 2316, 2102, 564, 294]",0.003665200277842093,0.93,0.22953532873399596,0.2536012583741941,0.9714726291441789,0.19999999999999996
"[5624, 5533, 5227, 3227, 2126, 2102, 1907, 1904, 1873, 1697, 1694, 1687, 1582, 1556, 1555, 1553, 1546, 1332, 1305, 1296, 1231, 1184, 1128, 1098, 1094, 1068, 904, 880, 734, 665, 627, 624, 614, 600, 596, 590, 564, 553, 529, 318, 290, 283, 231, 219, 201, 173, 172, 165, 162, 144, 141, 138, 87, 86, 76, 73, 64, 62, 59, 54, 40, 36, 35, 32, 31, 30, 28, 25, 22, 15, 13]",0.03347186848807594,0.3,0.4653771936934905,0.38522103715758516,0.3921870984322796,0.19999999999999996
"[1556, 1555, 1553, 386, 35, 28, 22, 15, 13]",0.00721463301690206,0.92,0.32954634638764546,0.2148112619950573,0.9164739141608841,0.19999999999999996
"[5895, 4484, 4483, 4480, 3484, 2102, 1697, 1582, 1555, 1553, 1235, 1184, 1068, 691, 564, 553, 529, 141, 67, 64, 62, 59, 54, 40, 36, 35, 31, 25, 15, 13]",0.019340125028941883,0.71,0.37241973390083893,0.3186372046264494,0.7419686455923927,0.0
"[8487, 8474, 8398, 6920, 3227, 3204, 2820, 1873, 1795, 1695, 1694, 1687, 1556, 1555, 1553, 1546, 1307, 1305, 1296, 851, 790, 772, 734, 665, 600, 553, 529, 294, 290, 283, 172, 165, 162, 144, 141, 132, 87, 86, 40, 36, 22, 15, 13]",0.022322296827969438,0.58,0.4232024033185873,0.4166150847643081,0.6877409406322282,0.19999999999999996
"[8487, 8474, 8302, 6920, 6647, 6631, 5212, 4991, 3227, 3204, 2916, 2787, 2401, 2316, 1916, 1795, 1695, 1694, 1687, 1556, 1555, 1553, 1546, 1444, 1307, 1305, 1296, 1128, 790, 772, 665, 627, 624, 600, 590, 529, 294, 290, 283, 229, 165, 162, 144, 141, 132, 62, 36, 22, 15, 13]",0.022191479509145635,0.51,0.40380985494817345,0.4846521281885413,0.7075301978925725,0.0
"[7335, 4991, 4567, 4478, 3884, 3578, 3538, 2983, 2488, 2126, 2102, 2006, 1790, 1697, 1582, 1547, 1546, 1450, 1231, 1184, 1128, 1098, 1096, 1094, 1092, 1068, 946, 851, 824, 806, 736, 734, 627, 624, 600, 596, 590, 564, 553, 529, 370, 240, 231, 219, 201, 173, 172, 165, 162, 144, 138, 124, 87, 86, 76, 73, 64, 62, 59, 54, 40, 36, 35, 32, 31, 30, 28, 26, 25, 24, 22, 13]",0.03190784903912943,0.29,0.46932475944940344,0.4530291475770295,0.46389103058339753,0.19999999999999996
"[8061, 8046, 7654, 7514, 6981, 6976, 6967, 6647, 6274, 6133, 6000, 5974, 5495, 5452, 4991, 4936, 4484, 4480, 4448, 4072, 3985, 3920, 3900, 3417, 3109, 2878, 2401, 2126, 2102, 2099, 2006, 1894, 1875, 1824, 1687, 1582, 1547, 1514, 1379, 1098, 1068, 856, 765, 665, 627, 624, 614, 600, 596, 590, 582, 564, 553, 529, 290, 172, 162, 141, 138, 132, 87, 86, 76, 73, 64, 62, 59, 40, 38, 36, 35, 32, 31, 30, 28, 26, 24, 13]",0.030419078490391292,0.23,0.4214829228627959,0.5099768974296892,0.5628373168851195,0.0
"[8586, 8498, 8128, 7072, 6536, 6349, 6027, 5974, 5940, 5083, 4995, 3271, 3104, 3026, 2951, 2820, 2507, 2006, 1999, 1953, 1795, 1595, 1421, 1354, 1094, 1092, 772, 590, 385, 132, 76]",0.010149340125028942,0.7,0.3847001891302618,0.4983584443298983,0.8928296067848882,0.19999999999999996
"[8488, 8427, 7916, 7514, 6967, 6920, 6362, 5975, 5974, 5611, 5495, 5452, 5328, 4834, 4483, 4482, 4481, 4480, 4448, 4437, 4083, 3920, 3900, 3724, 3417, 3327, 3270, 2916, 2820, 2796, 2787, 2776, 2401, 2316, 1875, 1873, 1781, 1556, 1553, 1546, 1379, 1319, 1274, 1231, 904, 856, 816, 772, 734, 529, 410, 291, 229, 222, 220, 214, 209, 35, 32, 31, 30, 25, 22, 15, 13]",0.024110905302153277,0.36,0.3966293317021583,0.5191699164513273,0.7013621177075302,0.0
"[8586, 8128, 8061, 8046, 7654, 7514, 7145, 6631, 6027, 5495, 5083, 4995, 4991, 4448, 4208, 4072, 3026, 2983, 2950, 2916, 2507, 2401, 2035, 2006, 1916, 1894, 1514, 1379, 1259, 1002, 991]",0.006184301921741144,0.7,0.29770921508759396,0.4794409495237383,0.9547674119763557,0.4
"[5778, 4488, 4483, 2198, 2102, 2054, 1547, 1546, 1443, 1022, 1002, 920, 904, 790, 564, 529, 429, 392, 201, 8]",0.011934475573049318,0.81,0.33144577499054373,0.3312052666852263,0.8594191724492418,0.19999999999999996
"[6954, 4490, 1547, 1546, 1404, 1094, 904, 665, 529, 429, 162, 87, 25, 24, 13, 12]",0.01084047233155823,0.85,0.3417506347268757,0.32745688835039943,0.8810074530968902,0.19999999999999996
"[8586, 8498, 8441, 8427, 8128, 8061, 8046, 7514, 6981, 6976, 6362, 6195, 6027, 5974, 5940, 5495, 5452, 5328, 5018, 4995, 4991, 4936, 4834, 4448, 3920, 3900, 3724, 3417, 3327, 3287, 3026, 2983, 2950, 2916, 2878, 2820, 2787, 2776, 2745, 2507, 2401, 2006, 1916, 1894, 1875, 1795, 1712, 1697, 1636, 1582, 1379, 1354, 1274, 1259, 1231, 1068, 856, 772, 734, 614, 596, 590, 564, 553, 229, 222, 220, 214, 209, 208, 162, 132, 87, 86, 62, 59, 54, 40, 4]",0.02522227367446168,0.22,0.4758757334354208,0.6273405341489505,0.6998200976612696,0.0
"[4488, 4483, 4482, 4481, 4478, 2102, 1582, 1546, 1094, 1092, 1068, 582, 564, 553, 64, 59, 54, 40, 38, 36, 35, 32, 31, 30, 28, 26, 17, 15]",0.017862931234081964,0.73,0.35037545369197065,0.25171482284390556,0.73502955538422,0.19999999999999996
"[8061, 8046, 7916, 7654, 7514, 6981, 6647, 6143, 5975, 5974, 5654, 5495, 5452, 4991, 4936, 4448, 4083, 4072, 3920, 3417, 2983, 2916, 2796, 2401, 2126, 2102, 2006, 1875, 1781, 1582, 1547, 1546, 1514, 1379, 1274, 1128, 1068, 856, 624, 614, 596, 564, 553, 529, 201, 141, 86, 78, 59, 54, 40, 38, 36, 35, 32, 31, 30, 28, 26, 25, 24, 1]",0.02354132901134522,0.39,0.4536779206171332,0.5638376408225714,0.6748907735800566,0.19999999999999996
"[8376, 8291, 8178, 7924, 7789, 7654, 7526, 7514, 7347, 7278, 6848, 6780, 6774, 6715, 6309, 6236, 6143, 6133, 6097, 5947, 5739, 5731, 5704, 5684, 5639, 5495, 5460, 5444, 5229, 4995, 4990, 4806, 4725, 4199, 4083, 4072, 4038, 3950, 3600, 3567, 3417, 3402, 3204, 3056, 2951, 2796, 2661, 2239, 2159, 2148, 2142, 1905, 1836, 1627, 1514, 1002, 738, 474, 225]",0.010394767307247048,0.42,0.34677763934297445,0.5495036212645406,0.9213569776407093,0.19999999999999996
"[8586, 8498, 8487, 8302, 8128, 8046, 7789, 7654, 7514, 6981, 6976, 6967, 6920, 6647, 6631, 6362, 6027, 5739, 5704, 5495, 5452, 5083, 4995, 4991, 4936, 4834, 4448, 4197, 4083, 4072, 3900, 3798, 3506, 3417, 3287, 3026, 2983, 2950, 2916, 2878, 2820, 2796, 2787, 2783, 2776, 2745, 2507, 2506, 2401, 2316, 2035, 1916, 1797, 1795, 1712, 1627, 1514, 1354, 1307, 856, 816, 776, 772, 614, 590, 343, 229, 214, 97, 75]",0.01546191247974068,0.31,0.4197914780999662,0.6200079549098144,0.8799794397327165,0.19999999999999996
"[8586, 8128, 8061, 8046, 7654, 7145, 6631, 6027, 5495, 5083, 4995, 4991, 4083, 4072, 3026, 2983, 2950, 2507, 2035, 2006, 1916, 1514, 1259, 991]",0.004423477656865015,0.77,0.2581673389462591,0.4402955739386951,0.9686455923927011,0.4
"[8051, 6097, 5882, 5639, 5634, 5377, 5229, 3089, 3056, 2951, 2682, 706]",0.001816392683491549,0.89,0.182711039619599,0.296766368512695,0.9876638396299152,0.8
"[6793, 1582, 1546, 247, 13]",0.003058578374623756,0.96,0.2721209863591053,0.23604839800582,0.9637625289128758,0.4
"[8474, 7332, 6920, 5291, 4991, 4488, 3227, 3204, 2916, 2787, 2401, 2316, 2126, 1795, 1695, 1694, 1687, 1556, 1555, 1553, 1546, 1444, 1443, 1307, 1305, 1296, 1128, 1098, 1022, 920, 790, 772, 665, 627, 624, 600, 596, 590, 529, 442, 392, 294, 290, 283, 165, 162, 144, 141, 132, 87, 86, 36, 22, 15, 13]",0.026197036351007178,0.46,0.416458514777416,0.4111688434566566,0.6209200719609356,0.0
"[8574, 8494, 8237, 7563, 7275, 7122, 7107, 7101, 7095, 7072, 6780, 6706, 6579, 6536, 6061, 5498, 5078, 5002, 4451, 4264, 4028, 3419, 3227, 3204, 3037, 2972, 2951, 2709, 2479, 2384, 2362, 2126, 2102, 2019, 1993, 1953, 1916, 1905, 1707, 1697, 1687, 1585, 1532, 1454, 1450, 1421, 1277, 1199, 1188, 1184, 1098, 1096, 1094, 1092, 1068, 966, 819, 713, 673, 627, 600, 596, 564, 495, 446, 433, 429, 428, 385, 294, 224, 220, 209, 208, 190, 171, 162, 155, 144, 138, 124, 86, 76, 73, 70, 64, 62, 59, 54, 40, 36, 35]",0.03147024774253299,0.09,0.4928970038190955,0.5435997996498174,0.5463891030583398,0.19999999999999996
"[8237, 6706, 5639, 3204, 2951, 2709, 1585, 1188, 600, 583, 386, 87, 86, 70]",0.005911090530215328,0.87,0.32471074712534886,0.33585278126427454,0.9313801079414032,0.19999999999999996
"[8574, 8467, 8427, 8376, 7916, 7347, 7306, 7072, 6920, 6579, 6535, 6430, 6362, 6349, 6309, 6195, 6013, 5975, 5684, 5639, 5083, 4995, 4834, 4488, 4487, 4485, 4484, 4483, 4482, 4481, 4480, 4451, 4448, 4071, 3724, 3454, 3327, 3287, 2972, 2820, 2796, 2787, 2776, 2479, 2401, 2316, 2250, 1953, 1873, 1836, 1781, 1740, 1701, 1636, 1582, 1454, 1450, 1443, 1421, 1414, 1379, 1319, 1277, 1274, 1231, 1199, 1068, 1022, 920, 904, 772, 734, 564, 553, 442, 433, 429, 392, 385, 291, 231, 229, 222, 220, 219, 214, 209, 201, 200, 173, 172, 165, 87, 86, 62, 59, 54, 40, 36]",0.03418152350081037,0.02,0.45215394972067136,0.5746151118111658,0.5078386019018247,0.0
"[8498, 8487, 8450, 8117, 6981, 6976, 6967, 6920, 6362, 4834, 4707, 4197, 3900, 3287, 2878, 2787, 2783, 2776, 2745, 2537, 1627, 1233, 1128, 816, 776, 734, 614, 600, 590, 231, 214, 208, 162, 97, 75, 4]",0.012700856679786987,0.65,0.35945844446527786,0.4617924842549359,0.8691852994088923,0.19999999999999996
"[4309, 385, 103]",0.0006436675156286177,0.98,0.10423214404834469,0.21317246519600275,0.9956309432022616,0.8
"[8586, 8302, 6027, 5704, 5083, 4995, 4991, 4936, 4478, 3607, 2951, 2820, 2506, 2316, 2102, 1797, 1582, 1077, 1068, 971, 772, 564, 229, 59, 38, 36, 35, 32, 31]",0.012530678397777262,0.72,0.3379155565319658,0.4345034664267735,0.8750963762528913,0.19999999999999996
"[8453, 4379, 1556, 1555, 1553, 386, 35, 28, 22, 15]",0.007238944200046307,0.91,0.2869236929996959,0.2250985540788114,0.9200719609354922,0.19999999999999996
"[8574, 8427, 8061, 7916, 7654, 7145, 7122, 7107, 7101, 7072, 6647, 6631, 6536, 6349, 5974, 5083, 5078, 4991, 4834, 4567, 4469, 4451, 4083, 4072, 3538, 3454, 3327, 3037, 3026, 2916, 2787, 2507, 2506, 2035, 2019, 2006, 1999, 1953, 1916, 1907, 1547, 1546, 1534, 1514, 1421, 1404, 1403, 1096, 1022, 1013, 1002, 880, 614, 529, 446, 399, 385, 229, 32, 31, 30, 28, 26, 25, 24, 22, 13]",0.022486686733040058,0.34,0.4162144497878123,0.5408849209514878,0.7609868928296069,0.19999999999999996
"[8586, 8488, 8427, 8237, 8128, 8104, 8061, 8046, 7917, 7514, 7145, 7086, 6967, 6920, 6802, 6706, 6631, 6541, 6362, 6027, 5975, 5974, 5639, 5495, 5452, 5328, 5083, 4834, 4492, 4487, 4448, 4437, 4264, 4083, 3920, 3900, 3506, 3491, 3417, 3394, 3327, 3270, 3026, 2983, 2951, 2950, 2916, 2820, 2796, 2787, 2776, 2709, 2401, 2316, 2226, 2006, 1916, 1894, 1875, 1873, 1712, 1697, 1672, 1585, 1414, 1379, 1319, 1274, 1231, 1188, 1002, 935, 856, 816, 772, 734, 600, 583, 414, 229, 222, 220, 214, 209, 208, 163, 132, 87, 86, 70]",0.026555915721231765,0.11,0.4331939314303528,0.6789459314101799,0.727319455152917,0.19999999999999996
"[8586, 8441, 8427, 8128, 8061, 8046, 7916, 7789, 7514, 7145, 6631, 6027, 5739, 5495, 5227, 5083, 4995, 4991, 4990, 4448, 4083, 3417, 3327, 3026, 2951, 2796, 2243, 2035, 1894, 1768, 1627, 1532, 1379, 1354, 1274, 624, 343]",0.007367446168094466,0.64,0.3296481991023086,0.5307223598241593,0.9414032382420972,0.19999999999999996
"[8586, 8498, 8487, 8450, 8441, 8128, 8117, 8061, 8046, 7654, 7514, 7145, 6981, 6976, 6967, 6920, 6631, 6536, 6362, 6179, 6027, 5974, 5940, 5452, 5083, 4995, 4991, 4936, 4834, 4707, 4488, 4487, 4485, 4484, 4483, 4482, 4481, 4448, 4351, 4197, 4083, 4072, 3900, 3417, 3327, 3117, 3026, 2983, 2950, 2916, 2878, 2820, 2796, 2787, 2783, 2776, 2745, 2537, 2507, 2401, 2316, 2035, 2006, 1916, 1875, 1795, 1627, 1514, 1443, 1421, 1414, 1379, 1354, 1307, 1274, 1233, 1128, 1022, 920, 904, 856, 816, 790, 776, 772, 734, 614, 600, 590, 442, 429, 392, 385, 231, 214, 208, 162, 97, 75, 4]",0.02950914563556379,0.01,0.4191583684531003,0.6086732460492489,0.6576715497301464,0.19999999999999996
"[7219, 6439, 6274, 5634, 4488, 4487, 4485, 4484, 4483, 4482, 4481, 4480, 4478, 4469, 3227, 3204, 3080, 2250, 2126, 1907, 1904, 1873, 1697, 1694, 1687, 1443, 1414, 1404, 1332, 1305, 1296, 1277, 1231, 1199, 1184, 1164, 1128, 1091, 1022, 920, 904, 880, 851, 824, 806, 790, 734, 665, 627, 624, 614, 605, 600, 596, 590, 442, 392, 370, 318, 294, 290, 283, 231, 219, 201, 200, 173, 172, 165, 162, 144, 141, 138, 132, 87, 86, 76]",0.03308752025931929,0.24,0.4494963107127018,0.3635890024287527,0.4132613723978412,0.0
"[8586, 8498, 8128, 7654, 7514, 7122, 7107, 7095, 6981, 6976, 6967, 6647, 6631, 6579, 6274, 6027, 5452, 5083, 5078, 4995, 4991, 4936, 4448, 4028, 3900, 3506, 3037, 3026, 2983, 2950, 2916, 2878, 2507, 2506, 2479, 2401, 2250, 2102, 2054, 2019, 1916, 1697, 1694, 1687, 1582, 1547, 1546, 1532, 1454, 1443, 1354, 1231, 1199, 1184, 1068, 1022, 1013, 920, 856, 816, 665, 614, 590, 564, 553, 529, 446, 442, 433, 429, 399, 343, 231, 201, 173, 172, 165, 162, 144, 141, 138, 132, 62, 59, 54, 40, 38, 36, 35, 32, 31, 30, 28, 26, 25, 24]",0.032715906459828664,0.05,0.4970559198792135,0.5563581021997248,0.49524543819069644,0.19999999999999996
"[8237, 6706, 6274, 5639, 3227, 3210, 3204, 2951, 2709, 2250, 2126, 2102, 1904, 1873, 1697, 1694, 1687, 1585, 1582, 1332, 1305, 1296, 1277, 1199, 1188, 1184, 1128, 1098, 1094, 1092, 1068, 851, 824, 806, 734, 665, 627, 624, 614, 600, 596, 590, 583, 582, 564, 386, 318, 294, 290, 283, 231, 219, 201, 200, 173, 172, 165, 162, 160, 144, 141, 132, 87, 86, 76, 73, 70, 59, 54, 36, 35, 32]",0.03202245890252373,0.29,0.4553065025850094,0.4093314432997168,0.448727833461835,0.0
"[8586, 8128, 8061, 8046, 6699, 6274, 6027, 5495, 5018, 4995, 4991, 3227, 3210, 3026, 2983, 2950, 2916, 2507, 2250, 2132, 2126, 2102, 2054, 2006, 1916, 1894, 1697, 1694, 1687, 1582, 1547, 1546, 1199, 1128, 1098, 1094, 1092, 1068, 734, 665, 627, 624, 614, 600, 596, 590, 582, 564, 553, 219, 201, 200, 173, 172, 165, 162, 144, 141, 138, 132, 87, 86, 76, 73, 64, 62, 59, 54, 40, 38, 36, 35, 32, 31, 30, 28, 26, 25, 24]",0.03138226441305857,0.22,0.48915883313828457,0.5112043333201177,0.46389103058339753,0.0
"[8584, 8427, 8061, 7916, 7654, 7145, 6920, 6631, 6362, 6195, 5083, 4991, 4834, 4483, 4203, 4083, 4072, 3327, 3287, 3204, 2916, 2787, 2776, 2745, 2316, 2102, 2035, 1916, 1712, 1582, 1514, 1094, 1092, 1068, 614, 600, 596, 582, 564, 553, 516, 229, 173, 172, 165, 162, 64, 62, 59, 54, 40, 38, 35, 32, 31, 30, 28, 26, 25, 1]",0.023112989117851354,0.41,0.412580604210785,0.5081268273916648,0.698278077615009,0.0
"[4497, 3900, 2957, 2878, 1697, 1555, 665, 529, 162, 32, 31, 30, 28, 26, 22]",0.009414216253762445,0.86,0.30278878073494564,0.28179026471411395,0.9028527370855821,0.19999999999999996
"[8586, 8498, 8469, 8128, 7654, 6631, 6274, 6027, 5940, 5634, 5083, 4995, 4488, 4485, 4484, 4483, 4072, 3227, 3026, 2950, 2820, 2507, 2287, 2250, 2102, 1999, 1916, 1697, 1694, 1687, 1514, 1443, 1354, 1231, 1199, 1184, 1128, 1022, 920, 902, 790, 734, 665, 627, 624, 614, 600, 564, 442, 429, 392, 294, 231, 209, 201, 200, 173, 172, 165, 162, 141, 138, 132, 87, 86, 30, 28, 26, 25, 24]",0.029062282935864783,0.31,0.4328531460265278,0.479384464993325,0.5772295039835518,0.0
"[8574, 8494, 8237, 7563, 7275, 7122, 7107, 7101, 7095, 7072, 6780, 6706, 6579, 6536, 6061, 5498, 5078, 5002, 4451, 4264, 4028, 3227, 3037, 2972, 2479, 2384, 2362, 2189, 2126, 2102, 2019, 1993, 1953, 1916, 1905, 1707, 1697, 1687, 1585, 1547, 1546, 1532, 1454, 1450, 1421, 1277, 1199, 1188, 1184, 1098, 1096, 1094, 1092, 1068, 966, 819, 713, 673, 627, 600, 596, 564, 495, 446, 433, 429, 428, 385, 294, 224, 220, 209, 208, 190, 171, 162, 155, 144, 138, 124, 86, 76, 73, 70, 64, 62, 59, 54, 40, 36, 35, 13]",0.032050243111831446,0.09,0.5015221951521983,0.5357091255534796,0.5245438190696479,0.0
"[8574, 8494, 8051, 7563, 7275, 7219, 7122, 7107, 7101, 7095, 7072, 6579, 6536, 6097, 5639, 5634, 5498, 5229, 5078, 5002, 4995, 4451, 4028, 3419, 3227, 3204, 3089, 3056, 3037, 2972, 2951, 2681, 2479, 2384, 2362, 2126, 2102, 2019, 1993, 1953, 1941, 1905, 1707, 1697, 1687, 1532, 1454, 1450, 1421, 1277, 1199, 1184, 1098, 1092, 1068, 819, 713, 673, 627, 596, 495, 446, 433, 429, 428, 385, 224, 220, 209, 208, 190, 171, 162, 155, 144, 138, 124, 76, 64, 62, 59]",0.02641120629775411,0.2,0.47607181115439456,0.5493145685183205,0.6674376766897969,0.0
"[8237, 6706, 5639, 2951, 2878, 2709, 2089, 1585, 798, 600, 583, 294, 87, 70, 31]",0.006021069692058347,0.86,0.31788144338459634,0.3384710099472663,0.9452582883577486,0.19999999999999996
"[8453, 4488, 4379, 1556, 1555, 1553, 1443, 1022, 920, 790, 442, 429, 392, 386, 252, 28, 22, 15]",0.012095392451956472,0.83,0.33799183797580057,0.3018202319345281,0.8547931123104601,0.19999999999999996
"[6775, 6579, 4483, 3950, 2479, 2054, 1697, 1582, 1547, 1546, 1068, 904, 564, 553, 433, 162, 54, 40, 36, 35, 32, 31, 30, 28]",0.014583236860384348,0.77,0.36903679445203574,0.35706960787088393,0.8188126445643793,0.0
"[6820, 6699, 2054, 1547, 1546, 600, 553, 87, 86, 64, 62, 40, 38, 31, 30, 28, 26, 25, 24]",0.011897429960639036,0.82,0.39967744083565127,0.29868540838816626,0.8442559753276793,0.19999999999999996
"[8498, 8441, 8427, 7514, 6981, 6976, 6362, 6195, 5974, 5940, 5452, 5328, 4936, 4834, 4448, 3920, 3900, 3724, 3417, 3327, 3287, 2878, 2820, 2787, 2776, 2745, 2401, 1904, 1875, 1873, 1795, 1712, 1697, 1636, 1582, 1379, 1354, 1332, 1305, 1296, 1277, 1274, 1259, 1231, 1068, 856, 851, 824, 806, 772, 734, 614, 596, 590, 564, 553, 318, 294, 290, 283, 231, 229, 222, 220, 214, 209, 208, 162, 132, 87, 86, 59, 54, 40, 4]",0.028944200046307017,0.26,0.4659774814080012,0.5774394107649865,0.6134669750706759,0.19999999999999996
"[8467, 8465, 8464, 8456, 7219, 6274, 5634, 5624, 5227, 4600, 4497, 4487, 4485, 4477, 4476, 4475, 4469, 3227, 3204, 3080, 2250, 2126, 2018, 1941, 1907, 1904, 1873, 1872, 1790, 1697, 1694, 1687, 1404, 1332, 1305, 1296, 1231, 1199, 1184, 1128, 1098, 1094, 1092, 1091, 920, 906, 880, 817, 808, 736, 734, 665, 627, 624, 614, 605, 600, 596, 590, 458, 442, 407, 386, 359, 318, 290, 283, 240, 231, 219, 209, 201, 200, 173, 172, 165, 162, 144, 141, 138, 132, 126, 87, 86, 73, 64]",0.03587404491780505,0.15,0.4256968501717726,0.38497962625356574,0.3919300950912362,0.0
"[8586, 8498, 8441, 8427, 8237, 8128, 8061, 8046, 7563, 7514, 6981, 6976, 6706, 6362, 6027, 5974, 5940, 5639, 5495, 5452, 5328, 5018, 4995, 4991, 4936, 4834, 4448, 3920, 3900, 3724, 3417, 3327, 3287, 3026, 2983, 2951, 2950, 2878, 2820, 2787, 2776, 2745, 2709, 2507, 2401, 2089, 2006, 1916, 1894, 1875, 1795, 1712, 1697, 1636, 1585, 1379, 1354, 1274, 1259, 1231, 1188, 856, 772, 734, 614, 600, 583, 294, 229, 222, 220, 214, 209, 208, 162, 132, 87, 86, 70]",0.02258277379022922,0.22,0.46789535652423375,0.642808408150376,0.7597018761243897,0.19999999999999996
"[6948, 4492, 2028, 385]",0.002438064366751563,0.97,0.18729232077884506,0.22484966021252462,0.9814957594448728,0.4
"[3227, 2126, 2102, 2074, 1582, 1547, 1546, 1450, 1305, 1296, 1277, 1128, 1098, 1094, 1092, 1068, 824, 806, 790, 734, 627, 624, 614, 600, 596, 590, 582, 564, 553, 529, 290, 283, 200, 87, 86, 76, 73, 64, 62, 59, 54, 40, 38, 36, 35, 32, 31, 30, 28, 26, 25, 13]",0.02685575364667747,0.49,0.4419749326853549,0.39092937061449273,0.5528141865844256,0.19999999999999996
"[5634, 2951, 2028, 1493]",0.0009550821949525353,0.97,0.1493099054919631,0.2344206237934211,0.9917758930866101,0.6
"[8488, 8467, 8128, 6920, 6658, 6647, 6274, 6097, 5292, 4083, 4072, 3506, 3227, 3026, 2983, 2951, 2944, 2507, 2316, 2250, 2061, 1941, 1697, 1694, 1687, 1532, 1404, 1332, 1319, 1307, 1305, 1277, 1231, 1199, 1184, 1128, 1068, 966, 904, 824, 816, 806, 790, 734, 665, 627, 624, 614, 403, 291, 290, 283, 231, 219, 201, 200, 173, 172, 165, 162, 144, 141, 138, 132, 87]",0.02667862931234082,0.36,0.42914597935921184,0.5007381203818786,0.6458493960421485,0.19999999999999996
"[8487, 8465, 8451, 8450, 8237, 6647, 6631, 6274, 4925, 4485, 4484, 4483, 4482, 4481, 4480, 4478, 4469, 3975, 3227, 2983, 2250, 2134, 2006, 1907, 1904, 1873, 1729, 1697, 1694, 1687, 1582, 1553, 1404, 1332, 1305, 1296, 1277, 1231, 1199, 1184, 1128, 1094, 1092, 1068, 1022, 946, 880, 851, 824, 806, 790, 734, 665, 624, 614, 600, 590, 564, 553, 442, 429, 370, 318, 294, 290, 283, 231, 229, 219, 201, 200, 173, 172, 165, 162, 144, 141, 138, 132, 73, 64, 59, 54, 40, 36, 35, 32, 28, 26, 24, 15]",0.0374727946283862,0.1,0.4321969334640757,0.37053626885974156,0.3066049858648162,0.19999999999999996
"[8586, 8498, 8487, 8128, 7789, 7654, 7514, 6981, 6976, 6967, 6920, 6362, 6027, 5739, 5704, 5495, 5452, 5083, 4995, 4990, 4936, 4448, 4083, 3900, 3506, 3417, 3287, 3026, 2983, 2950, 2878, 2820, 2796, 2787, 2783, 2776, 2745, 2507, 2506, 2401, 2316, 1797, 1795, 1712, 1627, 1514, 1354, 1307, 856, 816, 776, 772, 590, 343, 214, 97, 75]",0.013194026394998842,0.44,0.40138408091813804,0.5624115790726769,0.8936006168080185,0.19999999999999996
"[8441, 8427, 7916, 7789, 6981, 6976, 6362, 5739, 5227, 4834, 4707, 4607, 4197, 3900, 3327, 3287, 2878, 2796, 2787, 2783, 2776, 2074, 1768, 1627, 1547, 1546, 1274, 1233, 1128, 734, 624, 614, 600, 590, 529, 231, 214, 208, 162, 97, 75, 30, 28, 26, 25, 13]",0.01680134290344987,0.55,0.41656193119087526,0.4877291092226026,0.8023644307375996,0.19999999999999996
"[8586, 8498, 8487, 8441, 8128, 8117, 8061, 8046, 7789, 7654, 7514, 7145, 6981, 6976, 6967, 6920, 6631, 6362, 6179, 6027, 5974, 5940, 5739, 5452, 5083, 4995, 4991, 4936, 4834, 4707, 4488, 4487, 4485, 4484, 4483, 4482, 4481, 4448, 4351, 4197, 4083, 4072, 3900, 3417, 3327, 3117, 3104, 3026, 2983, 2950, 2916, 2878, 2820, 2796, 2787, 2783, 2776, 2745, 2537, 2507, 2401, 2316, 2035, 2006, 1916, 1875, 1795, 1627, 1514, 1443, 1421, 1414, 1379, 1354, 1307, 1274, 1233, 1128, 1022, 920, 904, 856, 816, 790, 772, 734, 675, 614, 600, 590, 442, 429, 392, 385, 231, 214, 208, 132, 97, 75]",0.02889094697846724,0.01,0.4302832046574002,0.6035256745906359,0.6635826265741455,0.19999999999999996
"[8498, 8469, 8128, 7654, 6631, 5083, 4072, 3227, 3026, 2507, 2287, 2250, 2102, 1999, 1916, 1697, 1694, 1582, 1547, 1546, 1514, 1443, 1354, 1231, 1199, 1184, 1128, 1094, 1092, 1068, 1022, 902, 734, 627, 624, 614, 600, 564, 553, 529, 442, 429, 294, 231, 209, 201, 200, 173, 172, 165, 162, 141, 87, 86, 64, 62, 59, 54, 40, 38, 36, 35, 32, 31, 30, 26, 25, 24, 13]",0.02973026163463765,0.32,0.4891342010318158,0.4872562930511387,0.499100488306348,0.19999999999999996
"[5624, 5227, 2126, 2102, 1582, 1556, 1555, 1553, 1546, 1128, 1098, 1094, 1092, 1068, 734, 627, 624, 614, 600, 590, 564, 553, 529, 231, 162, 87, 86, 76, 73, 64, 62, 59, 54, 40, 36, 35, 32, 31, 30, 28, 25, 22, 15, 13]",0.023596897429960642,0.57,0.45685871683305257,0.3324533194799266,0.61526599845798,0.19999999999999996
"[3910, 3227, 2102, 1697, 1694, 1687, 1582, 1556, 1555, 1553, 1231, 1184, 1128, 1098, 1094, 1092, 1068, 665, 627, 624, 614, 600, 582, 564, 553, 219, 201, 173, 172, 165, 162, 144, 141, 138, 87, 76, 73, 64, 59, 54, 40, 38, 36, 35, 28, 22, 15, 13]",0.024708265802269043,0.53,0.4394774905633003,0.32866847026709967,0.5952197378565922,0.19999999999999996
"[5030, 4309, 64]",0.0008682565408659412,0.98,0.1509922638854735,0.21223594703331483,0.9930609097918273,0.6
"[4309, 1546, 50]",0.0013730030099560083,0.98,0.2181903079426596,0.21460857063084016,0.9799537393986122,0.6
"[8237, 6706, 4264, 3204, 2709, 1712, 1697, 1585, 1188, 966, 294]",0.003410511692521417,0.9,0.26636310992869383,0.3215356892968777,0.9681315857106142,0.4
"[8586, 8498, 8487, 8450, 8441, 8427, 8128, 8061, 8046, 7916, 7654, 7514, 7145, 6981, 6976, 6967, 6920, 6631, 6536, 6362, 6027, 5974, 5940, 5495, 5452, 5083, 4995, 4991, 4936, 4834, 4707, 4448, 4351, 4203, 4197, 4083, 4072, 3900, 3417, 3327, 3287, 3204, 3026, 2983, 2950, 2916, 2878, 2820, 2796, 2787, 2776, 2745, 2507, 2401, 2316, 2102, 2035, 2006, 1916, 1894, 1875, 1795, 1712, 1514, 1421, 1379, 1307, 1274, 1094, 1092, 991, 856, 816, 776, 772, 614, 600, 596, 516, 413, 385, 229, 162, 97, 64, 4]",0.021489928224125956,0.15,0.4254004401070448,0.6705530272325604,0.8023644307375996,0.19999999999999996
"[8376, 8291, 7962, 7789, 7654, 7526, 7514, 7347, 7278, 6848, 6780, 6715, 6309, 6236, 6143, 6097, 5947, 5739, 5731, 5704, 5684, 5639, 5634, 5460, 5444, 5229, 4995, 4806, 4199, 4072, 4038, 3950, 3567, 3417, 3402, 3204, 3056, 2951, 2796, 2661, 2239, 2148, 2142, 1836, 1627, 1514, 738, 474, 225]",0.008569113220652928,0.52,0.3363096741241539,0.5120902654521475,0.9339501413518376,0.4
"[8467, 8465, 8464, 8456, 7796, 7219, 6274, 5624, 5227, 4600, 4497, 4487, 4485, 4477, 4476, 4475, 4469, 3227, 3204, 3080, 2250, 2126, 2018, 1941, 1907, 1904, 1873, 1872, 1790, 1697, 1694, 1687, 1546, 1404, 1332, 1305, 1296, 1231, 1199, 1184, 1128, 1098, 1094, 1092, 1091, 920, 906, 880, 817, 808, 736, 734, 665, 627, 624, 614, 600, 596, 590, 458, 442, 407, 386, 359, 318, 290, 283, 240, 231, 219, 209, 201, 200, 173, 172, 165, 162, 144, 141, 138, 132, 126, 87, 86, 73, 64]",0.036561704098170875,0.15,0.4348846006156688,0.37561624131279614,0.3795939347211513,0.19999999999999996
"[6362, 6274, 5634, 4834, 4707, 4322, 4197, 3287, 3227, 3204, 3080, 2787, 2783, 2776, 2537, 1697, 1694, 1687, 1627, 1233, 1184, 1128, 665, 614, 600, 590, 231, 214, 208, 165, 162, 144, 141, 138, 132, 97]",0.015192174114378327,0.65,0.3960397963590654,0.39293073858956307,0.8121305576972501,0.19999999999999996
"[3227, 3102, 2102, 2074, 1582, 1547, 1546, 1450, 1305, 1296, 1068, 806, 790, 564, 553, 529, 290, 283, 54, 40, 38, 36, 35, 32, 31, 30, 28, 26, 25, 13]",0.01799722157906923,0.71,0.39546741983275635,0.3763804872843026,0.7494217424826523,0.19999999999999996
"[6027, 5569, 4995, 3227, 2950, 2820, 2316, 2102, 1797, 1795, 1697, 1694, 1687, 1582, 1307, 1231, 1184, 1128, 1068, 772, 665, 627, 624, 614, 600, 564, 553, 219, 201, 173, 172, 165, 162, 87, 62, 59, 54, 40, 36, 35, 32, 31, 30, 28, 25]",0.021313961565177127,0.56,0.4437297351436088,0.412607341859048,0.6843998971986636,0.19999999999999996
"[8451, 7513, 5595, 4483, 2821, 1547, 1094, 529, 8]",0.005937717064135217,0.92,0.25439293978403754,0.2933077576121068,0.9496273451554871,0.19999999999999996
"[8586, 8128, 6699, 6631, 6274, 6027, 5097, 5083, 4995, 4448, 3227, 3210, 3026, 2983, 2250, 2126, 2102, 2054, 1697, 1694, 1687, 1582, 1547, 1546, 1532, 1443, 1199, 1184, 1128, 1098, 1094, 1092, 1068, 920, 665, 627, 624, 614, 600, 596, 590, 582, 564, 553, 231, 219, 201, 200, 173, 172, 165, 162, 144, 141, 138, 132, 87, 86, 76, 73, 64, 62, 59, 54, 40, 38, 36, 35, 32, 31, 30, 28, 26, 25, 24]",0.031278073628154664,0.26,0.4905987793889057,0.46997599935289547,0.4464148033924441,0.19999999999999996
"[8302, 7028, 6780, 6647, 6143, 6061, 5704, 5624, 5083, 4991, 4936, 3449, 2983, 2937, 2893, 2506, 1916, 1712, 1627, 1556, 1555, 1546, 627, 614, 529, 229, 144, 141, 138, 124, 22, 13]",0.011055799953692984,0.69,0.3659663240260954,0.42866907871308557,0.8797224363916731,0.19999999999999996
"[7514, 5778, 4488, 4483, 3417, 2198, 2102, 1627, 1443, 1022, 1002, 920, 904, 564, 429, 392, 343, 201, 8]",0.010272053716137996,0.82,0.3142516082322654,0.32762759559223775,0.8856335132356721,0.19999999999999996
"[8051, 7219, 6097, 5639, 5634, 5229, 4995, 3227, 3204, 3089, 3056, 2951, 2681, 2102, 1941, 1687, 1098, 1092, 1068, 627, 596, 155, 144, 138, 124, 76, 64, 62, 59]",0.012184533456818709,0.72,0.3784328915091645,0.378472857964689,0.8550501156515035,0.19999999999999996
"[8586, 8441, 8427, 8128, 8061, 8046, 7916, 7789, 7514, 7145, 6631, 6027, 5739, 5495, 5227, 5083, 4995, 4990, 4843, 4448, 4083, 3417, 3327, 3026, 2951, 2796, 2243, 2035, 1916, 1894, 1768, 1627, 1532, 1379, 1354, 1274, 624, 343]",0.007559620282472795,0.63,0.33963340326180247,0.5305719898245254,0.9398612181958366,0.19999999999999996
"[8586, 8128, 8061, 8046, 7654, 7145, 6631, 6027, 5500, 5083, 4995, 4991, 4083, 4072, 3026, 2983, 2950, 2507, 2126, 2035, 2006, 1916, 1514, 1277, 1259, 1128, 1098, 1094, 1092, 991, 824, 734, 627, 624, 614, 600, 596, 590, 582, 200, 87, 86, 76, 73, 64, 62, 59]",0.018287798101412366,0.54,0.4303421773506436,0.5008474566934382,0.7715240298123875,0.19999999999999996
"[8574, 8494, 7563, 7275, 7122, 7107, 7101, 7095, 7072, 6780, 6579, 6536, 6160, 5498, 5078, 5002, 4451, 4028, 3227, 3037, 2972, 2479, 2384, 2362, 2189, 2126, 2102, 2019, 1993, 1953, 1905, 1707, 1697, 1687, 1585, 1582, 1546, 1532, 1454, 1450, 1421, 1369, 1277, 1199, 1184, 1098, 1096, 1094, 1092, 1068, 966, 947, 819, 713, 673, 627, 600, 596, 564, 529, 495, 446, 433, 429, 428, 385, 294, 290, 224, 220, 209, 208, 190, 171, 162, 155, 144, 138, 124, 86, 76, 73, 70, 64, 62, 59, 54, 40, 36, 35, 15, 13]",0.03313035424866868,0.09,0.49795811168722437,0.522673599931816,0.48239527113852476,0.19999999999999996
"[8441, 8427, 8061, 8046, 7916, 7789, 6975, 6948, 5975, 5495, 4936, 4492, 4249, 4083, 4072, 3417, 3327, 2783, 2776, 2745, 2035, 2028, 2006, 1894, 1873, 1532, 1379, 1274, 1094, 856, 600, 590, 385, 343, 87, 86, 70]",0.013000694605232692,0.64,0.36228603144474314,0.4668016315560183,0.8671292726805448,0.19999999999999996
"[8586, 8498, 8427, 8376, 8128, 7654, 7347, 6631, 6362, 6349, 6309, 6274, 6195, 6027, 5940, 5684, 5639, 5083, 4995, 4834, 4072, 3724, 3270, 3227, 3026, 2950, 2820, 2787, 2776, 2507, 2250, 2126, 1999, 1916, 1740, 1701, 1697, 1694, 1687, 1636, 1582, 1514, 1354, 1231, 1199, 1184, 1128, 1068, 902, 734, 665, 627, 624, 614, 600, 596, 564, 553, 294, 231, 229, 222, 220, 219, 214, 209, 201, 200, 173, 172, 165, 162, 141, 138, 132, 87, 86, 62, 59, 54, 40, 36]",0.029380643667515628,0.19,0.48511261508291004,0.5839719949529216,0.5690053970701618,0.19999999999999996
"[8584, 8427, 8061, 7916, 7654, 7145, 6920, 6631, 6362, 6195, 5083, 4991, 4834, 4483, 4203, 4083, 4072, 3327, 3287, 3204, 2916, 2787, 2776, 2745, 2316, 2102, 2035, 1712, 1582, 1514, 1094, 1092, 1068, 863, 614, 600, 596, 582, 564, 553, 516, 229, 173, 172, 165, 162, 64, 62, 59, 54, 40, 38, 35, 32, 31, 30, 28, 26, 25, 1]",0.023227598981245656,0.41,0.41537552666092215,0.49715274084194283,0.6980210742739655,0.0
"[8427, 8063, 8046, 7916, 5974, 5497, 4995, 4707, 4437, 3536, 3204, 2951, 2950, 2074, 2006, 1894, 1884, 1875, 1873, 1274, 966, 294]",0.006025700393609631,0.79,0.3145982329964049,0.45001578348907745,0.9432022616294011,0.19999999999999996
"[8237, 8117, 6802, 6706, 6541, 5639, 4492, 4264, 2951, 2709, 1712, 1697, 1231, 1188, 600, 583, 208, 87, 86, 70]",0.008504283398934939,0.81,0.31913205277759393,0.3985494270919794,0.9072217938833205,0.19999999999999996
"[4497, 2957, 2559, 1555, 529, 22]",0.003971984255614726,0.95,0.2260850710530974,0.24134434448242537,0.9689025957337445,0.19999999999999996
"[5639, 5030, 4306]",0.00040634406112526045,0.98,0.045560936720983825,0.21567279899333913,0.9984579799537394,1.0
"[6274, 4469, 3227, 2250, 2126, 2102, 2054, 1907, 1904, 1894, 1873, 1697, 1694, 1687, 1582, 1547, 1546, 1332, 1305, 1296, 1277, 1231, 1199, 1184, 1128, 1098, 1094, 1092, 1068, 880, 851, 824, 806, 734, 665, 627, 624, 614, 600, 596, 590, 582, 564, 553, 529, 370, 318, 294, 290, 283, 231, 219, 201, 200, 173, 172, 165, 162, 144, 141, 138, 132, 87, 86, 76, 64, 62, 59, 54, 40, 38, 36, 35, 32, 31, 30, 28, 26, 25, 24]",0.03602801574438527,0.21,0.45991799799726996,0.40472605426942065,0.3204831662811617,0.0
"[8467, 8465, 8464, 8456, 8237, 7796, 7219, 6706, 5639, 5624, 5227, 4600, 4497, 4487, 4485, 4477, 4476, 4475, 4469, 2951, 2709, 2250, 2126, 2089, 2018, 1941, 1907, 1904, 1873, 1872, 1790, 1697, 1636, 1585, 1406, 1404, 1332, 1305, 1296, 1231, 1199, 1188, 1184, 1128, 1098, 1094, 1092, 1091, 920, 906, 880, 817, 808, 736, 734, 627, 624, 614, 600, 596, 590, 583, 458, 442, 407, 386, 359, 318, 294, 240, 231, 219, 209, 201, 200, 173, 172, 165, 162, 132, 126, 87, 86, 73, 70, 64]",0.03515165547580458,0.15,0.4297891718410708,0.39188601085607755,0.43202261629401184,0.0
"[8487, 8465, 8451, 8450, 8237, 7507, 6647, 6631, 4925, 4483, 4482, 3975, 2983, 2250, 2134, 2006, 1729, 1694, 1687, 1582, 1553, 1305, 1296, 1277, 1199, 1184, 1128, 1094, 1092, 1068, 946, 824, 665, 624, 614, 600, 590, 564, 553, 318, 290, 283, 229, 200, 172, 165, 162, 132, 73, 64, 59, 54, 40, 36, 35, 32, 28, 26, 24, 15]",0.027688122250520954,0.41,0.3894528431611993,0.36467610350754154,0.5705474171164225,0.0
"[6699, 2048, 1547, 1546, 1094, 1092, 1068, 582, 564, 553, 64, 62, 40, 38, 36, 35, 32, 31, 30, 28, 26, 25, 24]",0.01405880990970132,0.78,0.3957374751065439,0.3099046031533763,0.7987663839629915,0.19999999999999996
"[8586, 8427, 8376, 8128, 8061, 8046, 7916, 7563, 7347, 6920, 6362, 6349, 6309, 6195, 6027, 5974, 5684, 5639, 5495, 5452, 5018, 4995, 4991, 4834, 4448, 4071, 3920, 3724, 3327, 3149, 3026, 2983, 2950, 2820, 2796, 2787, 2776, 2507, 2401, 2316, 2250, 2066, 2006, 1916, 1894, 1875, 1836, 1781, 1740, 1636, 1582, 1547, 1546, 1379, 1319, 1277, 1274, 1231, 1068, 856, 772, 734, 564, 553, 529, 291, 229, 222, 220, 214, 209, 200, 87, 86, 62, 59, 54, 40, 36, 1]",0.025471173882843253,0.21,0.47830452646345745,0.6156105466299391,0.6913389874068363,0.19999999999999996
"[8451, 7513, 6274, 5595, 4485, 4484, 4483, 4481, 4480, 4478, 4469, 3227, 2821, 1907, 1904, 1873, 1697, 1547, 1404, 1332, 1231, 1022, 880, 851, 806, 790, 734, 529, 442, 429, 370, 294, 231, 219, 201, 173, 144, 141, 138, 15, 8]",0.02168904839083121,0.6,0.38273812793020623,0.3479537946220822,0.6802878437419686,0.0
"[8586, 8488, 8427, 8315, 8128, 8104, 8061, 8046, 7916, 7514, 7145, 7086, 6967, 6920, 6631, 6362, 6027, 5975, 5974, 5778, 5495, 5452, 5328, 5083, 4834, 4488, 4483, 4448, 4437, 4083, 3920, 3900, 3506, 3491, 3394, 3327, 3270, 3026, 2983, 2950, 2916, 2820, 2796, 2787, 2776, 2401, 2316, 2226, 2198, 2102, 2054, 2035, 2006, 1916, 1894, 1875, 1873, 1672, 1547, 1546, 1532, 1443, 1379, 1319, 1274, 1022, 1002, 935, 920, 904, 856, 816, 790, 772, 734, 564, 529, 429, 414, 392, 291, 229, 222, 220, 214, 209, 201, 8]",0.025945820791849965,0.13,0.428157767771973,0.6575554799863227,0.717296324852223,0.0
"[8467, 5624, 5227, 5083, 4995, 2126, 2102, 1701, 1582, 1556, 1555, 1128, 1098, 1094, 1092, 1068, 734, 627, 624, 614, 600, 590, 564, 553, 231, 229, 162, 87, 86, 76, 73, 64, 62, 59, 54, 40, 36, 35, 32, 31, 28, 25, 22]",0.022326927529520722,0.58,0.42008103766759286,0.3828119803311466,0.6669236700077101,0.19999999999999996
"[8450, 4490, 4483, 3204, 1404, 1094, 904, 665, 429, 294, 162, 87, 31, 15, 8, 4]",0.011655475804584396,0.85,0.31809498590388907,0.27947063795887594,0.874325366229761,0.19999999999999996
"[6775, 6579, 4483, 3950, 2479, 2054, 1697, 1582, 1547, 1546, 1199, 1068, 904, 564, 553, 433, 200, 173, 172, 165, 162, 54, 40, 36, 32, 31, 30, 28]",0.016304700162074554,0.73,0.37406183371859814,0.36816491903158777,0.7905422770496017,0.19999999999999996
"[8586, 8128, 8117, 6699, 6631, 6027, 5097, 5083, 4995, 4448, 3227, 3210, 3026, 2983, 2250, 2126, 2054, 1697, 1694, 1687, 1582, 1547, 1546, 1532, 1443, 1199, 1184, 1128, 1098, 1094, 1092, 1068, 920, 665, 627, 624, 614, 600, 596, 590, 582, 564, 553, 231, 219, 201, 200, 173, 172, 165, 162, 144, 141, 138, 132, 87, 86, 76, 73, 64, 62, 59, 54, 40, 38, 36, 35, 32, 31, 30, 28, 26, 25, 24, 13]",0.03137647603611947,0.26,0.49706619703660815,0.4821412717261325,0.44333076329992294,0.19999999999999996
"[8574, 8427, 8061, 7916, 7654, 7145, 7122, 7107, 7101, 7072, 6647, 6631, 6536, 6349, 6249, 5974, 5083, 5078, 4995, 4991, 4834, 4567, 4469, 4451, 4083, 4072, 3538, 3454, 3327, 3037, 3026, 2950, 2916, 2787, 2507, 2506, 2035, 2019, 2006, 1999, 1953, 1916, 1907, 1534, 1514, 1421, 1404, 1403, 1096, 1022, 1013, 1002, 880, 614, 529, 446, 399, 385, 229, 32, 31, 30, 28, 26, 25, 24, 22, 13]",0.021763139615651773,0.33,0.4063419714977087,0.5534766504066968,0.7712670264713442,0.0
"[8467, 8465, 8464, 8456, 6027, 5624, 5569, 5227, 4995, 4600, 4497, 4487, 4485, 4477, 4476, 4475, 4469, 3227, 2950, 2820, 2316, 2102, 2018, 1941, 1907, 1904, 1873, 1872, 1797, 1795, 1790, 1697, 1694, 1687, 1582, 1404, 1332, 1307, 1305, 1296, 1231, 1184, 1128, 1068, 920, 906, 880, 817, 808, 772, 736, 734, 665, 627, 624, 614, 600, 596, 564, 553, 458, 442, 407, 386, 359, 318, 290, 240, 231, 219, 209, 201, 173, 172, 165, 162, 144, 141, 138, 87, 86, 62, 59, 54, 40, 36, 35, 32, 31, 30, 28, 25]",0.037967122018985874,0.09,0.44424493932086717,0.40833804129517703,0.33590336674376764,0.0
"[8586, 8498, 8441, 8427, 8128, 8061, 8046, 7563, 7514, 6981, 6976, 6431, 6362, 6274, 6027, 5974, 5940, 5495, 5452, 5328, 5018, 4995, 4991, 4936, 4834, 4448, 3920, 3900, 3724, 3417, 3327, 3287, 3227, 3204, 3080, 3026, 2983, 2950, 2878, 2820, 2776, 2745, 2507, 2401, 2006, 1916, 1894, 1875, 1795, 1712, 1697, 1694, 1687, 1546, 1379, 1354, 1274, 1259, 1231, 856, 772, 734, 665, 614, 600, 290, 229, 222, 220, 214, 209, 208, 162, 144, 141, 138, 132, 87, 86]",0.02418962722852512,0.22,0.472880616675152,0.6289844562205114,0.7113852480082241,0.19999999999999996
"[8510, 6320, 6274, 4609, 4485, 4484, 4483, 4482, 4480, 4478, 4469, 4379, 3756, 3675, 3227, 2507, 2505, 2320, 2250, 2126, 2102, 1697, 1694, 1687, 1582, 1555, 1546, 1404, 1332, 1305, 1296, 1277, 1231, 1199, 1184, 1068, 1022, 880, 806, 790, 734, 665, 624, 614, 600, 596, 590, 564, 553, 529, 379, 370, 294, 290, 283, 231, 219, 201, 200, 173, 172, 165, 162, 144, 141, 138, 132, 78, 62, 59, 54, 40, 36, 35, 32, 31, 28, 25, 22, 15, 13]",0.03358763602685807,0.2,0.4273664940980312,0.3520492293913987,0.4050372654844513,0.19999999999999996
"[3227, 2126, 2102, 2074, 1582, 1556, 1555, 1553, 1450, 1305, 1277, 1128, 1098, 1094, 1092, 1068, 824, 806, 734, 627, 624, 614, 600, 596, 590, 582, 564, 553, 283, 208, 200, 144, 141, 138, 87, 86, 76, 73, 64, 62, 59, 54, 40, 38, 36, 35, 32, 31, 30, 28, 15, 13]",0.027044454734892337,0.49,0.4361735496765792,0.357602357326844,0.5448470830120792,0.19999999999999996
"[8586, 8469, 8128, 8061, 7145, 6631, 6027, 5495, 4995, 4991, 4236, 4083, 3026, 2951, 2035, 1547, 1546, 1532, 1354, 902, 529, 141, 25, 24, 13]",0.008114146793239177,0.76,0.3603055232324518,0.43273567842696503,0.9180159342071447,0.19999999999999996
"[8586, 8498, 8487, 8441, 8427, 8302, 8128, 8046, 7916, 7789, 7654, 7514, 6981, 6977, 6967, 6920, 6647, 6631, 6362, 6027, 5975, 5739, 5704, 5452, 5083, 5070, 4995, 4991, 4936, 4834, 4707, 4448, 4197, 4083, 4072, 3900, 3506, 3417, 3327, 3287, 3026, 2983, 2950, 2916, 2878, 2820, 2796, 2787, 2783, 2776, 2745, 2507, 2506, 2401, 2316, 2035, 1916, 1797, 1795, 1712, 1627, 1514, 1354, 1307, 1274, 856, 816, 776, 772, 614, 590, 343, 229, 214, 208, 97, 75]",0.016719147950914563,0.24,0.4201314683839531,0.647447486430762,0.8679002827036751,0.19999999999999996
"[8046, 7514, 6579, 5495, 4448, 3417, 2957, 2887, 2479, 1894, 1697, 1627, 1379, 1068, 564, 553, 433, 343, 162, 54, 40, 36, 35, 32, 31, 30, 28]",0.012560777957860616,0.74,0.37673697516373594,0.3888814969485499,0.8447699820097662,0.19999999999999996
"[6274, 4488, 4487, 4485, 4484, 4483, 4482, 4481, 4480, 4478, 4469, 3227, 2250, 2126, 2102, 1907, 1904, 1873, 1697, 1694, 1687, 1582, 1547, 1546, 1443, 1414, 1404, 1332, 1305, 1296, 1277, 1231, 1199, 1184, 1128, 1098, 1094, 1092, 1068, 1022, 920, 904, 880, 851, 824, 806, 790, 734, 665, 627, 624, 614, 600, 596, 590, 582, 564, 553, 529, 442, 429, 392, 370, 318, 294, 290, 283, 219, 201, 200, 173, 172, 165, 162, 144, 141, 138, 132, 87, 86, 76, 73, 64, 62, 59, 54, 40, 38, 36, 35, 32, 31, 30, 28, 26, 25, 24, 1]",0.04032414910858995,0.03,0.4758410654316434,0.36259744439296426,0.16165510151631968,0.19999999999999996
"[8291, 6715, 6236, 5731, 5704, 5684, 5639, 5634, 4199, 3926, 2661, 2148, 2142, 1627, 1128, 665, 162]",0.0045728177818939566,0.84,0.27772321967811475,0.37111848100143363,0.9611924955024416,0.19999999999999996
"[8586, 8128, 8117, 7654, 7514, 7122, 7107, 7101, 7095, 6699, 6647, 6631, 6579, 6027, 5083, 5078, 4995, 4991, 4448, 4028, 3506, 3227, 3210, 3037, 3026, 2983, 2950, 2916, 2507, 2506, 2479, 2401, 2250, 2126, 2054, 2019, 1916, 1697, 1694, 1687, 1582, 1547, 1546, 1532, 1454, 1443, 1199, 1184, 1098, 1094, 1092, 1068, 1022, 1013, 920, 665, 596, 590, 582, 564, 553, 446, 442, 433, 429, 399, 231, 201, 200, 173, 172, 165, 162, 144, 141, 138, 132, 86, 76, 73, 64, 62, 59, 54, 40, 38, 36, 35, 32, 31, 30, 28, 26, 25, 24, 13]",0.034156054642278305,0.05,0.5095852579886853,0.5426871093337855,0.41917244924184016,0.19999999999999996
"[6027, 5569, 4995, 4469, 3227, 2950, 2820, 2316, 2102, 1907, 1797, 1795, 1697, 1694, 1687, 1307, 1231, 1184, 1128, 1068, 880, 772, 665, 627, 624, 614, 600, 564, 553, 370, 219, 201, 173, 172, 165, 162, 87, 62, 59, 54, 40, 36, 35, 32, 31, 30, 28, 25]",0.02395693447557305,0.53,0.42970819134825233,0.42556474104295205,0.657414546389103,0.0
"[8488, 8427, 8315, 8128, 8061, 8046, 7916, 7514, 6967, 6920, 6631, 6362, 5975, 5974, 5778, 5495, 5452, 5328, 5098, 5083, 4834, 4488, 4483, 4448, 4437, 3920, 3900, 3394, 3327, 3270, 3026, 2950, 2916, 2820, 2796, 2787, 2776, 2401, 2316, 2226, 2198, 2102, 2054, 1916, 1894, 1875, 1873, 1672, 1547, 1546, 1443, 1379, 1319, 1274, 1022, 904, 856, 816, 790, 772, 734, 564, 529, 429, 291, 229, 222, 220, 214, 209, 201, 8]",0.022571197036351007,0.29,0.40499853946971454,0.619378893393671,0.7581598560781291,0.19999999999999996
"[8574, 7107, 7101, 7072, 6647, 6536, 5974, 4995, 4707, 4437, 3536, 2950, 2019, 2006, 1953, 1894, 1884, 1421, 1404, 1096, 1022, 627, 624, 614, 600, 529, 446, 399, 385, 87, 42, 32, 31, 30, 28, 26, 25, 24, 22, 13]",0.016369529983792545,0.61,0.4213424540038422,0.4536397417635607,0.8108455409920329,0.19999999999999996
"[4488, 4483, 4482, 4481, 4478, 3711, 2126, 2102, 1582, 1546, 1098, 1094, 1092, 1068, 596, 590, 582, 564, 553, 201, 76, 64, 59, 54, 40, 38, 36, 35, 32, 31, 28, 26, 17, 15]",0.01958555221115999,0.67,0.35907422941731737,0.27558138648698893,0.6910819840657929,0.19999999999999996
"[8584, 8427, 7916, 7654, 7145, 6920, 6631, 6362, 6195, 5760, 5083, 4991, 4834, 4483, 4203, 4072, 3287, 3204, 2916, 2787, 2776, 2745, 2316, 2102, 1712, 1582, 1514, 1094, 1092, 1068, 614, 600, 596, 582, 564, 553, 516, 229, 173, 172, 165, 162, 64, 62, 59, 54, 40, 38, 35, 32, 31, 30, 28, 26, 25, 1]",0.022421856911322067,0.45,0.4127317761289069,0.5024860991758412,0.7003341043433564,0.19999999999999996
"[7514, 6439, 6274, 4671, 4488, 4487, 4485, 4484, 4483, 4482, 4481, 4480, 4478, 4469, 3417, 3227, 2250, 2126, 2102, 1907, 1904, 1873, 1697, 1694, 1687, 1627, 1582, 1443, 1414, 1404, 1332, 1305, 1296, 1277, 1231, 1199, 1184, 1128, 1098, 1094, 1092, 1068, 1022, 920, 904, 880, 851, 824, 806, 790, 734, 665, 627, 624, 614, 600, 596, 590, 582, 564, 553, 442, 429, 392, 370, 343, 318, 294, 290, 283, 231, 201, 200, 173, 172, 165, 162, 144, 141, 138, 132, 87, 86, 76, 73, 64, 62, 59, 54, 40, 38, 36, 35, 32, 31, 30, 28, 26, 25, 24]",0.04057999536929845,0.01,0.482716610597431,0.38642393190240576,0.1806733487535338,0.19999999999999996
"[6878, 6274, 4485, 4484, 4483, 4482, 4481, 4480, 4478, 4469, 3227, 2250, 2126, 2102, 2054, 1907, 1904, 1873, 1697, 1694, 1687, 1582, 1547, 1546, 1404, 1332, 1305, 1296, 1277, 1231, 1199, 1184, 1128, 1098, 1094, 1092, 1068, 1022, 880, 851, 824, 806, 790, 734, 665, 627, 624, 614, 600, 596, 590, 582, 564, 553, 529, 442, 429, 370, 318, 294, 290, 283, 231, 219, 201, 200, 173, 172, 165, 162, 144, 141, 138, 132, 86, 78, 76, 73, 64, 59, 54, 40, 38, 36, 35, 32, 31, 30, 28, 26, 25, 24]",0.03840588099097013,0.09,0.45870215351928456,0.36172357993732285,0.2343870470316114,0.19999999999999996
"[8330, 4995, 4492]",0.0017874507987960175,0.98,0.16958128602893308,0.2108996394582746,0.9886918529940889,0.4
"[8237, 6706, 4379, 4025, 3204, 2951, 966, 294, 70, 28]",0.0035679555452651076,0.91,0.26250496602048035,0.3077858243714785,0.9735286558725263,0.19999999999999996
"[8061, 8046, 7514, 6981, 6647, 4991, 4936, 3417, 3408, 2126, 2102, 1582, 1547, 1068, 596, 564, 553, 529, 201, 141, 86, 78, 59, 54, 40, 38, 36, 35, 32, 31, 30, 28, 26, 25, 24, 1]",0.017249363278536697,0.65,0.4139770422313165,0.38582465384895337,0.7532767925983037,0.19999999999999996
"[4490, 1547, 1546, 1404, 904, 529, 441, 429, 25, 24, 13, 12]",0.00798911785135448,0.89,0.3217818918846952,0.32332530707426854,0.9074787972243639,0.19999999999999996
"[8451, 8450, 6631, 5097, 4490, 4483, 2821, 1532, 1404, 1128, 1094, 904, 627, 624, 429, 231, 209, 162, 87, 31, 12, 8, 4]",0.013886316276915953,0.78,0.3141468672778711,0.3229026803178111,0.8463120020560267,0.0
"[8330, 5639, 3804, 2951, 1]",0.0018684880759435056,0.96,0.21235283220389634,0.253213581047938,0.9858648162426111,0.4
"[8586, 8128, 8117, 6699, 6027, 5797, 5083, 4995, 4448, 3227, 3210, 3026, 2983, 2250, 2126, 2054, 1697, 1694, 1687, 1582, 1547, 1546, 1443, 1199, 1184, 1098, 1094, 1092, 1068, 920, 665, 614, 600, 596, 590, 582, 564, 553, 219, 201, 200, 173, 172, 165, 162, 144, 141, 138, 132, 87, 86, 76, 73, 64, 62, 59, 54, 40, 38, 36, 35, 32, 31, 30, 28, 26, 25, 24, 13]",0.029806668210233853,0.32,0.4881880063198577,0.47317799512902614,0.477769210999743,0.19999999999999996
"[8465, 8237, 8061, 7916, 7654, 7514, 6664, 6647, 6143, 5975, 5974, 5654, 5639, 5634, 5495, 5452, 5229, 4995, 4991, 4925, 4448, 4083, 4072, 3920, 3417, 3204, 2983, 2951, 2916, 2796, 2401, 2126, 2006, 1875, 1781, 1582, 1514, 1379, 1274, 1128, 1068, 946, 856, 824, 624, 614, 596, 564, 553, 318, 290, 201, 171, 141, 59, 54, 40, 36, 35, 32, 28, 26, 24]",0.02250405186385737,0.38,0.3873441042528898,0.5176713278705016,0.7180673348753535,0.19999999999999996
"[7513, 5595, 4483, 2054, 1547, 1546, 1461, 529, 8]",0.006356795554526511,0.92,0.26914480554449727,0.27834506738952625,0.9380621948085325,0.19999999999999996
"[8237, 8117, 7789, 7654, 7514, 6802, 6706, 6541, 6362, 6210, 5739, 5704, 5639, 5495, 5452, 5083, 4990, 4492, 4448, 4264, 4083, 3417, 3287, 3026, 2951, 2796, 2787, 2783, 2776, 2709, 2507, 2506, 2401, 1712, 1697, 1627, 1514, 1354, 1231, 1188, 856, 600, 590, 583, 343, 214, 208, 97, 87, 86, 75, 70]",0.016100949293818015,0.49,0.38151116199946167,0.5190059032410207,0.8357748650732459,0.19999999999999996
"[6706, 6274, 3210, 2951, 2709, 2250, 2126, 2102, 1904, 1873, 1697, 1694, 1687, 1585, 1582, 1547, 1546, 1332, 1305, 1296, 1277, 1199, 1188, 1184, 1128, 1098, 1094, 1092, 1068, 902, 851, 824, 806, 734, 665, 627, 624, 614, 600, 596, 590, 583, 582, 564, 318, 294, 290, 283, 231, 219, 201, 200, 173, 172, 165, 162, 160, 144, 141, 132, 87, 86, 76, 73, 70, 59, 54, 36, 35, 32, 13]",0.03222042139384117,0.3,0.4679985337505521,0.42512490751054544,0.44410177332305323,0.0
"[8574, 8467, 8427, 8046, 7916, 7514, 7306, 7072, 6920, 6579, 6535, 6430, 6013, 5975, 5495, 5083, 4995, 4488, 4487, 4485, 4484, 4483, 4482, 4481, 4480, 4451, 4448, 4071, 3894, 3454, 3417, 3327, 2972, 2957, 2887, 2820, 2796, 2479, 2401, 2316, 1953, 1894, 1873, 1836, 1781, 1697, 1627, 1454, 1450, 1443, 1421, 1414, 1379, 1319, 1277, 1274, 1068, 1022, 920, 904, 772, 564, 553, 442, 433, 429, 392, 385, 343, 291, 162, 54, 40, 36, 35, 32, 31, 30, 28]",0.0277286408890947,0.22,0.42475020894600246,0.5603060451344246,0.6227190953482395,0.19999999999999996
"[8302, 6274, 5975, 5704, 4469, 4197, 3227, 2250, 2126, 2102, 1907, 1904, 1873, 1712, 1697, 1694, 1687, 1680, 1627, 1582, 1404, 1332, 1305, 1296, 1277, 1231, 1199, 1184, 1128, 1098, 1094, 1092, 1068, 1022, 880, 851, 824, 806, 790, 734, 665, 627, 624, 614, 600, 596, 590, 582, 564, 553, 473, 429, 318, 294, 290, 283, 231, 219, 201, 200, 173, 172, 165, 162, 144, 141, 138, 132, 97, 87, 86, 76, 75, 73, 64, 62, 59, 54, 38, 36, 35, 32]",0.035841630006946054,0.19,0.45947340160871086,0.4347081510480403,0.3605756874839373,0.0
"[8467, 6274, 5624, 5227, 5083, 4995, 4478, 4469, 3227, 2126, 2102, 1907, 1904, 1701, 1697, 1582, 1556, 1555, 1442, 1404, 1231, 1128, 1098, 1094, 1092, 1068, 1022, 880, 806, 734, 627, 624, 614, 600, 590, 564, 553, 370, 294, 290, 231, 229, 219, 201, 173, 172, 162, 144, 141, 138, 86, 76, 73, 64, 62, 59, 54, 40, 36, 35, 32, 31, 28, 25, 22]",0.03139152581616115,0.36,0.4344094323428771,0.4219668762141423,0.49396042148547936,0.0
"[8498, 8469, 8195, 8128, 7654, 6631, 5940, 5634, 5083, 4483, 4072, 3026, 2507, 2287, 2250, 2102, 1999, 1916, 1354, 1231, 1199, 1128, 1094, 1022, 902, 734, 627, 624, 614, 600, 564, 442, 429, 294, 231, 209, 201, 200, 173, 172, 165, 162, 87, 86, 8, 4]",0.0208115304468627,0.55,0.41306887008359683,0.47639903284229257,0.7316885119506553,0.19999999999999996
"[8488, 8427, 7916, 7654, 7382, 6967, 6920, 6362, 6349, 5975, 5974, 5495, 5452, 5083, 4834, 4567, 4448, 4437, 4083, 4072, 3920, 3900, 3724, 3538, 3327, 3026, 2916, 2820, 2796, 2787, 2776, 2507, 2401, 2316, 2006, 1999, 1875, 1873, 1781, 1547, 1546, 1514, 1379, 1319, 1274, 1096, 1002, 856, 816, 772, 734, 614, 529, 291, 229, 222, 220, 32, 31, 30, 28, 26, 25, 24, 22, 13]",0.020824264876128734,0.35,0.4562112347201924,0.5822330812064633,0.7532767925983037,0.19999999999999996
"[8237, 8117, 6802, 6706, 6541, 4492, 4264, 2951, 2709, 1712, 1697, 1231, 600, 583, 386, 208, 87, 86, 70]",0.009028710349617967,0.82,0.32699934556148536,0.38668286378996963,0.9020817270624518,0.19999999999999996
"[8215, 7606, 7439, 6274, 5977, 5495, 5070, 4480, 4478, 4469, 3227, 2250, 2126, 2102, 2054, 1907, 1904, 1894, 1873, 1697, 1694, 1687, 1582, 1547, 1404, 1332, 1296, 1277, 1231, 1199, 1184, 1128, 1098, 1092, 1068, 991, 925, 880, 851, 824, 806, 734, 627, 624, 614, 600, 596, 590, 582, 553, 529, 370, 318, 294, 290, 283, 231, 201, 200, 173, 172, 165, 162, 144, 141, 138, 132, 87, 86, 78, 76, 73, 64, 62, 59, 54, 40, 38, 36, 35, 32, 31, 30, 28, 26, 25, 24]",0.03703287798101412,0.14,0.46018069396596406,0.4269804222143053,0.33281932665124647,0.19999999999999996
"[8586, 8128, 8117, 6699, 6027, 5797, 5634, 5083, 4483, 4448, 3227, 3210, 3026, 2983, 2250, 2126, 2054, 1697, 1694, 1687, 1547, 1546, 1443, 1199, 1184, 1098, 1094, 1092, 1068, 920, 665, 614, 600, 596, 590, 582, 564, 553, 219, 201, 200, 173, 172, 165, 162, 144, 141, 138, 87, 86, 76, 73, 64, 62, 59, 54, 40, 38, 36, 35, 32, 31, 30, 28, 26, 25, 24, 13]",0.03049432739059968,0.33,0.46318489870174695,0.4747864590356602,0.4883063479825238,0.19999999999999996
"[8574, 8427, 8302, 7916, 7122, 7107, 7101, 7095, 7072, 6920, 6579, 6535, 6362, 6274, 6195, 6013, 5975, 5704, 5078, 4834, 4451, 4448, 4197, 4071, 4028, 3724, 3454, 3327, 3149, 3037, 2972, 2916, 2820, 2796, 2787, 2776, 2479, 2401, 2316, 2250, 2019, 1953, 1873, 1866, 1781, 1740, 1627, 1582, 1532, 1454, 1450, 1421, 1379, 1319, 1277, 1274, 1231, 1199, 1068, 772, 734, 614, 590, 564, 553, 495, 446, 433, 429, 385, 291, 231, 229, 222, 220, 219, 214, 209, 201, 200, 173, 172, 165, 138, 132, 97, 87, 86, 75, 62, 59, 54, 40, 36]",0.031224820560314892,0.07,0.50586297699958,0.6124216389662973,0.5815985607812901,0.19999999999999996
"[8586, 6027, 4995, 4488, 3227, 2950, 2820, 1697, 1694, 1687, 1556, 1555, 1553, 1443, 1184, 790, 665, 392, 162, 144, 141, 138, 30, 28, 26, 25, 24, 18, 15, 13]",0.01665200277842093,0.71,0.3837775048052635,0.38026471826420194,0.7902852737085582,0.0
"[8586, 8128, 7514, 6981, 6976, 6631, 6274, 6027, 5452, 5083, 4995, 4991, 4936, 4448, 3026, 2983, 2950, 2916, 2401, 2250, 2102, 1916, 1697, 1694, 1687, 1582, 1547, 1546, 1532, 1443, 1354, 1231, 1199, 1184, 1094, 1092, 1068, 920, 856, 665, 614, 590, 564, 553, 529, 343, 231, 201, 173, 172, 165, 162, 144, 141, 138, 132, 86, 78, 73, 64, 54, 40, 38, 36, 35, 32, 31, 30, 28, 26, 25, 24, 1]",0.02881222505209539,0.28,0.48601929841350544,0.5162443581105944,0.5332819326651246,0.19999999999999996
"[2102, 1582, 1546, 1410, 1092, 564, 64, 59, 54, 38, 31, 30, 28, 26, 17, 15]",0.010918036582542255,0.85,0.37330468254413085,0.24762588919697315,0.8560781290156771,0.19999999999999996
"[6274, 5634, 4485, 4484, 4483, 3227, 2493, 2126, 2102, 2074, 1582, 1450, 1305, 1277, 1128, 1098, 1094, 1092, 1068, 824, 806, 734, 627, 624, 614, 600, 596, 590, 582, 564, 553, 283, 208, 200, 141, 138, 132, 87, 86, 76, 73, 64, 62, 59, 54, 40, 38, 36, 35, 32, 31, 30, 28]",0.02676429729103959,0.48,0.4070784213641122,0.3549555236456968,0.5664353636597276,0.19999999999999996
"[8453, 4379, 1556, 1555, 1553, 1448, 1022, 790, 442, 429, 386, 35, 28, 22, 15]",0.009535772169483677,0.86,0.322298359882609,0.2736823988690865,0.8864045232588024,0.19999999999999996
"[8427, 8061, 7916, 7361, 7145, 6802, 6631, 6541, 6362, 6195, 5639, 5083, 4991, 4834, 4492, 4203, 4083, 4072, 3327, 3287, 2951, 2916, 2787, 2776, 2745, 2709, 2316, 2102, 2035, 1916, 1712, 1582, 1514, 1094, 1092, 1068, 614, 600, 596, 582, 564, 553, 229, 173, 172, 165, 162, 64, 62, 59, 54, 40, 38, 35, 32, 31, 30, 28, 26, 25]",0.022993748552905764,0.41,0.409799608990001,0.5119493143077315,0.704189154459008,0.19999999999999996
"[8453, 4488, 4379, 1556, 1555, 1553, 920, 392, 252, 38, 28, 22, 15]",0.009520722389442,0.88,0.304288395787201,0.2604476502410087,0.8923156001028013,0.19999999999999996
"[8574, 7107, 7101, 7072, 6647, 5974, 4995, 4707, 4437, 3536, 2019, 2006, 1953, 1894, 1884, 1421, 1404, 1096, 1068, 1022, 627, 624, 614, 600, 564, 553, 446, 385, 87, 54, 42, 40, 36, 35, 32, 31, 28, 26, 25]",0.016861542023616578,0.62,0.4136552159308142,0.4288384656614518,0.7810331534309947,0.0
"[8586, 8488, 8427, 8128, 8104, 8061, 8046, 7916, 7514, 7145, 7086, 6967, 6920, 6699, 6631, 6027, 5975, 5974, 5495, 5452, 5083, 4488, 4483, 4448, 4437, 4083, 3920, 3900, 3506, 3491, 3394, 3327, 3026, 2983, 2950, 2916, 2820, 2796, 2787, 2401, 2316, 2054, 2035, 2006, 1916, 1894, 1875, 1873, 1582, 1547, 1546, 1532, 1443, 1379, 1319, 1274, 1166, 1068, 1022, 1002, 935, 920, 904, 856, 816, 790, 772, 564, 553, 429, 414, 392, 291, 229, 201, 59, 54, 40, 38, 36, 35, 32, 31, 30, 28, 26, 25, 24, 13]",0.02962259782357027,0.12,0.45366852134014146,0.6347211677796814,0.6193780519146749,0.19999999999999996
"[8467, 8465, 8464, 8456, 7796, 7219, 6274, 5624, 5227, 4497, 4487, 4485, 4477, 4476, 4475, 4469, 3227, 3204, 3080, 2250, 2126, 2018, 1941, 1907, 1904, 1873, 1872, 1790, 1700, 1694, 1687, 1546, 1404, 1332, 1305, 1296, 1231, 1199, 1184, 1128, 1098, 1094, 1092, 1091, 920, 906, 880, 817, 808, 736, 734, 665, 627, 624, 614, 600, 596, 590, 458, 442, 407, 386, 359, 318, 290, 283, 240, 231, 219, 209, 201, 200, 173, 172, 165, 162, 144, 141, 138, 132, 126, 87, 86, 73, 64]",0.036055799953692985,0.16,0.4328414979308005,0.3676781992248076,0.3837059881778463,0.0
"[8586, 8498, 8487, 8469, 8427, 8128, 7654, 7514, 6981, 6976, 6967, 6920, 6362, 6027, 5940, 5704, 5452, 5083, 4995, 4936, 4834, 4485, 4484, 4483, 4448, 4083, 3900, 3506, 3417, 3287, 3026, 2983, 2950, 2878, 2820, 2787, 2783, 2776, 2745, 2507, 2506, 2401, 2316, 1916, 1797, 1795, 1712, 1697, 1627, 1354, 1307, 1231, 1022, 816, 776, 772, 734, 614, 596, 590, 343, 229, 222, 220, 214, 209, 201, 132, 97, 75]",0.020964343598055105,0.31,0.36721254055026187,0.5633394076802456,0.7877152402981239,0.0
"[8584, 8427, 7916, 7654, 7145, 6920, 6631, 6362, 6195, 5975, 5083, 4834, 4483, 4469, 4072, 3287, 3227, 3204, 2916, 2787, 2776, 2745, 2316, 2102, 1904, 1873, 1712, 1582, 1514, 1404, 1369, 1332, 1305, 1296, 1277, 1128, 1094, 1092, 1068, 1022, 880, 851, 824, 806, 790, 734, 627, 624, 614, 600, 596, 582, 564, 553, 516, 429, 318, 294, 290, 283, 229, 219, 200, 173, 172, 165, 162, 87, 64, 62, 59, 54, 40, 38, 35, 32, 31, 30, 28, 26, 25, 1]",0.03319865709655013,0.19,0.4495611089930749,0.5190095298404578,0.48265227447956827,0.0
"[8586, 8498, 8487, 8441, 8427, 8128, 7654, 7514, 6981, 6976, 6967, 6920, 6362, 6027, 5974, 5940, 5704, 5486, 5452, 5083, 4995, 4936, 4834, 4469, 4448, 4083, 3900, 3506, 3417, 3287, 3026, 2983, 2950, 2878, 2820, 2787, 2776, 2772, 2745, 2507, 2506, 2401, 2316, 1907, 1904, 1894, 1875, 1873, 1797, 1795, 1712, 1697, 1627, 1379, 1354, 1307, 1274, 1231, 880, 856, 851, 824, 816, 776, 772, 734, 614, 596, 590, 370, 343, 318, 229, 222, 220, 214, 209, 132, 97, 75]",0.025006946052326926,0.21,0.44805380940279516,0.6162674216898304,0.719609354921614,0.0
"[8586, 8498, 8487, 8441, 8302, 8128, 8046, 7789, 7654, 7514, 7122, 7107, 7101, 7095, 7072, 6981, 6977, 6967, 6920, 6647, 6631, 6579, 6362, 6027, 5975, 5739, 5704, 5452, 5083, 5078, 5070, 4995, 4991, 4936, 4834, 4707, 4448, 4197, 4083, 4072, 4028, 3900, 3506, 3417, 3327, 3287, 3037, 3026, 2983, 2950, 2916, 2878, 2820, 2796, 2787, 2783, 2776, 2745, 2507, 2506, 2479, 2401, 2316, 2035, 2019, 1916, 1797, 1795, 1712, 1627, 1532, 1514, 1454, 1443, 1354, 1307, 1306, 1022, 1013, 920, 856, 816, 776, 772, 614, 590, 446, 442, 433, 429, 399, 343, 229, 214, 208, 97, 75]",0.023731187774947905,0.04,0.4730841626740945,0.6642144891358983,0.7807761500899512,0.19999999999999996
"[8586, 8453, 6027, 4488, 3662, 3227, 2950, 1697, 1694, 1687, 1556, 1555, 1553, 1443, 1184, 920, 790, 665, 392, 386, 252, 162, 141, 30, 28, 26, 25, 24, 22, 18, 15]",0.017652234313498494,0.7,0.3776573485926962,0.3536175171787652,0.769982009766127,0.19999999999999996
"[8498, 8487, 8302, 6967, 6920, 6439, 6362, 6274, 5704, 4834, 4485, 4484, 4483, 4482, 4481, 4480, 4478, 4469, 4197, 3227, 2879, 2820, 2787, 2745, 2703, 2316, 2250, 2126, 1907, 1904, 1873, 1797, 1795, 1712, 1697, 1694, 1687, 1680, 1627, 1404, 1332, 1307, 1305, 1296, 1277, 1231, 1199, 1184, 1128, 1098, 1022, 880, 851, 824, 816, 806, 790, 772, 734, 665, 627, 624, 614, 600, 596, 590, 582, 442, 429, 370, 318, 294, 290, 283, 231, 229, 219, 214, 201, 200, 173, 172, 165, 162, 144, 141, 138, 132, 97, 76, 75]",0.03487728640889094,0.1,0.44795829006195764,0.4411134327613814,0.4232845026985351,0.19999999999999996
"[8586, 8574, 8498, 8487, 8427, 8128, 7916, 7654, 7514, 6981, 6976, 6967, 6920, 6647, 6631, 6536, 6439, 6362, 6027, 5452, 5083, 4995, 4991, 4936, 4834, 4448, 3900, 3506, 3026, 2983, 2950, 2916, 2878, 2787, 2507, 2506, 2401, 2316, 2250, 1916, 1797, 1795, 1712, 1697, 1421, 1404, 1354, 1307, 1274, 1231, 1199, 1184, 856, 816, 772, 614, 529, 385, 343, 231, 229, 214, 201, 173, 172, 165, 162, 32, 31, 30, 28, 26, 25, 24, 22, 13]",0.023457976383422088,0.25,0.462813369550802,0.5911929944196637,0.7314315086096119,0.19999999999999996
"[8586, 8498, 8487, 8128, 7789, 7654, 7514, 6981, 6976, 6967, 6920, 6362, 6027, 5739, 5704, 5452, 5083, 4995, 4936, 4448, 4083, 3900, 3506, 3417, 3287, 3026, 2983, 2950, 2878, 2820, 2796, 2787, 2783, 2776, 2745, 2507, 2506, 2401, 2316, 1797, 1795, 1712, 1627, 1514, 1354, 1307, 856, 816, 776, 772, 590, 343, 214, 75]",0.01202130122713591,0.47,0.3868580789551279,0.5477556272302964,0.903366743767669,0.19999999999999996
"[8586, 8498, 8178, 8128, 7654, 7526, 7514, 6631, 6143, 6133, 6097, 6027, 5947, 5940, 5460, 5444, 5083, 4995, 4990, 4083, 4072, 4038, 3954, 3950, 3567, 3417, 3402, 3227, 3056, 3026, 2951, 2950, 2507, 2102, 2074, 1999, 1916, 1905, 1836, 1582, 1556, 1555, 1553, 1514, 1450, 1406, 1354, 1305, 1128, 1098, 1094, 1092, 1068, 902, 824, 806, 627, 582, 564, 553, 474, 283, 208, 200, 144, 141, 138, 87, 76, 73, 64, 62, 59, 54, 40, 38, 36, 35, 32, 31, 30, 28, 15, 13]",0.030659874971058113,0.17,0.44933550739804917,0.5381306698026878,0.5600102801336417,0.19999999999999996
"[6706, 6274, 3210, 2951, 2709, 2102, 1697, 1694, 1687, 1585, 1582, 1547, 1546, 1332, 1305, 1296, 1199, 1188, 1184, 1094, 1092, 1068, 906, 824, 806, 665, 583, 564, 318, 294, 290, 283, 173, 172, 165, 162, 160, 144, 141, 132, 70, 59, 54, 36, 35, 32, 13]",0.023778652465848576,0.54,0.42575765671292476,0.4059617491147688,0.6468774094063223,0.0
"[8586, 8498, 8487, 8441, 8330, 8128, 8117, 8061, 8046, 7789, 7654, 7514, 7145, 6981, 6976, 6967, 6920, 6631, 6362, 6179, 6027, 5974, 5940, 5739, 5452, 5082, 4995, 4991, 4936, 4834, 4707, 4488, 4487, 4485, 4484, 4483, 4482, 4481, 4448, 4351, 4197, 4083, 4072, 3900, 3417, 3327, 3117, 3104, 3026, 2983, 2950, 2916, 2878, 2820, 2796, 2787, 2783, 2776, 2745, 2537, 2507, 2401, 2316, 2035, 2006, 1916, 1875, 1795, 1627, 1514, 1443, 1421, 1414, 1379, 1354, 1307, 1274, 1233, 1128, 1022, 920, 904, 856, 816, 790, 772, 734, 675, 614, 600, 590, 442, 429, 392, 231, 214, 208, 132, 97, 75]",0.02854364436212086,0.01,0.4292688107421663,0.6030604628923615,0.6664096633256232,0.19999999999999996
"[8302, 5704, 5624, 5227, 2126, 2102, 1582, 1556, 1555, 1553, 1098, 1094, 1092, 1068, 734, 627, 624, 614, 600, 596, 590, 582, 564, 553, 231, 162, 87, 86, 76, 73, 64, 62, 59, 54, 40, 36, 35, 32, 31, 30, 28, 25, 22]",0.02242764528826117,0.58,0.4399491599114085,0.3490438866182797,0.6538164996144951,0.19999999999999996
"[8586, 8128, 8117, 6699, 6027, 5797, 5639, 5083, 4448, 4306, 3227, 3210, 3026, 2983, 2250, 2126, 2054, 1697, 1694, 1547, 1546, 1443, 1199, 1184, 1098, 1094, 1092, 1068, 920, 665, 614, 600, 596, 590, 582, 564, 553, 219, 201, 200, 173, 172, 165, 162, 144, 141, 138, 87, 86, 76, 73, 64, 62, 59, 54, 40, 38, 36, 35, 32, 31, 30, 28, 26, 25, 24, 13]",0.028997453114146792,0.34,0.48741258021661726,0.46454910477780786,0.5060395785145206,0.19999999999999996
"[8586, 8498, 8302, 8128, 7514, 6981, 6976, 6647, 6631, 6241, 6027, 5704, 5452, 5083, 4995, 4991, 4936, 4448, 3506, 3026, 2983, 2950, 2916, 2820, 2506, 2401, 2316, 2250, 2102, 1916, 1797, 1795, 1712, 1697, 1694, 1582, 1532, 1443, 1354, 1307, 1231, 1199, 1184, 1094, 1092, 1068, 920, 856, 816, 772, 614, 590, 564, 553, 343, 231, 229, 201, 173, 172, 165, 162, 86, 78, 73, 64, 54, 40, 38, 36, 35, 32, 31, 30]",0.026773558694142163,0.27,0.48291540114971676,0.589146025900736,0.6296581855564123,0.19999999999999996
"[6699, 6274, 3227, 2102, 2054, 1697, 1694, 1687, 1582, 1547, 1546, 1199, 1184, 1183, 1128, 1098, 1094, 1092, 1068, 665, 627, 624, 614, 600, 596, 590, 582, 564, 553, 173, 172, 165, 162, 144, 141, 138, 132, 87, 86, 76, 73, 64, 62, 59, 54, 40, 38, 36, 35, 32, 31, 30, 28, 26, 25, 24]",0.02719958323686038,0.45,0.4688531863424834,0.3817581225467951,0.522230789000257,0.19999999999999996
"[8467, 8465, 8464, 8456, 6643, 6097, 5639, 5634, 5624, 5229, 5227, 4995, 4600, 4497, 4487, 4485, 4477, 4476, 4475, 3227, 3204, 3056, 2951, 2126, 2102, 2018, 1941, 1907, 1904, 1873, 1872, 1790, 1697, 1694, 1687, 1582, 1404, 1332, 1305, 1296, 1231, 1184, 1128, 1098, 1094, 1092, 1068, 920, 906, 880, 817, 808, 736, 734, 665, 627, 624, 614, 600, 596, 590, 564, 553, 458, 442, 407, 386, 359, 318, 290, 283, 240, 231, 219, 209, 201, 173, 172, 165, 162, 144, 141, 138, 87, 86, 76, 73, 64, 62, 59, 54, 40, 36, 35, 32, 31, 30, 28, 25]",0.03975109979161843,0.02,0.4453798136654308,0.4051333831743009,0.2737085582112567,0.0
"[4492, 3315, 1]",0.0029404954850659874,0.98,0.20644415875563493,0.20269037995045658,0.9791827293754819,0.19999999999999996
"[8591, 8302, 6362, 6274, 6195, 5704, 4197, 3724, 3149, 2776, 2250, 1740, 1627, 1582, 1231, 1199, 1094, 1092, 1068, 824, 614, 590, 583, 564, 553, 318, 222, 220, 219, 214, 209, 201, 200, 173, 172, 165, 138, 132, 97, 87, 86, 75, 70, 62, 59, 54, 40, 36]",0.021921741143783285,0.53,0.4449379213675073,0.385022278042752,0.6818298637882292,0.19999999999999996
"[8427, 8061, 7916, 7361, 7145, 6802, 6631, 6541, 6362, 6195, 5083, 4991, 4834, 4083, 4072, 3327, 3287, 2916, 2787, 2776, 2745, 2709, 2316, 2102, 2072, 2035, 1916, 1712, 1582, 1547, 1546, 1514, 1094, 1092, 1068, 614, 600, 596, 582, 564, 553, 229, 173, 172, 165, 162, 64, 62, 59, 54, 40, 38, 35, 32, 31, 30, 28, 26, 25, 1]",0.022345450335725863,0.41,0.4486963956023754,0.49959716146464306,0.6892829606784888,0.19999999999999996
"[6600, 5634, 2951]",0.00046654318129196574,0.98,0.09919089148535742,0.21398630797543283,0.9971729632485222,1.0
"[6274, 4304, 3227, 2250, 2126, 2102, 2054, 1697, 1694, 1687, 1582, 1547, 1546, 1305, 1277, 1231, 1199, 1184, 1128, 1098, 1094, 1092, 1068, 806, 734, 665, 627, 624, 614, 600, 596, 590, 582, 564, 553, 529, 294, 290, 283, 231, 219, 201, 200, 173, 172, 165, 162, 144, 141, 138, 132, 87, 86, 76, 73, 64, 62, 59, 54, 40, 38, 36, 35, 32, 31, 30, 28, 26, 25, 24]",0.03183954619124797,0.31,0.45649236795981774,0.39856721669906414,0.41146234901053713,0.19999999999999996
"[8586, 8498, 8487, 8469, 8453, 8427, 8128, 7654, 7514, 6981, 6976, 6967, 6362, 6345, 6027, 5940, 5704, 5452, 5083, 4936, 4834, 4485, 4484, 4483, 4448, 4083, 3900, 3506, 3417, 3287, 3026, 2983, 2878, 2787, 2783, 2776, 2745, 2507, 2506, 2401, 2316, 1916, 1795, 1712, 1697, 1627, 1553, 1354, 1307, 1231, 816, 776, 772, 734, 614, 596, 590, 386, 343, 229, 222, 220, 214, 209, 201, 132, 97, 75, 35, 15]",0.023601528131511923,0.31,0.3731755939221756,0.566655270575356,0.7458236957080442,0.19999999999999996
"[8427, 7916, 7654, 7514, 7145, 6631, 6274, 5975, 4834, 4483, 4469, 4072, 3417, 3227, 2916, 2787, 2126, 2102, 1904, 1873, 1627, 1610, 1582, 1514, 1404, 1369, 1332, 1305, 1296, 1277, 1128, 1098, 1094, 1092, 1068, 1022, 880, 851, 824, 806, 790, 734, 627, 624, 614, 600, 596, 590, 582, 564, 553, 429, 343, 318, 294, 290, 283, 229, 219, 200, 173, 172, 165, 162, 87, 86, 76, 73, 64, 62, 59, 54, 40, 38, 36, 35, 32, 31, 30, 28, 26, 25, 24]",0.03443273905996758,0.18,0.44325822217948385,0.4764257671474408,0.4150603957851452,0.0
"[8586, 8488, 8427, 8315, 8178, 8128, 8046, 7916, 7654, 7514, 6967, 6920, 6631, 6362, 6143, 6133, 6097, 6027, 5975, 5974, 5778, 5452, 5328, 5083, 4995, 4834, 4448, 4437, 4083, 4072, 4038, 3920, 3900, 3567, 3394, 3327, 3270, 3056, 3026, 2951, 2950, 2916, 2820, 2796, 2787, 2776, 2507, 2401, 2316, 2198, 2102, 2054, 1999, 1916, 1894, 1875, 1873, 1811, 1672, 1547, 1546, 1514, 1450, 1406, 1379, 1319, 1274, 902, 856, 816, 790, 772, 734, 564, 529, 474, 291, 229, 222, 220, 214, 209, 201, 8]",0.022330400555684183,0.17,0.46884864497786705,0.6221091802733407,0.7663839629915189,0.19999999999999996
"[8586, 8498, 8469, 8195, 8128, 7654, 6647, 6631, 6027, 5940, 5634, 5083, 4488, 4485, 4484, 4483, 4072, 3026, 2950, 2507, 2506, 2287, 2250, 2102, 1999, 1916, 1443, 1414, 1354, 1231, 1199, 1128, 1094, 1022, 920, 904, 902, 734, 627, 624, 614, 600, 564, 442, 429, 392, 294, 231, 209, 201, 200, 173, 172, 165, 162, 87, 86, 8, 4]",0.0253160453808752,0.42,0.411998003708256,0.46605694605958414,0.6584425597532768,0.0
"[8237, 7514, 6802, 6706, 6541, 6362, 5639, 5328, 4834, 4492, 4264, 3417, 3270, 3096, 2951, 2787, 2776, 2709, 1712, 1697, 1585, 1231, 1188, 734, 600, 583, 229, 222, 220, 214, 209, 208, 87, 86, 70]",0.013638573743922204,0.66,0.3630692990165362,0.4528212560900218,0.8540221022873298,0.19999999999999996
"[8427, 8063, 8046, 7916, 5974, 5497, 4995, 4707, 4437, 3536, 2951, 2950, 2074, 2011, 1894, 1884, 1875, 1873, 1274, 966, 386, 35]",0.007433433665200277,0.79,0.32897780973792434,0.44106811259746925,0.9254690310974043,0.19999999999999996
"[8586, 8498, 8487, 8441, 8427, 8128, 7654, 7514, 6981, 6976, 6967, 6920, 6362, 6027, 5974, 5940, 5704, 5639, 5486, 5452, 5083, 4936, 4834, 4469, 4448, 4306, 4083, 3900, 3506, 3417, 3287, 3026, 2983, 2950, 2878, 2787, 2776, 2772, 2745, 2507, 2506, 2417, 2401, 2316, 1907, 1904, 1894, 1875, 1873, 1797, 1795, 1712, 1697, 1627, 1379, 1354, 1307, 1274, 1231, 880, 856, 851, 824, 816, 776, 772, 734, 614, 596, 590, 370, 343, 318, 229, 222, 220, 214, 209, 132, 97, 75]",0.025116925214169947,0.2,0.43592338769885575,0.6153896595601023,0.7224363916730918,0.0
"[8586, 8128, 6699, 6027, 4995, 3227, 3210, 2983, 2054, 1697, 1694, 1687, 1582, 1547, 1546, 1199, 1184, 1094, 1092, 1068, 920, 665, 582, 564, 553, 200, 173, 172, 165, 162, 144, 141, 138, 132, 64, 62, 59, 54, 40, 38, 36, 35, 32, 31, 30, 28, 26, 25, 24, 13]",0.024358647835147025,0.51,0.458361079842163,0.4130803912044595,0.5995887946543306,0.0
"[8574, 8427, 8302, 7916, 7122, 7107, 7101, 7095, 7072, 6920, 6579, 6535, 6362, 6274, 6013, 5975, 5704, 5634, 5078, 4995, 4488, 4485, 4484, 4483, 4451, 4448, 4197, 4130, 4071, 4028, 3724, 3454, 3327, 3149, 3037, 2972, 2916, 2820, 2796, 2787, 2776, 2479, 2401, 2316, 2250, 2019, 1953, 1873, 1866, 1781, 1740, 1627, 1532, 1454, 1450, 1421, 1379, 1319, 1277, 1274, 1231, 1199, 920, 790, 772, 734, 614, 590, 495, 446, 442, 433, 429, 392, 385, 291, 231, 229, 222, 220, 219, 214, 209, 201, 200, 173, 172, 165, 138, 132, 97, 87, 86, 75]",0.03157443852743691,0.07,0.44450541029922297,0.5819251694395089,0.5962477512207658,0.19999999999999996
"[4995, 385]",0.0006714517249363279,0.99,0.13664656288978305,0.18956023188964866,0.9933179131328708,0.8
"[8586, 8498, 8487, 8441, 8330, 8302, 8128, 8046, 7789, 7654, 7514, 7122, 7107, 7101, 7095, 7072, 6981, 6977, 6967, 6920, 6647, 6631, 6579, 6362, 6027, 5975, 5739, 5452, 5244, 5083, 5078, 5070, 4995, 4991, 4936, 4834, 4707, 4448, 4197, 4083, 4072, 4028, 3900, 3506, 3417, 3327, 3287, 3037, 3026, 2983, 2950, 2916, 2878, 2820, 2796, 2787, 2783, 2776, 2745, 2507, 2506, 2479, 2401, 2316, 2035, 2019, 1916, 1797, 1795, 1712, 1627, 1532, 1514, 1454, 1443, 1354, 1307, 1306, 1022, 1013, 920, 856, 816, 776, 772, 614, 590, 446, 442, 433, 429, 399, 343, 229, 214, 208, 97, 75]",0.024034498726557076,0.03,0.48160484062029085,0.6621218714261328,0.7797481367257775,0.19999999999999996
"[5030, 4316, 1]",0.0015096087057189164,0.98,0.1998797188887863,0.21223594703331483,0.9871498329478283,0.4
"[8574, 8467, 8046, 7514, 7072, 6920, 6780, 6579, 6535, 6430, 6143, 6061, 6013, 5975, 5704, 5639, 5495, 5083, 4995, 4936, 4488, 4487, 4485, 4484, 4482, 4481, 4480, 4451, 4448, 4306, 4071, 3894, 3754, 3454, 3417, 2983, 2972, 2957, 2937, 2893, 2887, 2506, 2479, 2401, 2316, 1953, 1894, 1873, 1836, 1712, 1697, 1627, 1556, 1555, 1454, 1450, 1443, 1421, 1414, 1379, 1319, 1277, 1022, 920, 904, 529, 442, 433, 429, 392, 385, 343, 291, 229, 162, 144, 141, 22]",0.024690900671451726,0.23,0.40543389031964605,0.5641555815707326,0.6944230274993575,0.19999999999999996
"[8453, 4488, 4379, 1556, 1555, 1553, 1443, 1305, 1022, 920, 806, 790, 442, 429, 392, 386, 294, 290, 283, 252, 28, 22]",0.014795091456355637,0.79,0.33923114982833935,0.3081085598127644,0.8293497815471601,0.19999999999999996
"[8195, 5634, 4483, 3227, 3044, 1231, 1094, 1022, 734, 231, 219, 173, 172, 162, 144, 8, 4]",0.010593887473952304,0.84,0.3221443966654921,0.3304217240495195,0.8804934464148034,0.19999999999999996
"[8487, 8441, 8330, 8117, 8046, 7514, 6981, 6978, 6967, 6920, 6362, 5452, 4991, 4936, 4496, 4448, 4351, 3900, 3417, 3117, 2878, 2796, 2776, 2745, 2401, 2316, 2028, 1875, 1443, 1379, 1307, 1274, 1022, 920, 856, 816, 600, 442, 429, 392]",0.012328085204908542,0.61,0.3501730491844419,0.48591557860223933,0.877923413004369,0.19999999999999996
"[6488, 4488, 4483, 4482, 4481, 4478, 4469, 2102, 1907, 1582, 1546, 1404, 1094, 1092, 1068, 1022, 582, 564, 553, 64, 59, 54, 40, 38, 36, 35, 32, 31, 30, 28, 26, 17, 15]",0.019534614494095857,0.68,0.3603471267535081,0.26992412981940817,0.701876124389617,0.19999999999999996
"[8586, 8498, 8487, 8427, 8302, 8178, 8128, 8046, 7916, 7654, 7514, 6981, 6976, 6967, 6920, 6647, 6631, 6362, 6143, 6133, 6097, 6027, 5975, 5974, 5704, 5452, 5083, 4995, 4991, 4936, 4834, 4448, 4437, 4083, 4072, 4038, 3920, 3900, 3567, 3506, 3327, 3056, 3026, 2983, 2950, 2916, 2878, 2820, 2796, 2787, 2776, 2745, 2507, 2506, 2401, 2316, 1999, 1916, 1894, 1875, 1873, 1797, 1795, 1712, 1627, 1514, 1450, 1406, 1379, 1354, 1307, 1274, 902, 856, 851, 816, 772, 590, 474, 343, 229, 214, 97, 75]",0.01941884695531373,0.17,0.46589337418628185,0.6575394692859386,0.8182986378822925,0.19999999999999996
"[6274, 4304, 4196, 3227, 2250, 2126, 2102, 2054, 1697, 1694, 1687, 1582, 1547, 1546, 1277, 1231, 1199, 1184, 1128, 1098, 1094, 1092, 1068, 734, 665, 627, 624, 614, 600, 596, 590, 582, 564, 553, 529, 231, 219, 201, 200, 173, 172, 165, 162, 144, 141, 138, 132, 87, 86, 76, 73, 64, 62, 59, 54, 40, 38, 36, 35, 32, 31, 30, 28, 26, 25, 24]",0.02957860615883306,0.35,0.47458752968114226,0.3796286429528408,0.45129786687226936,0.19999999999999996
"[8302, 6274, 5975, 4469, 3227, 2250, 2126, 2102, 2054, 1907, 1904, 1873, 1712, 1697, 1694, 1687, 1680, 1582, 1547, 1546, 1404, 1332, 1305, 1296, 1277, 1231, 1199, 1184, 1128, 1098, 1094, 1092, 1068, 1022, 880, 851, 824, 806, 790, 734, 665, 627, 624, 614, 600, 596, 590, 582, 564, 529, 473, 429, 318, 294, 290, 283, 231, 219, 201, 200, 173, 172, 165, 162, 144, 141, 138, 132, 87, 86, 76, 73, 64, 62, 59, 54, 38, 36, 35, 32, 24]",0.035943505441074323,0.2,0.4579555488773033,0.43572271080129177,0.3502955538421999,0.19999999999999996
"[7789, 7654, 7514, 6793, 5739, 5639, 5634, 5083, 4448, 4083, 3417, 3287, 3026, 2951, 2796, 2787, 2783, 2776, 2401, 1941, 1627, 1514, 856, 590, 343, 214]",0.005966658948830748,0.75,0.30745967960619747,0.42244064589698516,0.9493703418144436,0.19999999999999996
"[8586, 8498, 8487, 8302, 8128, 8046, 7789, 7654, 7514, 6981, 6977, 6967, 6920, 6647, 6631, 6362, 6056, 6027, 5739, 5704, 5452, 5083, 4995, 4991, 4936, 4834, 4448, 4197, 4072, 3900, 3506, 3417, 3026, 2983, 2950, 2916, 2878, 2820, 2796, 2787, 2745, 2507, 2506, 2401, 2316, 2287, 1916, 1797, 1795, 1712, 1627, 1514, 1354, 1307, 1128, 1022, 856, 816, 776, 772, 627, 624, 614, 590, 343, 231, 229, 214, 97, 75]",0.01777610557999537,0.31,0.43790750706287984,0.6266952163837479,0.8404009252120277,0.19999999999999996
"[8302, 6274, 5975, 5704, 4197, 3227, 2250, 2126, 2102, 1904, 1873, 1712, 1697, 1694, 1687, 1680, 1627, 1582, 1332, 1305, 1296, 1277, 1231, 1199, 1184, 1128, 1098, 1094, 1092, 1068, 880, 851, 824, 806, 790, 734, 665, 627, 624, 614, 600, 596, 590, 582, 564, 553, 473, 429, 318, 290, 283, 231, 219, 201, 200, 173, 172, 165, 162, 144, 141, 138, 132, 97, 87, 86, 76, 75, 73, 64, 62, 59, 54, 38, 36, 35, 32]",0.034165316045380874,0.24,0.4687847151919433,0.4429319140766047,0.39912618864045235,0.19999999999999996
"[8586, 8488, 8427, 8128, 8104, 8061, 8046, 7916, 7654, 7514, 7122, 7086, 6967, 6920, 6699, 6647, 6631, 6027, 5975, 5974, 5495, 5452, 5244, 5083, 5078, 5070, 4488, 4483, 4448, 4437, 4083, 4072, 3920, 3900, 3506, 3491, 3394, 3327, 3037, 3026, 2983, 2950, 2916, 2820, 2796, 2787, 2507, 2401, 2316, 2054, 2035, 2019, 2006, 1916, 1894, 1875, 1873, 1582, 1547, 1546, 1532, 1503, 1443, 1379, 1319, 1274, 1068, 1022, 1013, 935, 920, 904, 856, 816, 790, 772, 564, 553, 429, 414, 392, 291, 229, 201, 59, 54, 40, 38, 36, 35, 32, 31, 30, 28, 26, 25, 24, 13]",0.03169483676777032,0.03,0.4506371233868669,0.6760903888091745,0.6008738113595476,0.0
"[8498, 8441, 8427, 8237, 8046, 7514, 6981, 6976, 6706, 6362, 5974, 5932, 5486, 5452, 5328, 4936, 4834, 4469, 4448, 4264, 4083, 3920, 3900, 3417, 3287, 3204, 2951, 2916, 2878, 2820, 2787, 2776, 2745, 2709, 2401, 1907, 1894, 1875, 1795, 1712, 1697, 1585, 1404, 1379, 1354, 1277, 1274, 1231, 1188, 966, 856, 772, 734, 627, 614, 600, 596, 590, 583, 370, 294, 229, 222, 220, 214, 209, 208, 132, 87, 86, 70]",0.02430886779347071,0.3,0.4225042013278094,0.575754068747053,0.7278334618350039,0.0
"[4419, 553, 40, 38, 36, 35, 32, 31, 30, 28, 26, 24]",0.008651308173188238,0.89,0.3372330259327617,0.21036262977183862,0.8871755332819327,0.19999999999999996
"[6706, 4995, 4379, 2950, 2820, 1797, 1795, 772, 75, 28]",0.003306320907617504,0.91,0.2688751291443394,0.3064813119604789,0.969159599074788,0.4
"[7621, 7122, 7107, 7101, 7095, 7072, 6920, 6579, 6535, 6349, 6274, 6013, 5975, 5078, 4451, 4448, 4028, 3724, 3454, 3327, 3210, 3037, 2972, 2951, 2916, 2820, 2796, 2709, 2479, 2401, 2316, 2250, 2019, 1953, 1873, 1866, 1781, 1740, 1697, 1694, 1687, 1582, 1547, 1546, 1532, 1454, 1450, 1421, 1379, 1319, 1305, 1296, 1277, 1274, 1231, 1199, 1188, 1184, 1068, 902, 806, 772, 734, 665, 564, 495, 446, 433, 429, 385, 294, 291, 290, 283, 231, 219, 209, 201, 200, 173, 172, 165, 162, 160, 144, 141, 132, 87, 86, 59, 54, 36, 35, 32, 13]",0.03385505904144478,0.06,0.4859234468393353,0.6108334883898884,0.5070675918786944,0.19999999999999996
"[8586, 8498, 8487, 6981, 6976, 6967, 6920, 6027, 5704, 5452, 4995, 4936, 4483, 3900, 3506, 2983, 2950, 2878, 2820, 2745, 2507, 2506, 2316, 1797, 1795, 1712, 1354, 1307, 816, 776, 772, 75]",0.008097939337809678,0.69,0.29075274926829253,0.46859202736260597,0.9393472115137497,0.19999999999999996
"[5528, 4379, 2074, 1556, 1555, 1553, 35, 28, 22, 15, 13]",0.006915952766844177,0.9,0.32517005947812705,0.24970603499418875,0.9241840143921871,0.19999999999999996
"[7654, 6802, 6631, 6541, 5083, 4991, 4072, 2776, 2709, 2316, 2287, 2102, 1922, 1712, 1582, 1547, 1546, 1128, 1094, 1068, 1022, 734, 627, 624, 614, 600, 564, 553, 231, 173, 172, 165, 162, 87, 59, 54, 40, 38, 35, 32, 31, 30, 28, 26, 25, 1]",0.021275758277379025,0.55,0.43662309560920143,0.4491388563860522,0.6897969673605757,0.19999999999999996
"[8498, 8128, 7654, 6631, 6274, 5704, 5634, 5083, 4995, 4488, 4485, 4484, 4483, 4197, 4072, 3149, 3026, 2507, 2287, 2250, 2102, 1999, 1916, 1697, 1627, 1582, 1514, 1443, 1354, 1235, 1199, 1128, 1094, 1092, 1068, 1022, 920, 790, 734, 627, 624, 614, 600, 590, 564, 553, 442, 429, 392, 294, 231, 209, 201, 200, 173, 172, 165, 138, 132, 97, 87, 86, 75, 64, 62, 59, 54, 40, 38]",0.029946746932160224,0.32,0.4316444353431781,0.47227363230987696,0.5525571832433822,0.0
"[8215, 7606, 5977, 4991, 2102, 2054, 1916, 1547, 1420, 1092, 1068, 582, 553, 529, 73, 64, 62, 59, 54, 40, 38, 36, 35, 32, 31, 30, 28, 25, 24, 20]",0.016085899513776335,0.71,0.4073680812461635,0.31889291881258097,0.7746080699049087,0.19999999999999996
"[4083, 1697, 1582, 1546, 1532, 1369, 1354, 947, 564, 553, 529, 290, 162, 62, 54, 40, 36, 35, 32, 31, 30, 28, 15, 13]",0.015114609863394305,0.77,0.40506501368661774,0.31172418296589277,0.7931123104600359,0.0
"[4586, 294]",0.0011565177124334338,0.99,0.18116385640970867,0.19077699859579633,0.9907478797224364,0.6
"[1556, 1555, 1553, 1546, 920, 529, 392, 28, 25, 22, 15, 13]",0.008278536698309795,0.89,0.3667035507102755,0.2642126716609693,0.8910305833975842,0.19999999999999996
"[8586, 8498, 8330, 8128, 8117, 7789, 6027, 5974, 5940, 5739, 4995, 4834, 4707, 4197, 3104, 3026, 2983, 2950, 2908, 2820, 2787, 2507, 2006, 1795, 1421, 1354, 772, 675, 590, 132, 97, 75]",0.009145635563787913,0.69,0.3660958082711083,0.5030700299530961,0.9162169108198407,0.19999999999999996
"[8302, 6274, 5704, 4197, 3227, 2250, 2126, 2102, 1873, 1712, 1697, 1694, 1687, 1680, 1627, 1582, 1332, 1305, 1296, 1277, 1231, 1199, 1184, 1128, 1098, 1094, 1092, 1068, 851, 824, 806, 790, 734, 665, 627, 624, 614, 600, 596, 590, 582, 564, 553, 473, 318, 294, 290, 283, 231, 219, 201, 200, 173, 172, 165, 162, 144, 141, 138, 132, 97, 87, 86, 76, 75, 73, 64, 62, 59, 54, 38, 35, 32]",0.032998379254457054,0.28,0.46753452207794377,0.4348124614636312,0.42919557954253407,0.19999999999999996
"[8586, 8128, 8061, 8046, 7145, 6631, 6027, 5835, 5495, 5083, 4995, 4991, 4083, 3026, 2951, 2035, 1894, 1547, 1546, 1532, 1354, 902, 529, 141, 13]",0.006920583468395462,0.76,0.33479174316288085,0.4515018193792676,0.9349781547160113,0.19999999999999996
"[8586, 8488, 8427, 8104, 8061, 8046, 7916, 7514, 7086, 6967, 6920, 6699, 6027, 5975, 5974, 5495, 5452, 4488, 4483, 4448, 4437, 3920, 3900, 3506, 3491, 3394, 3327, 2983, 2950, 2916, 2820, 2796, 2787, 2401, 2316, 2054, 1916, 1894, 1875, 1873, 1582, 1547, 1546, 1443, 1379, 1319, 1274, 1068, 935, 920, 904, 816, 790, 772, 564, 553, 429, 414, 392, 291, 229, 201, 59, 54, 40, 38, 36, 35, 32, 31, 30, 28, 26, 25, 24, 13]",0.0271949525353091,0.25,0.42686454494970116,0.6057371079362899,0.6476484194294525,0.19999999999999996
"[7122, 7107, 7101, 7095, 6579, 6439, 6274, 5704, 5078, 4028, 3227, 3037, 2479, 2250, 2126, 2102, 2019, 1873, 1712, 1697, 1694, 1687, 1680, 1582, 1532, 1454, 1450, 1443, 1332, 1305, 1296, 1277, 1231, 1199, 1184, 1128, 1098, 1094, 1092, 1068, 1022, 1013, 920, 851, 824, 806, 790, 734, 665, 627, 624, 614, 600, 596, 590, 582, 564, 553, 446, 442, 433, 429, 318, 294, 290, 283, 231, 219, 201, 200, 184, 173, 172, 165, 162, 144, 141, 138, 132, 87, 86, 76, 75, 73, 64, 62, 59, 54, 40, 38, 36, 35, 32, 31, 30, 28, 26]",0.03837346608011114,0.04,0.49317077711228685,0.5141516279113225,0.2891287586738628,0.0
"[8330, 8128, 7145, 6631, 5639, 5083, 4819, 4083, 3804, 3026, 2951, 2035, 2006, 1532, 1166, 1022, 1002, 1]",0.005112294512618661,0.83,0.2817190242515898,0.40665528825287667,0.9591364687740941,0.19999999999999996
"[8451, 8450, 7789, 7654, 7514, 6631, 6362, 5739, 5452, 5097, 5083, 4490, 4483, 4448, 4083, 3417, 3287, 3026, 2821, 2796, 2787, 2783, 2776, 2507, 2401, 1627, 1528, 1514, 1404, 1354, 1128, 1094, 904, 856, 627, 624, 590, 429, 343, 231, 214, 209, 162, 87, 31, 12, 8, 4]",0.01923593424403797,0.53,0.34951090133176577,0.4631880979355747,0.791313287072732,0.19999999999999996
"[8574, 8427, 7916, 7122, 7107, 7101, 7095, 7072, 6920, 6699, 6579, 6535, 6349, 6013, 5975, 5301, 5078, 4451, 4448, 4028, 3724, 3454, 3327, 3037, 2972, 2916, 2820, 2796, 2479, 2401, 2316, 2250, 2102, 2054, 2019, 1953, 1873, 1866, 1781, 1740, 1582, 1547, 1546, 1532, 1454, 1450, 1421, 1379, 1319, 1277, 1274, 1231, 1199, 1098, 1094, 1092, 1068, 772, 734, 590, 582, 564, 553, 495, 446, 433, 429, 385, 291, 231, 219, 209, 201, 200, 173, 172, 165, 87, 86, 76, 73, 64, 62, 59, 54, 40, 38, 36, 35, 32, 31, 30, 28, 26, 25, 24]",0.03332600138921046,0.05,0.5107050772116466,0.5861056093603674,0.4782832176818299,0.0
"[8117, 6948, 4492, 4196, 2028, 1277, 1128, 734, 627, 624, 614, 600, 231, 219, 87]",0.008563324843713822,0.86,0.3058223295901774,0.31398967865936,0.909277820611668,0.19999999999999996
"[8330, 6793, 6274, 5639, 3227, 2951, 2102, 1697, 1694, 1687, 1582, 1296, 1199, 1184, 1183, 1128, 1098, 738, 665, 627, 624, 600, 596, 590, 173, 172, 165, 162, 144, 141, 138, 132, 87, 86, 76, 73, 59]",0.018253067839777724,0.64,0.4291570304318415,0.38048583501842115,0.7345155487021331,0.19999999999999996
"[8291, 8178, 7924, 7789, 7654, 7526, 7514, 7354, 7278, 6848, 6780, 6774, 6236, 6133, 6097, 5731, 5704, 5495, 5460, 5444, 5229, 4990, 4806, 4725, 4199, 4083, 4072, 4038, 3950, 3567, 3417, 3402, 3056, 2796, 2661, 2159, 2148, 2142, 1905, 1712, 1627, 1514, 1231, 738, 529, 474, 225, 214, 201, 173, 31, 30, 28, 26, 25, 24, 13, 6]",0.016259550821949523,0.43,0.4176663532266296,0.5318316806328736,0.8380878951426368,0.19999999999999996
"[8586, 8441, 8427, 8128, 8061, 8046, 7916, 7654, 7514, 7145, 6981, 6631, 6536, 6362, 6027, 5974, 5940, 5495, 5452, 5083, 4995, 4991, 4936, 4834, 4707, 4448, 4351, 4203, 4197, 4083, 4072, 3417, 3327, 3287, 3204, 3026, 2983, 2950, 2916, 2820, 2796, 2787, 2776, 2507, 2401, 2316, 2102, 2074, 2035, 2006, 1916, 1894, 1875, 1795, 1712, 1547, 1546, 1514, 1379, 1307, 1274, 1094, 1092, 991, 856, 772, 614, 600, 596, 529, 516, 413, 385, 229, 162, 97, 64, 35, 32, 31, 30, 28, 26, 25, 13]",0.024829821717990273,0.16,0.47991307989385257,0.6727016592681639,0.7250064250835261,0.19999999999999996
"[8498, 8469, 8128, 7654, 6631, 5639, 5083, 4306, 4072, 3227, 3026, 2507, 2287, 2250, 2102, 1999, 1916, 1697, 1694, 1582, 1547, 1514, 1443, 1354, 1231, 1199, 1184, 1128, 1094, 1092, 1068, 1022, 734, 627, 624, 614, 600, 564, 553, 529, 442, 429, 294, 231, 209, 201, 200, 173, 172, 165, 162, 141, 87, 86, 64, 62, 59, 54, 40, 38, 36, 35, 32, 31, 30, 26, 25, 14, 13]",0.02942000463070155,0.32,0.4865005331029546,0.4741570468368337,0.514520688768954,0.19999999999999996
"[5634, 5624, 5227, 4483, 2126, 2102, 1582, 1556, 1553, 1128, 1098, 1094, 1092, 1068, 734, 627, 624, 614, 600, 590, 564, 553, 529, 231, 162, 87, 86, 76, 73, 64, 62, 59, 54, 40, 36, 35, 32, 31, 30, 28, 25, 22, 15]",0.023359573975457282,0.58,0.42168840953497133,0.3530517624172357,0.6376252891287586,0.0
"[8215, 7606, 6274, 4925, 4485, 4484, 4482, 4481, 4480, 4478, 4469, 3227, 2250, 2126, 2054, 2006, 1907, 1904, 1873, 1697, 1694, 1687, 1582, 1547, 1420, 1404, 1332, 1305, 1296, 1277, 1231, 1199, 1128, 1098, 1094, 1092, 1068, 1022, 946, 880, 851, 824, 806, 790, 734, 665, 627, 624, 600, 596, 590, 564, 553, 529, 442, 429, 370, 318, 294, 290, 283, 278, 231, 219, 201, 200, 173, 172, 165, 162, 144, 141, 138, 132, 87, 73, 64, 62, 59, 54, 40, 38, 36, 35, 32, 31, 30, 28, 26, 25, 24]",0.03811298911785136,0.1,0.44869896598860814,0.39145827982115966,0.26497044461578,0.19999999999999996
"[6274, 4304, 3227, 2250, 2126, 2102, 2054, 1697, 1694, 1582, 1547, 1546, 1231, 1199, 1184, 1098, 1094, 1092, 1068, 665, 596, 590, 582, 564, 553, 529, 201, 200, 173, 172, 165, 163, 162, 144, 141, 138, 132, 86, 76, 73, 64, 62, 59, 54, 40, 38, 36, 35, 32, 31, 30, 28, 26, 25, 24]",0.026442463533225283,0.46,0.4620406823887685,0.36838958586846404,0.5232588023644307,0.19999999999999996
"[8427, 8237, 8117, 7916, 7514, 6802, 6706, 6631, 6541, 6362, 5639, 5328, 5083, 4834, 4492, 4264, 4072, 3417, 3270, 2951, 2787, 2776, 2709, 2316, 2226, 1922, 1712, 1697, 1585, 1231, 1188, 1094, 1022, 734, 614, 609, 600, 583, 229, 222, 220, 214, 209, 208, 87, 86, 70]",0.016694836767770317,0.54,0.38628625871254274,0.5049879783675884,0.8190696479054228,0.19999999999999996
"[8586, 8498, 8487, 8302, 6981, 6976, 6967, 6647, 6027, 5704, 5083, 4995, 4991, 4936, 3900, 3506, 2983, 2950, 2878, 2820, 2787, 2745, 2698, 2506, 2401, 2316, 1916, 1797, 1795, 1712, 1354, 1307, 816, 772, 590, 229]",0.007429960639036815,0.65,0.3406543650749875,0.5256047997894326,0.9429452582883577,0.19999999999999996
"[8498, 8487, 8469, 8237, 6274, 4925, 4485, 4484, 4481, 4480, 4478, 4469, 3528, 3227, 2983, 2250, 2134, 2006, 1907, 1904, 1729, 1697, 1694, 1582, 1547, 1546, 1443, 1420, 1404, 1332, 1305, 1277, 1231, 1199, 1184, 1128, 1094, 1092, 1068, 1022, 960, 946, 902, 880, 851, 824, 806, 790, 734, 627, 624, 600, 590, 564, 553, 529, 442, 429, 370, 318, 294, 290, 283, 231, 229, 219, 201, 200, 173, 172, 165, 162, 144, 141, 138, 73, 64, 62, 54, 40, 38, 36, 35, 32, 31, 30, 28, 26, 25, 24, 13]",0.037997221579069235,0.1,0.4513979424076613,0.42330488437763647,0.30223592906707786,0.0
"[8427, 8061, 7916, 7361, 7145, 6802, 6631, 6541, 6362, 6195, 5083, 4991, 4834, 4083, 4072, 3327, 3287, 2916, 2787, 2776, 2745, 2709, 2316, 2102, 2072, 2035, 1916, 1712, 1627, 1582, 1547, 1546, 1514, 1094, 1092, 614, 600, 596, 582, 564, 553, 229, 173, 172, 165, 162, 64, 62, 59, 54, 40, 38, 35, 32, 31, 30, 28, 26, 25]",0.02181523500810373,0.42,0.4487600950146764,0.48639448215397385,0.7065021845283989,0.19999999999999996
"[8376, 7347, 6362, 6309, 6274, 6195, 5684, 5639, 4834, 4071, 3227, 3149, 2787, 2776, 1836, 1697, 1694, 1687, 1636, 1633, 1582, 1547, 1546, 1199, 1184, 1183, 1128, 1068, 665, 627, 624, 614, 600, 596, 564, 553, 529, 229, 222, 220, 214, 173, 172, 165, 162, 144, 141, 138, 132, 87, 86, 59, 54, 40, 36, 1]",0.024083121092845567,0.45,0.46160197374364065,0.4433360495254095,0.6440503726548445,0.0
"[8586, 6920, 6027, 5624, 5227, 4995, 2950, 2820, 2316, 2126, 2102, 1797, 1795, 1582, 1307, 1128, 1098, 1094, 1092, 1068, 776, 772, 734, 627, 624, 614, 600, 590, 564, 553, 485, 231, 162, 87, 86, 76, 73, 64, 62, 59, 54, 40, 36, 35]",0.020546422783051632,0.57,0.4415974407820559,0.4348834479654855,0.7118992546903109,0.19999999999999996
"[8467, 8465, 8464, 8456, 5624, 5227, 4497, 4487, 4485, 4477, 4476, 4475, 4469, 3227, 2126, 2102, 1941, 1907, 1904, 1873, 1872, 1790, 1697, 1694, 1687, 1582, 1556, 1555, 1553, 1546, 1404, 1332, 1305, 1296, 1231, 1184, 1128, 1098, 1094, 1092, 1068, 906, 880, 817, 808, 736, 734, 665, 627, 624, 614, 600, 596, 590, 564, 553, 529, 458, 442, 407, 386, 359, 318, 290, 283, 240, 231, 219, 209, 201, 173, 172, 165, 162, 144, 141, 138, 87, 86, 76, 73, 64, 62, 59, 54, 40, 36, 35, 32, 31, 30, 28, 25, 22, 15, 13]",0.040100717758740446,0.05,0.4419094085964459,0.3574736587369184,0.22076586995630942,0.0
"[8195, 4483, 3766, 3227, 1094, 231, 173, 172, 162, 8, 4]",0.007935864783514702,0.9,0.3053433414993776,0.29456901441042604,0.9159599074787972,0.19999999999999996
"[6948, 6793, 6274, 5639, 3227, 2951, 1697, 1694, 1687, 1199, 1184, 1183, 1128, 1098, 738, 665, 627, 624, 614, 600, 596, 590, 173, 172, 165, 162, 144, 141, 138, 132, 87, 86, 76]",0.016648529752257467,0.68,0.4221563231729709,0.3712912618069443,0.7625289128758674,0.19999999999999996
"[8195, 5634, 4483, 3281, 2559, 1555, 22]",0.0032310720074091226,0.94,0.2134851612634815,0.27501937847863867,0.9760986892829607,0.19999999999999996
"[8237, 7514, 6802, 6706, 6541, 6362, 5639, 5328, 4492, 4264, 3417, 3323, 3270, 3096, 2951, 2776, 2709, 1712, 1697, 1585, 1231, 1188, 1068, 734, 600, 583, 553, 222, 220, 214, 209, 208, 87, 86, 70]",0.01421625376244501,0.66,0.374169756323388,0.4530058799239238,0.8427139552814187,0.19999999999999996
"[7654, 7369, 6647, 6631, 6274, 5634, 5083, 4995, 4488, 4485, 4484, 4483, 4072, 2506, 2287, 1916, 1443, 1128, 1022, 920, 790, 734, 624, 614, 600, 392, 231, 138, 132, 87]",0.013353785598518174,0.71,0.32662870830763613,0.3850622995280065,0.8455409920328965,0.19999999999999996
"[8465, 8451, 8450, 8237, 7439, 6274, 5977, 5649, 5495, 5070, 4483, 4480, 4478, 4469, 3975, 3227, 2983, 2250, 2126, 2102, 1907, 1904, 1894, 1873, 1697, 1694, 1687, 1582, 1553, 1404, 1332, 1296, 1277, 1231, 1199, 1184, 1128, 1098, 1092, 1068, 991, 925, 880, 851, 824, 806, 734, 627, 614, 600, 596, 590, 582, 553, 370, 318, 294, 290, 283, 231, 201, 200, 173, 172, 165, 162, 144, 141, 138, 132, 87, 86, 78, 76, 73, 64, 62, 59, 54, 40, 36, 35, 32, 28, 26, 24, 15]",0.037363973141931,0.14,0.43750381226110546,0.4004099709009906,0.3410434335646363,0.0
"[8302, 7450, 6274, 4197, 3227, 2250, 2126, 2102, 2074, 1697, 1694, 1687, 1627, 1582, 1547, 1546, 1332, 1305, 1296, 1277, 1231, 1199, 1184, 1128, 1098, 1094, 1092, 1068, 824, 806, 790, 734, 665, 627, 624, 614, 600, 596, 590, 582, 564, 553, 529, 473, 294, 290, 283, 231, 219, 201, 200, 173, 172, 165, 162, 144, 141, 138, 132, 97, 87, 86, 76, 73, 64, 62, 59, 54, 38, 35, 32, 25, 13]",0.03303426719147951,0.28,0.4633751502524952,0.44324506964412635,0.42816756617836027,0.0
"[8215, 7606, 5977, 2126, 2102, 2054, 1582, 1547, 1450, 1420, 1305, 1277, 1128, 1098, 1094, 1092, 1068, 824, 806, 734, 627, 624, 614, 600, 596, 590, 582, 564, 553, 529, 283, 208, 200, 87, 86, 76, 73, 64, 62, 59, 54, 40, 38, 36, 35, 32, 31, 30, 25, 24, 20, 1]",0.025806899745311414,0.49,0.43171453470789234,0.3774609620048497,0.5728604471858134,0.19999999999999996
"[6706, 4379, 3315, 1797, 1795, 772, 75, 28, 1]",0.004193100254688585,0.92,0.28731143131748804,0.27288236441292313,0.961449498843485,0.19999999999999996
"[8574, 8427, 8302, 8061, 8046, 7916, 7122, 7107, 7101, 7095, 7072, 6920, 6579, 6535, 6362, 6013, 5975, 5835, 5704, 5495, 5078, 4995, 4991, 4451, 4448, 4197, 4130, 4071, 4028, 3724, 3454, 3149, 3037, 2972, 2916, 2820, 2796, 2787, 2776, 2479, 2401, 2316, 2250, 2019, 1953, 1894, 1873, 1866, 1781, 1740, 1627, 1547, 1546, 1532, 1454, 1450, 1421, 1379, 1319, 1277, 1274, 1231, 1199, 902, 772, 734, 614, 590, 529, 495, 446, 442, 433, 385, 291, 231, 229, 222, 220, 219, 214, 209, 201, 200, 173, 172, 165, 141, 97, 87, 86, 75, 13]",0.02921625376244501,0.08,0.5036441368800261,0.6464199495969984,0.6283731688511951,0.19999999999999996
"[4991, 3227, 2102, 2074, 1916, 1556, 1555, 1553, 1092, 1091, 1068, 582, 553, 144, 141, 138, 73, 64, 62, 59, 54, 38, 36, 35, 32, 31, 30, 28, 15, 13]",0.0169391062746006,0.71,0.40770926354472947,0.3203064633440249,0.7491647391416089,0.19999999999999996
"[8586, 8488, 8427, 8237, 8128, 8117, 8104, 8061, 8046, 7916, 7514, 7086, 6967, 6920, 6802, 6706, 6631, 6541, 6362, 6027, 5975, 5974, 5639, 5495, 5452, 5328, 5083, 4834, 4707, 4492, 4448, 4437, 4264, 4083, 3920, 3900, 3506, 3491, 3417, 3394, 3327, 3270, 3026, 2983, 2951, 2950, 2916, 2820, 2796, 2787, 2709, 2401, 2316, 2226, 2035, 2006, 1916, 1894, 1875, 1873, 1712, 1697, 1672, 1585, 1532, 1379, 1319, 1274, 1231, 1188, 935, 856, 816, 772, 734, 600, 583, 414, 291, 229, 222, 220, 214, 209, 208, 87, 86, 70]",0.024024079648066684,0.13,0.44398114569681435,0.7153592658080075,0.7635569262400411,0.19999999999999996
"[1694, 1687, 1582, 1546, 1299, 1199, 1184, 1128, 1098, 1068, 665, 627, 624, 614, 600, 564, 553, 529, 165, 162, 155, 132, 86, 78, 76, 64, 59, 54, 40, 38, 36, 35, 32, 31, 30, 28, 26, 25, 24, 15, 1]",0.021987728640889097,0.6,0.4438177261146994,0.3330089439424234,0.6286301721922385,0.19999999999999996
"[8586, 8128, 8061, 8046, 7514, 7145, 7122, 7107, 7101, 7095, 6631, 6579, 6439, 6274, 6027, 5495, 5083, 5078, 4995, 4991, 4990, 4448, 4083, 4028, 3417, 3227, 3037, 3026, 2951, 2479, 2250, 2035, 2019, 1894, 1873, 1847, 1712, 1697, 1694, 1687, 1680, 1627, 1532, 1454, 1450, 1443, 1379, 1354, 1332, 1305, 1296, 1277, 1231, 1199, 1184, 1128, 1022, 1013, 920, 851, 824, 806, 790, 734, 665, 627, 624, 614, 600, 446, 442, 433, 429, 343, 318, 294, 290, 283, 231, 219, 200, 184, 173, 172, 165, 162, 144, 141, 138, 132, 87]",0.03240796480666821,0.1,0.4844773375744976,0.6139456321272172,0.5402210228732973,0.19999999999999996
"[8487, 8302, 8046, 7514, 6981, 6978, 6967, 6274, 5452, 4936, 4448, 4197, 3900, 3417, 2878, 2745, 2401, 2074, 1875, 1547, 1546, 1379, 1307, 1068, 856, 816, 600, 564, 553, 529, 473, 132, 97, 54, 38, 35, 32, 25, 13]",0.015353090993285483,0.62,0.4034364390218438,0.4444111461044119,0.8208686712927268,0.19999999999999996
"[8586, 8498, 8487, 8302, 8128, 8061, 8046, 7789, 7654, 7514, 7145, 6981, 6977, 6967, 6920, 6647, 6631, 6536, 6362, 6056, 6027, 5974, 5940, 5739, 5704, 5495, 5452, 5083, 4995, 4991, 4936, 4834, 4448, 4197, 4083, 4072, 3900, 3752, 3506, 3417, 3026, 2983, 2950, 2916, 2878, 2820, 2796, 2787, 2745, 2507, 2506, 2401, 2316, 2287, 2035, 2006, 1916, 1894, 1797, 1795, 1712, 1627, 1514, 1379, 1354, 1307, 1128, 1022, 991, 856, 816, 776, 772, 627, 624, 614, 590, 413, 385, 343, 231, 229, 214, 97, 75]",0.021266496874276453,0.16,0.4561527959862208,0.6449240133068687,0.7997943973271653,0.19999999999999996
"[8586, 8498, 8330, 8302, 8128, 8117, 7789, 6274, 6027, 5975, 5940, 5739, 4995, 4763, 4707, 4197, 3227, 3104, 2983, 2950, 2820, 2507, 2250, 1904, 1873, 1795, 1712, 1697, 1694, 1687, 1680, 1627, 1421, 1354, 1332, 1305, 1296, 1277, 1231, 1199, 1184, 1128, 880, 851, 824, 806, 790, 772, 734, 675, 665, 627, 624, 614, 600, 596, 590, 473, 429, 318, 290, 283, 231, 219, 201, 200, 173, 172, 165, 162, 144, 141, 138, 132, 97, 87, 86, 75]",0.03097128965038203,0.23,0.4686745487052594,0.5841860180615475,0.5517861732202518,0.19999999999999996
"[8117, 3227, 3044, 1231, 1094, 1022, 734, 231, 192, 173, 172, 162, 144, 8, 4]",0.009127112757582774,0.86,0.35088637299272674,0.30707823379245525,0.8864045232588024,0.19999999999999996
"[8117, 4991, 4492, 3227, 2102, 2074, 1916, 1556, 1555, 1553, 1499, 1091, 1068, 582, 553, 144, 141, 73, 64, 62, 59, 54, 38, 36, 35, 32, 31, 30, 28, 15]",0.01761171567492475,0.71,0.3795939918676633,0.3474087702856421,0.7607298894885633,0.0
"[8441, 8427, 7916, 7514, 6981, 6362, 5974, 5940, 5495, 5452, 5070, 4936, 4834, 4707, 4480, 4478, 4469, 4448, 4351, 4203, 4197, 3417, 3327, 3287, 3204, 2820, 2796, 2787, 2776, 2401, 2316, 2250, 2102, 2074, 1907, 1904, 1894, 1875, 1873, 1795, 1712, 1547, 1546, 1404, 1332, 1307, 1296, 1277, 1274, 1231, 1094, 1092, 991, 925, 880, 856, 851, 824, 806, 772, 750, 734, 614, 600, 596, 529, 516, 370, 318, 294, 290, 283, 231, 229, 201, 200, 162, 97, 78, 64, 35, 32, 31, 30, 28, 26, 25, 13]",0.03170525584626071,0.13,0.43809951822493964,0.5626701451540812,0.5600102801336417,0.0
"[8215, 7439, 6274, 5977, 3227, 2250, 2126, 2102, 2054, 1904, 1894, 1873, 1697, 1694, 1687, 1582, 1547, 1456, 1332, 1296, 1277, 1231, 1199, 1184, 1128, 1098, 1092, 1068, 851, 824, 806, 734, 627, 624, 614, 600, 596, 590, 582, 553, 529, 318, 294, 290, 283, 231, 201, 200, 173, 165, 162, 144, 141, 138, 132, 87, 86, 78, 76, 73, 64, 62, 59, 54, 40, 38, 36, 35, 32, 31, 30, 28, 26, 25, 24]",0.03248668673304005,0.26,0.48961158259191495,0.41512037126042667,0.40041120534566954,0.19999999999999996
"[6274, 4483, 4083, 2126, 2102, 2054, 1582, 1547, 1546, 1404, 1128, 1098, 1094, 1092, 1068, 904, 627, 624, 614, 600, 596, 590, 582, 564, 553, 529, 429, 231, 87, 86, 76, 73, 64, 62, 59, 54, 40, 38, 36, 35, 32, 31, 30, 28, 26, 25, 24]",0.024615651771243342,0.54,0.4343880409353159,0.364459604780612,0.5962477512207658,0.19999999999999996
"[8586, 8498, 8487, 8441, 8427, 8315, 8302, 8128, 8061, 8046, 7916, 7789, 7654, 7514, 7145, 6981, 6976, 6967, 6920, 6647, 6631, 6362, 6027, 5975, 5974, 5739, 5704, 5495, 5452, 5083, 5070, 4995, 4936, 4834, 4448, 4437, 4197, 4083, 4072, 3920, 3900, 3536, 3506, 3417, 3327, 3287, 3026, 2983, 2950, 2916, 2878, 2820, 2796, 2787, 2783, 2776, 2745, 2507, 2506, 2401, 2316, 2035, 2006, 1916, 1894, 1875, 1873, 1797, 1795, 1712, 1627, 1532, 1514, 1379, 1354, 1307, 1274, 856, 816, 776, 772, 614, 590, 343, 229, 214, 208, 97, 75]",0.02021880064829822,0.12,0.45359130003309767,0.6917787990583728,0.8285787715240298,0.19999999999999996
"[6274, 5649, 5495, 5070, 4497, 4480, 4478, 4469, 3227, 2957, 2559, 2250, 2126, 1907, 1904, 1894, 1873, 1697, 1694, 1687, 1555, 1404, 1332, 1296, 1277, 1231, 1199, 1128, 991, 925, 880, 851, 806, 734, 627, 600, 529, 370, 294, 283, 231, 201, 200, 173, 172, 165, 162, 144, 141, 132, 87, 78, 62, 22]",0.026081268812225052,0.47,0.4098736248546869,0.3663840952327526,0.6157800051400668,0.19999999999999996
"[5634, 4483, 2958]",0.0016682102338504284,0.98,0.1410367781973163,0.20899967471899616,0.9907478797224364,0.4
"[8215, 4196, 3348, 2054, 1547, 1277, 1128, 734, 627, 624, 614, 600, 529, 231, 87, 24]",0.008518175503588793,0.85,0.33786331399370484,0.28507238000337354,0.9018247237214083,0.19999999999999996
"[8586, 8498, 8487, 8237, 7752, 6274, 6027, 5977, 5649, 5495, 5070, 4995, 4480, 4478, 4469, 3227, 2983, 2950, 2820, 2316, 2250, 2126, 2102, 1907, 1904, 1894, 1873, 1797, 1795, 1712, 1697, 1694, 1687, 1582, 1404, 1332, 1307, 1296, 1277, 1231, 1199, 1184, 1128, 1098, 1092, 1068, 991, 925, 880, 851, 824, 816, 806, 772, 734, 627, 614, 600, 596, 590, 582, 553, 370, 318, 294, 283, 231, 201, 200, 173, 172, 165, 162, 144, 141, 138, 132, 87, 86, 78, 76, 73, 64, 62, 59, 54, 40]",0.03521069692058346,0.14,0.46167641407093785,0.49652920762613517,0.4353636597275765,0.0
"[8574, 8427, 8302, 8061, 8046, 7916, 7429, 7122, 7107, 7101, 7095, 7072, 6920, 6579, 6541, 6535, 6362, 6013, 5975, 5835, 5704, 5639, 5495, 5078, 4995, 4991, 4492, 4451, 4448, 4197, 4071, 4028, 3454, 3149, 3037, 2972, 2951, 2916, 2820, 2796, 2787, 2776, 2479, 2401, 2316, 2250, 2019, 1953, 1922, 1894, 1873, 1866, 1781, 1740, 1627, 1532, 1454, 1450, 1421, 1379, 1319, 1277, 1274, 1231, 1199, 902, 772, 734, 614, 590, 495, 446, 442, 433, 385, 291, 231, 229, 222, 220, 219, 214, 209, 201, 200, 173, 172, 165, 141, 97, 87, 86, 75]",0.029734892336188937,0.08,0.47507719958398187,0.6686357310530897,0.6509894628630173,0.19999999999999996
"[8488, 8427, 8315, 7916, 6967, 6920, 6811, 6362, 5974, 5778, 5452, 5328, 5083, 4834, 4804, 4437, 3920, 3900, 3394, 3327, 3270, 2820, 2796, 2787, 2776, 2316, 2226, 2198, 2102, 1875, 1873, 1672, 1547, 1546, 1319, 1274, 1022, 816, 790, 772, 734, 564, 529, 291, 229, 222, 220, 214, 209, 201, 15, 13]",0.016638110673767074,0.49,0.42448059051512566,0.530491979061017,0.8182986378822925,0.19999999999999996
"[8237, 8117, 6802, 6631, 5639, 5097, 4492, 4490, 3358, 2951, 1532, 1404, 1128, 1094, 904, 627, 624, 429, 231, 209, 87, 31, 12, 8]",0.012446168094466312,0.77,0.3251776253470906,0.37292775569527103,0.8655872526342843,0.19999999999999996
"[8441, 8427, 8128, 8046, 7916, 7789, 7654, 7514, 6981, 6977, 6920, 6631, 6362, 5975, 5739, 5452, 5070, 4834, 4707, 4448, 4197, 4083, 4072, 3900, 3417, 3327, 3287, 3026, 2916, 2878, 2796, 2787, 2783, 2776, 2745, 2507, 2035, 1627, 1514, 1448, 1354, 856, 776, 614, 590, 343, 294, 214, 208, 97, 75]",0.012920815003473026,0.5,0.38421991297057,0.5461772097646962,0.8979696736057569,0.19999999999999996
"[8498, 8469, 8128, 7654, 5639, 5083, 4306, 4196, 4072, 3227, 3026, 2507, 2250, 2102, 1999, 1697, 1694, 1582, 1547, 1443, 1354, 1277, 1276, 1231, 1199, 1184, 1128, 1094, 1092, 1068, 734, 627, 624, 614, 600, 564, 553, 529, 442, 429, 294, 231, 209, 201, 200, 173, 172, 165, 162, 141, 87, 86, 64, 59, 54, 40, 38, 36, 35, 32, 31, 30, 26, 25, 14, 13]",0.028725399398008798,0.35,0.4823023534915811,0.45053591245678437,0.5245438190696479,0.0
"[4600, 2018, 1555, 1546, 529, 155, 1]",0.004843713822644131,0.94,0.2991508274519772,0.26523559822835474,0.9503983551786174,0.19999999999999996
"[8586, 8498, 8330, 8128, 8117, 7789, 7514, 6027, 5974, 5940, 5739, 4995, 4834, 4707, 4448, 4197, 3417, 3104, 2983, 2908, 2787, 2507, 2006, 1627, 1421, 1354, 675, 590, 343, 97, 75, 71]",0.00825654086594119,0.69,0.3439035776933246,0.49015519805273844,0.9280390645078386,0.19999999999999996
"[8117, 7606, 6948, 5977, 4492, 2126, 2102, 2028, 1695, 1582, 1450, 1420, 1305, 1128, 1098, 1094, 1092, 1068, 824, 806, 734, 627, 624, 614, 600, 596, 590, 582, 564, 553, 283, 219, 208, 200, 87, 86, 76, 73, 64, 62, 59, 54, 40, 38, 36, 35, 32, 31, 30, 25, 20, 1]",0.02591224820560315,0.49,0.41919861520867885,0.3748035312606731,0.5803135440760729,0.19999999999999996
"[8195, 4483, 3766, 3227, 1094, 614, 231, 173, 172, 162, 42, 4]",0.008286640426024542,0.89,0.3034412984611883,0.3087023568286068,0.9167309175019275,0.19999999999999996
"[8469, 7789, 7654, 7514, 6362, 5739, 5452, 5097, 5083, 4819, 4448, 4083, 3417, 3287, 3026, 2796, 2787, 2783, 2776, 2507, 2401, 1627, 1547, 1546, 1528, 1514, 1404, 1354, 1128, 1094, 902, 856, 627, 624, 590, 529, 429, 343, 231, 214, 162, 141, 31, 30, 26, 25, 24, 13]",0.018278536698309793,0.53,0.43016367226762564,0.48371131204630535,0.7812901567720381,0.19999999999999996
"[8574, 7107, 7101, 7072, 6984, 6647, 6536, 4995, 2950, 2019, 1953, 1421, 1404, 1022, 529, 446, 399, 385, 32, 31, 30, 28, 26, 25, 24, 22, 13]",0.011114841398471869,0.74,0.3736572794270906,0.3741436995512838,0.8714983294782832,0.19999999999999996
"[8467, 8427, 7916, 7514, 6920, 6430, 3417, 3327, 2820, 2796, 2316, 1781, 1627, 1274, 1068, 1022, 772, 553, 343, 67, 40, 35, 32, 30, 28, 25]",0.010941190090298682,0.75,0.35485612169097336,0.39967473754611416,0.8748393729118479,0.19999999999999996
"[4196, 1277, 1128, 734, 627, 624, 614, 231, 32, 8]",0.006602222736744617,0.91,0.3069780726942781,0.23239667384374207,0.9195579542534053,0.19999999999999996
"[8330, 6677, 4995, 4492, 2028]",0.002498263486918268,0.96,0.18942345847966702,0.24735310350060646,0.9825237728090466,0.19999999999999996
"[8586, 8498, 8487, 8128, 8117, 7789, 7654, 7514, 6981, 6976, 6967, 6920, 6362, 6027, 5739, 5704, 5452, 5083, 4936, 4448, 4083, 3900, 3417, 3287, 3026, 2983, 2950, 2878, 2820, 2796, 2787, 2783, 2776, 2745, 2507, 2506, 2401, 2316, 2289, 1797, 1795, 1712, 1627, 1514, 1354, 1307, 856, 816, 776, 772, 590, 343, 214, 75]",0.011904376012965965,0.47,0.3863272984571603,0.5705031868763812,0.9049087638139296,0.19999999999999996
"[8586, 8488, 8427, 8237, 8128, 8061, 8046, 7916, 7514, 6967, 6920, 6802, 6706, 6362, 6027, 5975, 5974, 5639, 5495, 5452, 5328, 5315, 5083, 4834, 4707, 4448, 4437, 4264, 3920, 3900, 3417, 3394, 3327, 3270, 3026, 2951, 2950, 2916, 2820, 2796, 2787, 2709, 2401, 2316, 2226, 1916, 1894, 1875, 1873, 1697, 1672, 1585, 1379, 1319, 1274, 1231, 1188, 856, 816, 772, 734, 600, 583, 291, 229, 222, 220, 214, 209, 208, 87, 86, 70]",0.020236165779115536,0.28,0.4632298044153559,0.641073064894913,0.7941403238242097,0.19999999999999996
"[8441, 8427, 8128, 7916, 7789, 7654, 7541, 7514, 6981, 6977, 6920, 6631, 6362, 5975, 5739, 5452, 5070, 4834, 4707, 4586, 4448, 4197, 4083, 4072, 3417, 3327, 3287, 3026, 2916, 2796, 2787, 2783, 2776, 2507, 2035, 1627, 1514, 1448, 1354, 856, 776, 614, 590, 343, 294, 214, 208, 97, 75]",0.012510997916184301,0.52,0.3880384044023183,0.5509112485472184,0.8941146234901054,0.19999999999999996
"[8195, 8061, 7654, 7107, 7101, 6984, 6647, 6179, 5634, 4483, 4083, 4072, 2783, 2035, 2019, 1953, 1916, 1627, 1404, 1330, 1094, 1022, 734, 586, 446, 162, 8, 4]",0.010339198888631627,0.73,0.3206944416631111,0.46230486229941514,0.9061937805191468,0.19999999999999996
"[8427, 8315, 7916, 6811, 6362, 5974, 5083, 4834, 4497, 3327, 2796, 2787, 2768, 1274, 1022, 734, 229, 222, 220, 214]",0.008020375086825654,0.81,0.28587666797111966,0.3769410047319034,0.930609097918273,0.19999999999999996
"[8465, 8451, 8450, 8237, 7439, 6274, 5977, 4483, 4469, 3975, 3227, 2983, 2250, 2126, 2102, 1907, 1904, 1894, 1873, 1697, 1694, 1687, 1582, 1553, 1332, 1305, 1296, 1277, 1231, 1199, 1184, 1128, 1098, 1092, 1068, 880, 851, 824, 806, 734, 627, 614, 600, 596, 590, 582, 555, 370, 318, 294, 290, 283, 231, 201, 200, 173, 172, 165, 162, 144, 141, 138, 132, 87, 86, 78, 76, 73, 64, 62, 59, 54, 40, 36, 35, 32, 28, 26, 24, 15]",0.035953924519564716,0.21,0.4317787019068262,0.3894150996425517,0.3618607041891545,0.0
"[8237, 6274, 5634, 4925, 4485, 4484, 4483, 4482, 4481, 4480, 4478, 4469, 3227, 2983, 2250, 2126, 2006, 1907, 1904, 1873, 1697, 1694, 1687, 1582, 1546, 1420, 1404, 1332, 1305, 1296, 1277, 1231, 1199, 1184, 1128, 1098, 1094, 1092, 1068, 1022, 946, 880, 851, 824, 806, 790, 734, 665, 627, 624, 600, 596, 590, 564, 553, 529, 442, 429, 370, 318, 294, 290, 283, 231, 219, 201, 173, 172, 165, 162, 144, 141, 138, 132, 87, 86, 73, 64, 62, 59, 54, 40, 38, 36, 35, 32, 31, 30, 28, 26, 25]",0.03868025005788377,0.1,0.4559342456434212,0.383271746725933,0.24338216396813162,0.19999999999999996
"[8488, 6920, 5778, 3900, 3394, 2820, 2628, 2316, 2226, 2198, 2102, 1672, 1547, 1546, 1319, 1091, 1068, 816, 790, 772, 564, 553, 529, 291, 73, 62, 59, 54, 15, 13]",0.012625607779578607,0.71,0.39420115319161453,0.4294423578141573,0.8491390388075045,0.19999999999999996
"[8574, 8427, 8051, 7916, 7219, 7122, 7107, 7101, 7095, 7072, 6920, 6699, 6579, 6535, 6349, 6097, 6013, 5975, 5639, 5634, 5301, 5229, 5078, 4995, 4451, 4448, 4028, 3724, 3454, 3327, 3204, 3089, 3056, 3037, 2972, 2951, 2916, 2820, 2796, 2479, 2401, 2316, 2250, 2102, 2019, 1953, 1873, 1866, 1781, 1740, 1582, 1454, 1450, 1421, 1379, 1319, 1277, 1274, 1231, 1199, 1098, 1094, 1092, 1068, 772, 734, 590, 582, 564, 553, 495, 446, 433, 429, 385, 291, 231, 219, 209, 201, 200, 173, 172, 165, 87, 86, 76, 73, 64, 62, 59, 54, 40, 38, 36]",0.031247974068071314,0.06,0.5018977251621016,0.6173282998278633,0.5638653302492933,0.0
"[8291, 7654, 7526, 7514, 7354, 6848, 6780, 6236, 6097, 5731, 5704, 5460, 5444, 5229, 4806, 4304, 4199, 4196, 4072, 4038, 3417, 3402, 2796, 2661, 2250, 2148, 2142, 2126, 1712, 1627, 1514, 1277, 1231, 1128, 1098, 734, 627, 624, 614, 600, 596, 590, 582, 529, 474, 231, 225, 219, 214, 201, 200, 173, 87, 86, 76, 73, 31, 30, 28, 26, 25, 24, 13, 6]",0.02394767307247048,0.37,0.45475584820214476,0.48450918483186356,0.686455923927011,0.0
"[8586, 8427, 8061, 8046, 7916, 7514, 7122, 7107, 7101, 7095, 6699, 6579, 6439, 6027, 5495, 5078, 4448, 4028, 3227, 3037, 2796, 2787, 2479, 2250, 2054, 2019, 1894, 1873, 1847, 1712, 1697, 1694, 1687, 1582, 1547, 1546, 1454, 1450, 1443, 1379, 1332, 1305, 1296, 1277, 1231, 1199, 1184, 1068, 1022, 1013, 920, 851, 824, 806, 790, 734, 665, 564, 553, 446, 442, 433, 429, 318, 294, 283, 231, 229, 219, 201, 200, 184, 173, 172, 165, 162, 59, 54, 40, 38, 36, 35, 32, 31, 30, 28, 26, 25, 24, 13]",0.03455776800185228,0.11,0.48863925039455913,0.5961946110187555,0.44204574659470575,0.19999999999999996
"[6693, 6274, 3227, 2126, 2102, 1697, 1694, 1687, 1582, 1547, 1546, 1277, 1199, 1184, 1098, 1094, 1092, 1068, 734, 665, 627, 624, 614, 600, 596, 590, 582, 564, 553, 529, 173, 172, 165, 162, 144, 141, 138, 132, 87, 86, 76, 73, 64, 62, 59, 54, 40, 38, 36, 35, 32, 31, 30, 28, 26, 25, 24, 1]",0.02773095623987034,0.43,0.47038207967579637,0.3803375654579809,0.5021845283988692,0.19999999999999996
"[7122, 7107, 7101, 7095, 6579, 6439, 6274, 5704, 5639, 5634, 5078, 4995, 4028, 3227, 3204, 3037, 2949, 2479, 2250, 2126, 2102, 2019, 1873, 1712, 1697, 1694, 1687, 1680, 1582, 1532, 1454, 1450, 1443, 1332, 1305, 1296, 1277, 1231, 1199, 1184, 1128, 1098, 1094, 1092, 1068, 1022, 1013, 920, 851, 824, 806, 790, 734, 665, 627, 624, 614, 600, 596, 590, 582, 564, 553, 446, 442, 433, 429, 318, 294, 290, 283, 231, 219, 201, 200, 184, 173, 172, 165, 162, 144, 141, 138, 132, 87, 86, 76, 75, 73, 64, 62, 59, 54, 40, 38, 36, 35]",0.03801458670988655,0.04,0.49738482498462644,0.525469019616208,0.3279362631714212,0.19999999999999996
"[7122, 7107, 6274, 5078, 4469, 3227, 3037, 2250, 2126, 2102, 2054, 2019, 1907, 1904, 1894, 1873, 1697, 1694, 1687, 1582, 1547, 1546, 1532, 1332, 1305, 1296, 1277, 1231, 1199, 1184, 1128, 1098, 1094, 1092, 1068, 1022, 1013, 880, 851, 824, 806, 734, 665, 627, 624, 614, 600, 596, 590, 582, 564, 553, 529, 446, 370, 318, 294, 290, 283, 231, 219, 201, 200, 184, 176, 173, 172, 165, 162, 144, 141, 138, 132, 87, 86, 76, 64, 62, 59, 54, 40, 38, 36, 35, 32, 31, 30, 28, 26, 25, 24]",0.038055105348460294,0.1,0.4679026087539131,0.45715526536293694,0.2855307118992547,0.0
"[8586, 8498, 8330, 8302, 8128, 8046, 7789, 7654, 7514, 6981, 6977, 6647, 6631, 6362, 6274, 6056, 6027, 5739, 5704, 5452, 5083, 4995, 4991, 4936, 4834, 4707, 4448, 4197, 4072, 3417, 3104, 3026, 2950, 2916, 2878, 2820, 2796, 2787, 2507, 2506, 2401, 2287, 1916, 1795, 1712, 1627, 1514, 1354, 1128, 1022, 856, 772, 627, 624, 614, 600, 596, 590, 343, 231, 229, 214, 141, 138, 132, 97, 87, 86, 75]",0.019965269738365363,0.32,0.44639654761381387,0.6225011722085229,0.7882292469802108,0.19999999999999996
"[8574, 8498, 8302, 7141, 6981, 6976, 6967, 6647, 6536, 5704, 5083, 4995, 4991, 4936, 3900, 3506, 2950, 2878, 2787, 2745, 2698, 2506, 2401, 1916, 1421, 1354, 816, 590, 529, 399, 385, 229, 26, 25, 24, 22, 13]",0.010738596897429961,0.64,0.37250023579128244,0.47277257209244594,0.9002827036751477,0.19999999999999996
"[8586, 8488, 8427, 8128, 8117, 8104, 8061, 8046, 7916, 7514, 7086, 6967, 6920, 6802, 6706, 6631, 6541, 6362, 6027, 5975, 5974, 5495, 5452, 5328, 5083, 4834, 4707, 4497, 4492, 4448, 4437, 4264, 4083, 3920, 3900, 3506, 3491, 3417, 3394, 3327, 3270, 3026, 2983, 2957, 2951, 2950, 2916, 2820, 2796, 2787, 2709, 2401, 2316, 2226, 2037, 2035, 2006, 1916, 1894, 1875, 1873, 1712, 1697, 1672, 1585, 1532, 1379, 1319, 1274, 1231, 1188, 935, 856, 816, 772, 734, 583, 414, 291, 229, 222, 220, 214, 209, 208, 87, 86, 70]",0.024633016902060663,0.13,0.4248825020133039,0.6992103206427878,0.764070932922128,0.19999999999999996
"[5639, 5634, 5229, 4995, 3204, 3056, 2953]",0.0011379949062282936,0.94,0.15621776455369796,0.2887819100299853,0.9917758930866101,0.8
"[7606, 7439, 6921, 6699, 6349, 6274, 5977, 3724, 3227, 2250, 2102, 2054, 1904, 1894, 1873, 1740, 1697, 1694, 1687, 1582, 1547, 1546, 1296, 1277, 1231, 1199, 1184, 1098, 1094, 1092, 1068, 925, 880, 851, 824, 806, 734, 590, 582, 564, 553, 318, 294, 290, 283, 231, 219, 209, 201, 200, 173, 172, 165, 162, 144, 141, 138, 132, 87, 86, 76, 73, 64, 62, 59, 54, 40, 38, 36, 35, 32, 31, 30, 28, 26, 25, 24]",0.03250636721463302,0.24,0.49701835539108485,0.4460202330927129,0.41069133898740684,0.19999999999999996
"[8586, 8498, 8487, 8441, 8427, 8315, 8302, 8128, 8061, 8046, 7916, 7654, 7514, 7145, 6981, 6976, 6967, 6920, 6647, 6631, 6362, 6027, 5975, 5974, 5495, 5452, 5083, 5070, 4995, 4936, 4834, 4480, 4478, 4469, 4448, 4437, 4083, 4072, 3920, 3900, 3536, 3506, 3417, 3407, 3327, 3287, 3026, 2983, 2950, 2916, 2878, 2820, 2796, 2787, 2783, 2776, 2745, 2507, 2506, 2401, 2316, 2006, 1916, 1907, 1894, 1875, 1873, 1797, 1795, 1712, 1532, 1514, 1404, 1379, 1354, 1307, 1274, 991, 856, 816, 776, 772, 525, 370, 343, 229, 214, 208, 1]",0.021897429960639037,0.12,0.38223257178153736,0.6766408037428694,0.8054484708301208,0.19999999999999996
"[8574, 8427, 8061, 8046, 7916, 7514, 7122, 7107, 7101, 7095, 7072, 6920, 6699, 6579, 6535, 6349, 6013, 5975, 5495, 5301, 5078, 4995, 4991, 4990, 4451, 4448, 4028, 3724, 3454, 3417, 3037, 2972, 2951, 2916, 2820, 2796, 2479, 2401, 2316, 2250, 2102, 2019, 1953, 1894, 1873, 1866, 1781, 1740, 1627, 1582, 1532, 1454, 1450, 1421, 1379, 1319, 1277, 1274, 1231, 1199, 1098, 1094, 1092, 1068, 772, 734, 590, 582, 564, 553, 495, 446, 433, 429, 385, 354, 343, 291, 231, 219, 209, 201, 200, 173, 172, 165, 87, 86, 76, 73, 64, 62, 59, 54, 40, 38]",0.0315524426950683,0.05,0.5138796818310152,0.6487823310702459,0.5636083269082498,0.19999999999999996
"[6793, 6274, 4497, 3227, 2957, 1697, 1694, 1687, 1686, 1555, 1199, 1184, 1183, 1128, 1098, 665, 624, 614, 600, 596, 590, 529, 173, 172, 165, 162, 144, 141, 138, 132, 87, 86, 76]",0.01880990970131975,0.68,0.3977624492968581,0.34147758027424746,0.7496787458236958,0.19999999999999996
"[6574, 6278, 6274, 5495, 5070, 4769, 4480, 4478, 4469, 3227, 2957, 2889, 2675, 2559, 2250, 2126, 1907, 1904, 1894, 1851, 1697, 1694, 1555, 1404, 1332, 1296, 1231, 1199, 1128, 991, 925, 880, 851, 806, 734, 714, 627, 529, 294, 283, 231, 201, 200, 173, 172, 165, 162, 144, 132, 87, 78, 74, 62]",0.024266033804121324,0.48,0.39552472073354783,0.4167760554933292,0.6790028270367514,0.0
"[8453, 6274, 4995, 4488, 1443, 1343, 1022, 920, 790, 442, 392, 386, 252, 138, 132, 28, 15]",0.0112363973141931,0.84,0.3363941686601435,0.30962752405167715,0.868414289385762,0.19999999999999996
"[8586, 8488, 8128, 8104, 8061, 8046, 7514, 7145, 7086, 6967, 6920, 6631, 6274, 6027, 5975, 5974, 5495, 5452, 5083, 4995, 4991, 4990, 4488, 4483, 4448, 4437, 4083, 3900, 3506, 3491, 3417, 3394, 3327, 3026, 2983, 2951, 2950, 2916, 2820, 2401, 2316, 2035, 1916, 1894, 1875, 1873, 1680, 1627, 1532, 1443, 1379, 1354, 1319, 1274, 1128, 935, 920, 904, 816, 790, 772, 627, 624, 614, 600, 429, 414, 392, 343, 291, 144, 141, 138, 132, 87, 20]",0.02308752025931929,0.25,0.40505734959136896,0.587231272669642,0.7509637625289128,0.0
"[8586, 8487, 8117, 6920, 6027, 3564, 3044, 2983, 2950, 2820, 2316, 1797, 1795, 1307, 776, 772]",0.003015744385274369,0.85,0.24261317815679928,0.38040292078684146,0.9778977126702647,0.6
"[8427, 7916, 7514, 6920, 3327, 2820, 2796, 2316, 2054, 1781, 1621, 1547, 1546, 1274, 1068, 1022, 772, 553, 40, 35, 32, 30, 28, 25, 24, 13]",0.011709886547811995,0.75,0.3938019722134879,0.4113496171511568,0.8571061423798509,0.19999999999999996
"[8487, 8195, 8061, 7654, 7145, 6981, 6967, 5634, 4991, 4936, 4484, 4483, 4482, 4481, 4083, 4072, 3900, 2878, 2783, 2745, 2733, 2537, 2401, 2316, 2035, 1916, 1627, 1514, 1307, 1128, 1094, 816, 790, 734, 231, 162, 8, 4]",0.012780736281546655,0.63,0.29308885337259183,0.4321442725931882,0.8748393729118479,0.19999999999999996
"[8586, 8128, 7904, 7145, 7122, 7107, 7101, 7095, 6631, 6579, 6439, 6274, 6027, 5083, 5078, 4448, 4083, 4028, 3227, 3037, 3026, 2479, 2250, 2054, 2035, 2019, 1873, 1847, 1712, 1697, 1694, 1687, 1680, 1547, 1546, 1532, 1454, 1450, 1443, 1379, 1354, 1332, 1305, 1296, 1277, 1231, 1199, 1184, 1128, 1022, 1013, 920, 851, 824, 806, 790, 734, 665, 627, 624, 614, 600, 446, 442, 433, 429, 318, 294, 290, 283, 231, 219, 200, 184, 173, 172, 165, 162, 144, 141, 138, 132, 87, 36, 35, 32, 31, 30, 28, 26, 25, 24]",0.034540402871034964,0.09,0.48153381303104836,0.581975046685289,0.4497558468260088,0.0
"[8586, 8498, 8487, 6027, 4995, 3506, 2983, 2950, 2820, 1797, 1795, 1712, 1307, 1229, 816, 772]",0.003336420467700857,0.85,0.265812648929729,0.39535881036298826,0.9717296324852223,0.4
"[4600, 3323, 2018, 1555, 1546, 734, 529, 222, 155, 21]",0.005105348460291734,0.91,0.3062897973650598,0.3151345622691394,0.9424312516062708,0.19999999999999996
"[8330, 6793, 5639, 2951, 1876, 1022, 790, 738]",0.0020236165779115535,0.93,0.23114219074089615,0.3054148267877149,0.9807247494217425,0.6
"[8574, 8330, 8128, 7145, 7122, 7107, 7101, 7095, 7072, 6631, 6579, 6535, 6097, 5639, 5083, 4995, 4819, 4083, 4028, 3804, 3454, 3056, 3037, 3026, 2972, 2951, 2693, 2479, 2035, 2019, 2006, 1953, 1532, 1454, 1450, 1421, 1166, 1022, 1002, 495, 446, 433, 429, 385, 1]",0.011619587867561936,0.56,0.3922939456874357,0.5778262570357406,0.8928296067848882,0.19999999999999996
"[1002, 342]",0.0005128501968048158,0.99,0.10537978756702604,0.1905777193689916,0.9951169365201747,0.8
"[8453, 7273, 6274, 4995, 4488, 1443, 1343, 920, 386, 252, 138, 132, 28, 15]",0.009642278305163232,0.87,0.3015113948261906,0.28561553920543314,0.8961706502184529,0.19999999999999996
"[8237, 6802, 6706, 6541, 5932, 5639, 4492, 4264, 3270, 3096, 2951, 2709, 1712, 1697, 1585, 1231, 1188, 1068, 583, 553, 70]",0.007642972910395925,0.8,0.3099794313228422,0.39391731399234875,0.9177589308661013,0.19999999999999996
"[8574, 8427, 8061, 7916, 7361, 7145, 7072, 6631, 6536, 6362, 5083, 4995, 4991, 4834, 4482, 4481, 4083, 4072, 3327, 3287, 2950, 2937, 2916, 2787, 2776, 2537, 2316, 2102, 2035, 1916, 1627, 1514, 1421, 1128, 1094, 1092, 1022, 790, 614, 600, 596, 582, 529, 399, 385, 231, 229, 64, 62, 59, 32, 31, 30, 28, 26, 25, 24, 22, 13]",0.02176198194026395,0.42,0.385555286263894,0.5328279879517706,0.7463377023901311,0.0
"[8586, 8498, 8487, 8128, 8046, 7514, 7122, 7107, 7101, 7095, 6920, 6631, 6579, 6439, 6027, 5083, 5078, 4995, 4991, 4448, 4028, 3506, 3417, 3227, 3037, 3026, 2983, 2950, 2820, 2729, 2479, 2316, 2250, 2019, 1873, 1847, 1797, 1795, 1712, 1697, 1694, 1687, 1680, 1627, 1454, 1450, 1443, 1354, 1332, 1307, 1305, 1296, 1277, 1231, 1199, 1184, 1128, 1022, 1013, 920, 851, 824, 816, 806, 790, 776, 772, 734, 665, 627, 624, 614, 446, 442, 433, 429, 343, 318, 294, 290, 283, 231, 219, 200, 184, 173, 165, 162, 144, 141, 138]",0.03169367909238249,0.1,0.47722262878314237,0.5710584535958881,0.5623233102030327,0.0
"[8469, 6362, 5639, 4306, 3323, 3227, 2776, 2132, 1697, 1547, 1443, 1231, 1068, 734, 600, 553, 529, 294, 222, 220, 209, 162, 141, 87, 86, 38, 36, 35, 32, 31, 30, 26, 25, 14, 13]",0.017983329474415374,0.66,0.427434684788076,0.40006654534497466,0.7417116422513492,0.0
"[8302, 6274, 5975, 4469, 4197, 3227, 2250, 2126, 2102, 2074, 1907, 1904, 1873, 1712, 1697, 1694, 1687, 1582, 1547, 1546, 1404, 1401, 1332, 1305, 1296, 1277, 1231, 1199, 1184, 1128, 1098, 1094, 1092, 1068, 1022, 880, 851, 824, 806, 790, 734, 665, 627, 624, 600, 582, 564, 553, 529, 473, 429, 318, 294, 290, 283, 231, 219, 201, 200, 173, 172, 165, 162, 144, 141, 138, 132, 97, 87, 86, 76, 73, 64, 62, 59, 54, 38, 36, 35, 32, 25, 13]",0.036301227135911086,0.19,0.4688309843655539,0.44541022523878515,0.35749164739141603,0.0
"[8330, 7145, 6631, 6274, 5639, 5083, 4819, 4083, 3804, 3026, 2951, 2035, 2006, 1532, 1166, 1022, 1002, 962, 1]",0.005508219495253531,0.82,0.29105012194759095,0.4143395943761575,0.9557954253405294,0.19999999999999996
"[8195, 8061, 7654, 7155, 7107, 7101, 6984, 6647, 6179, 5634, 4991, 4483, 4083, 4072, 2783, 2287, 2035, 2019, 1953, 1916, 1627, 1404, 1330, 1094, 1022, 734, 586, 446, 162, 8, 4]",0.010630933086362584,0.7,0.3207910099817576,0.4782402283182763,0.9038807504497558,0.19999999999999996
"[6274, 3227, 2319, 2250, 2126, 2102, 1904, 1873, 1697, 1694, 1687, 1582, 1547, 1546, 1332, 1305, 1296, 1277, 1231, 1199, 1184, 1128, 1098, 1094, 1092, 1068, 1022, 880, 851, 824, 806, 790, 734, 665, 627, 624, 614, 600, 596, 590, 582, 564, 553, 529, 370, 318, 294, 290, 283, 219, 201, 200, 173, 172, 165, 162, 144, 141, 138, 132, 87, 86, 76, 73, 64, 62, 59, 54, 40, 38, 36, 35, 32, 31, 30, 28, 26, 25, 24, 1]",0.035647140541792084,0.21,0.4708950695217373,0.41933632155170153,0.32562323310203034,0.0
"[8488, 8467, 8427, 8104, 8046, 7916, 7514, 7086, 6967, 6920, 6430, 6274, 5975, 5974, 5495, 5452, 5083, 4995, 4488, 4483, 4448, 4437, 3900, 3491, 3417, 3394, 3327, 2983, 2950, 2916, 2887, 2820, 2796, 2401, 2316, 2123, 1916, 1894, 1875, 1873, 1836, 1781, 1680, 1627, 1443, 1379, 1319, 1274, 1068, 935, 920, 904, 816, 790, 772, 564, 553, 429, 414, 392, 343, 291, 144, 141, 138, 132, 67, 54, 40, 36, 35, 32, 30, 28, 25, 20]",0.026924056494558923,0.25,0.4212468554184158,0.6280398027827501,0.6723207401696222,0.0
"[8427, 7916, 7514, 7122, 7107, 7101, 7095, 6920, 6439, 5078, 4028, 3327, 3227, 3037, 2820, 2796, 2728, 2479, 2316, 2250, 2054, 2019, 1873, 1781, 1712, 1697, 1694, 1687, 1680, 1621, 1547, 1546, 1532, 1454, 1450, 1443, 1332, 1305, 1296, 1277, 1274, 1231, 1199, 1184, 1068, 1022, 1013, 920, 851, 824, 806, 790, 772, 734, 665, 553, 446, 442, 433, 429, 318, 294, 290, 283, 231, 219, 201, 200, 184, 173, 172, 165, 162, 144, 141, 40, 35, 32, 30, 28, 25, 24, 13]",0.03293702245890252,0.18,0.4786846103699741,0.5685980353337592,0.49267540478026217,0.0
"[8405, 7514, 6362, 6302, 5328, 3417, 3323, 2776, 1002, 734, 600, 222, 220, 214, 209, 87, 86]",0.007134753415142394,0.84,0.33054902185162394,0.32147632872437015,0.922384991004883,0.19999999999999996
"[7122, 7107, 7101, 7095, 6274, 5078, 4028, 3778, 3227, 3037, 2479, 2250, 2102, 2054, 2019, 1894, 1873, 1697, 1694, 1687, 1582, 1547, 1546, 1532, 1454, 1450, 1332, 1305, 1296, 1277, 1231, 1199, 1184, 1128, 1098, 1094, 1092, 1068, 1022, 1013, 851, 824, 806, 734, 665, 627, 624, 614, 600, 590, 582, 564, 553, 529, 446, 442, 433, 429, 318, 294, 290, 283, 231, 219, 200, 184, 173, 172, 165, 162, 144, 141, 138, 132, 87, 76, 64, 62, 59, 54, 40, 38, 36, 35, 32, 31, 30, 28, 26, 25, 24]",0.03663579532299143,0.1,0.4808891307262969,0.4969689806549227,0.3312773066049859,0.19999999999999996
"[7122, 7107, 7101, 7095, 6579, 6439, 6274, 5975, 5704, 5078, 4028, 3227, 3037, 2479, 2126, 2102, 2019, 1873, 1712, 1697, 1694, 1687, 1680, 1582, 1532, 1454, 1450, 1443, 1332, 1305, 1296, 1277, 1231, 1199, 1184, 1128, 1098, 1094, 1092, 1068, 1022, 1013, 920, 851, 824, 806, 790, 734, 665, 627, 624, 614, 600, 596, 590, 582, 564, 553, 446, 442, 433, 429, 318, 294, 290, 283, 231, 219, 201, 200, 184, 173, 172, 165, 162, 144, 141, 138, 132, 87, 86, 76, 75, 73, 64, 62, 59, 54, 40, 38, 36, 35, 32, 31, 30, 28]",0.03820676082426487,0.05,0.49462636957596495,0.5271204402834012,0.3063479825237728,0.19999999999999996
"[8586, 8488, 8427, 8128, 8061, 8046, 7916, 7514, 6967, 6920, 6802, 6362, 6027, 5975, 5974, 5495, 5452, 5328, 5315, 5083, 4834, 4707, 4448, 4437, 4264, 3920, 3900, 3417, 3394, 3327, 3270, 3026, 2951, 2950, 2916, 2820, 2796, 2787, 2709, 2401, 2316, 2226, 2054, 1916, 1894, 1875, 1873, 1697, 1672, 1621, 1547, 1546, 1379, 1319, 1274, 1231, 1188, 919, 856, 816, 772, 734, 600, 291, 229, 222, 220, 214, 209, 208, 87, 25, 24, 13]",0.0213070155128502,0.27,0.4666218994160306,0.624487971984258,0.7730660498586481,0.19999999999999996
"[8586, 8498, 8487, 8441, 8427, 8315, 8302, 7916, 7789, 6981, 6976, 6967, 6920, 6362, 6027, 5739, 5704, 4936, 4834, 4197, 3900, 3327, 3287, 2983, 2950, 2878, 2820, 2796, 2787, 2783, 2776, 2745, 2316, 1797, 1795, 1712, 1627, 1354, 1307, 1274, 816, 776, 772, 614, 590, 229, 214, 208, 97]",0.01138573743922204,0.52,0.38521976090429655,0.566911150542879,0.9069647905422771,0.19999999999999996
"[3227, 2102, 1582, 1556, 1555, 1553, 1546, 1091, 1068, 582, 553, 529, 144, 73, 64, 62, 59, 54, 40, 36, 35, 32, 31, 30, 28, 25, 22, 15, 13]",0.01739638805279,0.72,0.4198980441649376,0.2822095679848913,0.7393986121819583,0.19999999999999996
"[8498, 8237, 8128, 7654, 7514, 6802, 6706, 6541, 5639, 5328, 5083, 4492, 4264, 4196, 4072, 3417, 3096, 3026, 2951, 2709, 2507, 2250, 2102, 1999, 1712, 1697, 1694, 1585, 1582, 1354, 1277, 1276, 1231, 1199, 1188, 1128, 1094, 1092, 1068, 734, 627, 624, 614, 600, 583, 564, 553, 442, 429, 231, 214, 209, 208, 201, 200, 173, 172, 165, 87, 86, 70, 64, 59, 54, 40]",0.026645056726094,0.36,0.44734651510263734,0.5118701575153534,0.6350552557183243,0.0
"[8586, 8451, 8450, 8128, 7904, 7145, 7122, 7107, 7101, 7095, 6631, 6579, 6439, 6274, 6027, 5083, 5078, 4490, 4483, 4448, 4083, 4028, 3227, 3037, 3026, 2821, 2541, 2479, 2250, 2035, 2019, 1873, 1847, 1712, 1697, 1694, 1687, 1680, 1532, 1454, 1450, 1443, 1379, 1354, 1332, 1305, 1296, 1277, 1231, 1199, 1184, 1128, 1094, 1022, 1013, 920, 904, 851, 824, 806, 790, 734, 665, 627, 624, 614, 600, 446, 442, 433, 429, 318, 294, 290, 283, 231, 219, 209, 200, 184, 173, 172, 165, 162, 144, 141, 138, 132, 87, 31, 12, 8, 4]",0.035549895809215096,0.08,0.4517583443864257,0.5794949195027614,0.465947057311745,0.0
"[8586, 8128, 8061, 7541, 7145, 6631, 6027, 5639, 5495, 5083, 5030, 4995, 4991, 4990, 4306, 4083, 3026, 2951, 2035, 1894, 1532, 1379, 1354]",0.004041444778884001,0.78,0.26719746166810454,0.4346309038771865,0.9668465690053971,0.6
"[8586, 8498, 8330, 8302, 8128, 8046, 7789, 7654, 7514, 6981, 6977, 6647, 6631, 6362, 6274, 6056, 6027, 5739, 5452, 5273, 5083, 4991, 4936, 4707, 4448, 4197, 4072, 3417, 3104, 3026, 2950, 2916, 2878, 2820, 2796, 2787, 2507, 2506, 2401, 2287, 1916, 1712, 1627, 1547, 1546, 1514, 1354, 1128, 1022, 856, 772, 627, 624, 614, 600, 596, 590, 343, 231, 229, 214, 141, 138, 132, 97, 87, 86, 75, 13]",0.020876360268580692,0.32,0.45144051528514706,0.6401232926184666,0.7707530197892573,0.19999999999999996
"[8487, 8441, 8230, 8046, 7606, 7514, 6981, 6978, 6967, 6920, 6802, 6631, 6541, 6362, 6195, 6060, 5452, 4936, 4488, 4487, 4485, 4484, 4448, 4351, 3900, 3417, 3117, 2878, 2796, 2776, 2745, 2709, 2401, 2316, 2072, 1875, 1712, 1582, 1547, 1546, 1514, 1443, 1414, 1379, 1307, 1274, 925, 920, 904, 880, 856, 816, 600, 564, 553, 442, 429, 392, 173, 172, 165, 162, 54, 40, 38, 35, 32, 31, 30, 28, 26, 25]",0.026437832831674,0.29,0.41211678118513584,0.509879266875582,0.653302492932408,0.19999999999999996
"[8498, 8330, 8128, 8117, 7654, 7514, 5940, 5083, 4995, 4448, 4196, 4072, 3417, 3104, 3026, 2983, 2507, 2250, 2102, 1999, 1697, 1694, 1627, 1582, 1354, 1277, 1276, 1231, 1199, 1184, 1128, 1094, 1092, 1068, 734, 675, 627, 624, 614, 600, 564, 553, 442, 429, 410, 343, 294, 231, 209, 201, 200, 173, 172, 165, 162, 87, 86, 64, 59, 54, 40, 38, 36, 35, 32, 31]",0.02712317666126418,0.35,0.4850495668954842,0.5059135487560289,0.5841685941917245,0.0
"[8586, 8574, 8427, 8128, 8061, 8046, 7916, 7514, 7145, 7122, 7107, 7101, 7095, 7072, 6920, 6631, 6579, 6535, 6349, 6027, 6013, 5975, 5495, 5301, 5083, 5078, 4995, 4991, 4990, 4451, 4448, 4028, 3724, 3454, 3417, 3037, 3026, 2972, 2951, 2916, 2831, 2820, 2796, 2479, 2401, 2316, 2250, 2035, 2019, 1953, 1894, 1873, 1866, 1781, 1740, 1627, 1532, 1454, 1450, 1421, 1379, 1319, 1277, 1274, 1231, 1199, 1098, 1094, 1092, 772, 734, 590, 582, 495, 446, 433, 429, 385, 354, 343, 291, 231, 219, 209, 201, 200, 173, 172, 165, 87, 86, 76, 73, 64, 62, 59, 54]",0.029973373466080113,0.04,0.5126345877474436,0.6648922051698722,0.6224620920071962,0.19999999999999996
"[8128, 6612, 4304, 3227, 2250, 2126, 2102, 2054, 1697, 1694, 1582, 1547, 1546, 1231, 1199, 1184, 1098, 1094, 1092, 1068, 665, 596, 590, 582, 564, 553, 529, 201, 200, 173, 172, 165, 163, 162, 144, 141, 138, 132, 86, 76, 73, 62, 59, 54, 40, 38, 36, 35, 32, 31, 30, 28, 26, 25, 24]",0.02608705718916416,0.46,0.46134410905460976,0.3803296488071646,0.5283988691852994,0.19999999999999996
"[7514, 7145, 6631, 5083, 4083, 3417, 3026, 2102, 2035, 1627, 1532, 1354, 582, 343, 290, 163, 38, 36, 32, 31, 30, 28, 26, 25, 24]",0.0112908080574207,0.76,0.3684471354985628,0.36932810119190695,0.8612181958365459,0.19999999999999996
"[6564, 6274, 5704, 2126, 2102, 1582, 1128, 1098, 1094, 1092, 1068, 1022, 627, 624, 614, 600, 590, 582, 564, 553, 138, 132, 87, 86, 76, 75, 73, 64, 62, 59, 54, 40, 38, 36, 35, 32, 31, 30, 28, 26]",0.021073165084510303,0.61,0.4347333497799536,0.3349137737364869,0.6571575430480596,0.19999999999999996
"[8586, 8195, 8128, 7789, 7362, 7107, 7101, 6179, 6027, 5974, 5739, 5634, 4834, 4707, 4483, 4197, 2908, 2787, 2507, 2006, 1953, 1916, 1627, 1354, 1330, 590, 446, 162, 97, 75, 71, 8, 4]",0.011736513081731882,0.68,0.32983552624913615,0.4803278016805954,0.8948856335132357,0.0
"[5634, 4483, 2102, 1582, 1556, 1553, 1092, 1068, 564, 553, 529, 162, 80, 64, 62, 59, 54, 40, 36, 35, 31, 30, 28, 25, 22, 15]",0.016940263949988425,0.75,0.3662495386922118,0.31315163305231686,0.7820611667951683,0.19999999999999996
"[8586, 8498, 8330, 8302, 8128, 8046, 7789, 7654, 7514, 7383, 6981, 6977, 6647, 6631, 6362, 6056, 6027, 5739, 5452, 5273, 5083, 4991, 4936, 4707, 4448, 4381, 4197, 4072, 3488, 3417, 3104, 3026, 2950, 2916, 2878, 2820, 2796, 2787, 2507, 2401, 2287, 1916, 1712, 1627, 1547, 1546, 1514, 1354, 1128, 1022, 856, 772, 627, 624, 614, 600, 596, 590, 343, 231, 229, 214, 141, 138, 132, 97, 87, 86, 75, 13]",0.021498031951840704,0.31,0.4525461125482808,0.6391482737985827,0.7697250064250836,0.19999999999999996
"[8330, 8291, 8117, 7654, 7526, 7514, 6848, 6780, 6236, 6097, 5731, 5704, 5460, 5444, 5229, 4806, 4492, 4304, 4199, 4072, 4038, 3417, 3402, 2796, 2751, 2661, 2250, 2148, 2142, 2126, 2028, 1627, 1514, 1277, 1231, 1128, 1098, 734, 627, 624, 614, 600, 596, 590, 582, 474, 231, 225, 214, 201, 200, 87, 86, 76, 73]",0.02096665894883075,0.46,0.4090607431514305,0.502475705611926,0.7612438961706502,0.19999999999999996
"[8405, 8274, 5975]",0.0003704561241028016,0.98,0.03198055723461091,0.20416838679557792,0.9989719866358263,1.0
"[8427, 8178, 7924, 7916, 7514, 7063, 6920, 6774, 6133, 5495, 4990, 4725, 4083, 3327, 3227, 2820, 2796, 2316, 2250, 2054, 1905, 1781, 1712, 1697, 1694, 1687, 1680, 1621, 1546, 1277, 1274, 1231, 1199, 1184, 1068, 1022, 772, 734, 665, 553, 231, 219, 201, 200, 173, 172, 165, 162, 144, 141, 40, 35, 32, 30, 28, 25, 24, 13]",0.0232461217874508,0.43,0.45484147190848223,0.493536129445175,0.6748907735800566,0.19999999999999996
"[6274, 4478, 4469, 4304, 3227, 2250, 2126, 2102, 2054, 1907, 1904, 1873, 1697, 1694, 1582, 1547, 1546, 1404, 1332, 1231, 1199, 1184, 1098, 1094, 1092, 1068, 880, 790, 665, 596, 590, 582, 564, 553, 529, 429, 370, 201, 200, 173, 172, 165, 163, 162, 144, 141, 138, 132, 86, 76, 73, 64, 62, 59, 54, 40, 38, 36, 35, 32, 31, 30, 28, 26, 25, 24]",0.031653160453808754,0.35,0.4425422713974586,0.37606969736258855,0.4279105628373169,0.19999999999999996
"[8586, 8488, 8427, 8237, 8061, 8046, 7916, 7514, 6967, 6920, 6802, 6706, 6631, 6362, 6027, 5975, 5974, 5639, 5495, 5452, 5328, 5083, 4834, 4707, 4492, 4448, 4437, 4264, 4083, 3920, 3417, 3394, 3327, 3270, 3026, 2951, 2950, 2916, 2820, 2796, 2787, 2709, 2401, 2316, 2289, 2226, 2035, 2006, 1916, 1894, 1875, 1873, 1712, 1697, 1672, 1585, 1532, 1379, 1319, 1274, 1231, 1188, 856, 816, 772, 734, 600, 583, 291, 229, 222, 220, 214, 209, 208, 87, 86, 70]",0.022780736281546653,0.23,0.4293282708712379,0.6665144781513469,0.7751220765869956,0.0
"[8586, 7145, 6920, 6647, 6027, 5624, 5227, 4995, 4083, 2950, 2820, 2316, 2126, 2102, 2035, 1797, 1795, 1582, 1532, 1514, 1307, 1128, 1094, 1092, 1068, 776, 772, 734, 627, 624, 614, 600, 590, 564, 553, 485, 231, 162, 87, 86, 76, 73, 64, 62, 59, 54, 40, 36, 35]",0.021177355869414216,0.52,0.444247879085206,0.48438081311021863,0.7152402981238757,0.19999999999999996
"[8586, 7514, 6699, 6027, 5975, 4995, 4991, 4469, 4448, 3227, 3210, 2983, 2950, 2916, 2401, 2250, 2126, 2054, 2018, 1916, 1907, 1904, 1873, 1697, 1694, 1687, 1582, 1547, 1546, 1443, 1404, 1332, 1199, 1184, 1098, 1094, 1092, 1022, 920, 880, 851, 824, 806, 665, 596, 590, 582, 564, 553, 429, 399, 318, 231, 201, 200, 173, 172, 165, 162, 144, 141, 138, 132, 86, 76, 73, 64, 62, 59, 54, 40, 38, 36, 35, 32, 31, 30, 28, 26, 25, 24, 13]",0.03495485065987497,0.19,0.47654185438422336,0.48800148033649104,0.3824209714726291,0.0
"[8586, 8498, 8487, 8441, 8427, 8315, 8302, 7916, 7789, 6981, 6976, 6967, 6631, 6362, 6274, 6027, 5739, 5704, 5639, 4936, 4834, 4197, 3900, 3804, 3327, 3287, 2983, 2878, 2796, 2787, 2783, 2776, 2745, 2316, 1712, 1627, 1354, 1307, 1274, 816, 776, 614, 590, 229, 214, 208, 97, 1]",0.01174577448483445,0.53,0.3741359026370692,0.558112752513674,0.9049087638139296,0.19999999999999996
"[4497, 310]",0.0016925214169946747,0.99,0.17384014376068246,0.1829527173662462,0.986378822924698,0.4
"[8330, 4492, 2028, 294]",0.0029960639036814077,0.97,0.2003871474983976,0.22484966021252462,0.9809817527627859,0.19999999999999996
"[8586, 8574, 8427, 8061, 8046, 7916, 7514, 7072, 6920, 6535, 6449, 6349, 6027, 6013, 5975, 5495, 5301, 4995, 4991, 4990, 4451, 4448, 3724, 3454, 3417, 2972, 2951, 2916, 2820, 2796, 2401, 2316, 2250, 1953, 1894, 1873, 1866, 1781, 1740, 1627, 1450, 1421, 1379, 1319, 1277, 1274, 1231, 1199, 1098, 1094, 1092, 772, 734, 590, 582, 429, 385, 354, 343, 291, 231, 219, 209, 201, 200, 173, 172, 165, 87, 86, 76, 73, 64, 62, 59, 54]",0.026334799722157905,0.25,0.4898737596608944,0.5981788726348415,0.6599845797995374,0.19999999999999996
"[1546, 529, 155, 36, 35, 31, 30, 28, 26, 25, 24, 1]",0.00829358647835147,0.89,0.3491556369916876,0.24938972961298467,0.887432536622976,0.19999999999999996
"[8237, 6274, 5634, 4925, 4485, 4484, 4483, 4482, 4481, 4480, 3227, 2983, 2250, 2126, 2006, 1697, 1694, 1687, 1582, 1546, 1420, 1305, 1296, 1277, 1231, 1199, 1184, 1128, 1098, 1094, 1092, 1068, 1022, 953, 946, 824, 806, 734, 665, 627, 624, 600, 596, 590, 564, 553, 529, 442, 318, 294, 290, 283, 231, 219, 201, 173, 172, 165, 162, 144, 141, 138, 132, 87, 86, 73, 64, 62, 54, 40, 38, 36, 35, 32, 31, 30, 28, 26, 25]",0.03474994211623061,0.22,0.4414559239326994,0.37941940584778566,0.3536365972757646,0.0
"[8215, 7439, 5977, 3227, 2250, 2126, 2102, 1904, 1894, 1873, 1697, 1687, 1582, 1547, 1456, 1442, 1332, 1296, 1277, 1231, 1199, 1184, 1128, 1098, 1092, 1068, 851, 824, 806, 734, 627, 624, 614, 600, 596, 590, 582, 553, 529, 318, 294, 290, 283, 231, 201, 200, 173, 165, 162, 144, 141, 138, 87, 86, 78, 76, 73, 64, 62, 59, 54, 40, 38, 36, 35, 32, 31, 30, 28, 26, 25, 24]",0.03174924751099792,0.29,0.4866136878008146,0.41870164424783507,0.4176304291955796,0.19999999999999996
"[7122, 7107, 7101, 7095, 7072, 6579, 6535, 6274, 5078, 4995, 4991, 4071, 4028, 3227, 3037, 2972, 2479, 2250, 2126, 2102, 2019, 1953, 1873, 1697, 1694, 1687, 1582, 1547, 1546, 1532, 1454, 1450, 1421, 1296, 1277, 1231, 1199, 1184, 1128, 1098, 1094, 1092, 1068, 902, 734, 665, 627, 624, 614, 600, 596, 590, 582, 564, 553, 529, 495, 446, 442, 433, 385, 219, 201, 200, 173, 172, 165, 162, 144, 141, 138, 132, 87, 86, 76, 73, 64, 62, 59, 54, 40, 38, 36, 35, 32, 31, 30, 28, 26, 25, 24, 1]",0.035282472794628386,0.09,0.5043259450933266,0.5045523997284365,0.36879979439732713,0.19999999999999996
"[6274, 5474, 4488, 4487, 4485, 4484, 4483, 4482, 4481, 4480, 4478, 4469, 3227, 2250, 2126, 2102, 2054, 1907, 1904, 1873, 1697, 1694, 1687, 1582, 1547, 1546, 1443, 1414, 1404, 1332, 1305, 1296, 1277, 1231, 1199, 1184, 1128, 1098, 1094, 1092, 1068, 920, 904, 880, 851, 824, 806, 734, 665, 627, 624, 614, 600, 596, 590, 582, 564, 553, 529, 442, 429, 392, 370, 318, 294, 290, 283, 231, 219, 201, 200, 173, 172, 165, 162, 144, 141, 138, 132, 87, 86, 76, 64, 62, 59, 54, 40, 38, 36, 35, 32, 31, 30, 28, 26, 25, 24]",0.039777726325538325,0.04,0.4744166457561282,0.36242432157317683,0.17501927525057825,0.19999999999999996
"[8117, 6699, 2054, 1582, 1547, 1546, 1068, 564, 553, 384, 40, 38, 36, 35, 32, 31, 30, 28, 25, 24, 13]",0.012504051863857375,0.8,0.38580692811643535,0.3112891980181324,0.8311488049344642,0.19999999999999996
"[7760, 7514, 4448, 4061, 3417, 1627]",0.0009481361426256078,0.95,0.13791000952052979,0.269488499389689,0.9933179131328708,0.8
"[8330, 8128, 8117, 8104, 7145, 7086, 6631, 6541, 6274, 5164, 5083, 4819, 4083, 3804, 3506, 3491, 3026, 2983, 2951, 2035, 2006, 1532, 1166, 1022, 1002, 962, 935, 414, 1]",0.007326927529520722,0.72,0.31788070372057475,0.46259801116431587,0.9421742482652274,0.19999999999999996
"[6274, 4304, 3227, 2250, 2126, 2102, 2054, 1697, 1694, 1582, 1547, 1546, 1231, 1199, 1184, 1098, 1094, 1092, 1068, 665, 590, 582, 564, 553, 529, 201, 200, 173, 172, 165, 163, 162, 144, 141, 138, 132, 86, 76, 73, 64, 59, 54, 40, 38, 36, 35, 32, 31, 30, 28, 26, 25, 24]",0.025926140310257,0.48,0.4602334205317399,0.3698567374089038,0.5409920328964277,0.19999999999999996
"[8330, 6564, 6274, 5704, 4826, 4072, 2820, 2126, 2102, 1582, 1547, 1546, 1128, 1098, 1094, 1092, 1068, 1022, 772, 627, 624, 614, 590, 582, 564, 553, 138, 132, 87, 86, 76, 75, 73, 64, 62, 59, 54, 40, 35, 13]",0.02024195415605464,0.61,0.4333257976939979,0.3879025535615964,0.7008481110254433,0.19999999999999996
"[8237, 6802, 6706, 6541, 5932, 5639, 5624, 5227, 4492, 4264, 3270, 3110, 3096, 2951, 2709, 2126, 1712, 1697, 1585, 1231, 1188, 1128, 1098, 1094, 1068, 734, 627, 624, 614, 600, 590, 583, 553, 231, 87, 86, 76, 73, 70]",0.01831442463533225,0.62,0.4103313330159778,0.46195604869411566,0.7715240298123875,0.0
"[8453, 7145, 6631, 6274, 4995, 4488, 4083, 3026, 2035, 1532, 1443, 1354, 1343, 920, 790, 442, 392, 386, 252, 138, 132, 36, 28, 15]",0.01260245427182218,0.77,0.3493095831011642,0.3893703283652462,0.8583911590850681,0.19999999999999996
"[7514, 6793, 6302, 5639, 3417, 2951, 738, 600, 222, 220, 214, 87, 86]",0.005541792081500347,0.88,0.32133059498806615,0.3022006496300459,0.936006168080185,0.19999999999999996
"[8586, 8498, 8487, 8441, 8427, 8315, 8302, 8128, 8061, 8046, 7916, 7789, 7654, 7514, 6981, 6976, 6967, 6920, 6631, 6362, 6027, 5975, 5974, 5739, 5704, 5495, 5452, 5083, 5070, 4995, 4936, 4834, 4448, 4437, 4197, 4072, 3920, 3900, 3536, 3506, 3417, 3327, 3287, 3026, 2983, 2950, 2878, 2820, 2796, 2787, 2783, 2776, 2745, 2507, 2506, 2401, 2316, 2006, 1916, 1894, 1875, 1873, 1797, 1795, 1717, 1712, 1627, 1379, 1354, 1307, 1274, 856, 816, 776, 772, 614, 590, 343, 229, 214, 208, 97, 75]",0.019304237091919425,0.18,0.44677263542490697,0.699555408598054,0.8306347982523773,0.19999999999999996
"[8498, 8302, 8237, 6981, 6802, 6647, 6541, 5704, 5639, 5083, 4991, 4936, 4492, 4264, 3096, 2951, 2787, 2709, 2698, 2506, 2401, 1916, 1712, 1697, 1694, 1585, 1582, 1354, 1188, 1068, 590, 553, 429, 392, 229, 165, 40]",0.013169715211854597,0.64,0.35389908078718446,0.5147599368254703,0.8714983294782832,0.19999999999999996
"[6362, 4600, 4342, 3323, 2776, 1555, 1002, 734, 529, 222, 155]",0.004399166473720769,0.9,0.2791238351759827,0.28982644027529225,0.9593934721151375,0.19999999999999996
"[8487, 8441, 8330, 8230, 8046, 7606, 7514, 6981, 6978, 6967, 6920, 6802, 6631, 6541, 6362, 6195, 6060, 5639, 5452, 4936, 4488, 4448, 4351, 3900, 3417, 3117, 2951, 2878, 2796, 2776, 2745, 2709, 2628, 2401, 2316, 2072, 1875, 1712, 1582, 1547, 1546, 1514, 1443, 1379, 1307, 1274, 925, 920, 904, 880, 856, 816, 738, 600, 564, 553, 442, 429, 392, 173, 172, 165, 162, 54, 40, 38, 35, 32, 31, 30, 28, 26, 25]",0.025553368835378558,0.28,0.4422721360535895,0.5399349136564326,0.6802878437419686,0.19999999999999996
"[8586, 8330, 8128, 8117, 8061, 7789, 7654, 7145, 6179, 6027, 5974, 5940, 5739, 5082, 4995, 4834, 4707, 4481, 4203, 4197, 4083, 4072, 3327, 3104, 3026, 2983, 2950, 2916, 2820, 2787, 2783, 2537, 2507, 2035, 2006, 1916, 1795, 1627, 1514, 1421, 1354, 1233, 1128, 1022, 790, 772, 734, 675, 614, 590, 231, 214, 208, 132, 97, 75]",0.017558462607084973,0.45,0.3938703666036205,0.583388744755203,0.833975841685942,0.19999999999999996
"[8586, 8128, 7789, 7107, 7101, 6179, 6027, 5974, 5739, 5634, 4834, 4707, 4483, 4302, 4197, 2908, 2787, 2507, 2006, 1953, 1916, 1627, 1354, 1330, 590, 529, 446, 162, 97, 75, 71, 15, 8]",0.012746006019912015,0.68,0.34533904436280916,0.4832071149022512,0.8768953996401954,0.19999999999999996
"[5639, 5634, 4304, 3227, 2951, 2250, 2126, 2102, 1802, 1697, 1694, 1582, 1547, 1546, 1231, 1199, 1184, 1098, 1094, 1092, 1068, 665, 590, 582, 553, 529, 201, 200, 173, 172, 165, 163, 162, 144, 141, 138, 86, 76, 73, 64, 59, 54, 40, 38, 36, 35, 32, 31, 30, 28, 26, 25, 24]",0.0257027089604075,0.48,0.46371979014784936,0.38147434878924513,0.559496273451555,0.19999999999999996
"[8586, 8498, 8487, 8441, 8427, 8315, 8302, 8128, 8061, 8046, 7916, 7789, 7654, 7514, 7145, 6981, 6976, 6967, 6920, 6647, 6631, 6362, 6027, 5975, 5974, 5739, 5634, 5548, 5495, 5452, 5083, 5070, 4995, 4936, 4834, 4488, 4485, 4484, 4483, 4448, 4437, 4083, 4072, 3920, 3900, 3536, 3506, 3417, 3327, 3287, 3026, 2983, 2950, 2916, 2878, 2820, 2796, 2787, 2783, 2776, 2745, 2507, 2506, 2401, 2316, 2035, 2006, 1916, 1894, 1875, 1873, 1797, 1795, 1712, 1532, 1514, 1379, 1354, 1307, 1274, 856, 816, 776, 772, 392, 343, 229, 214, 208, 132]",0.02106969205834684,0.11,0.369548067999693,0.6486385381238913,0.8170136211770753,0.19999999999999996
"[8117, 6948, 6362, 4492, 4342, 3323, 2776, 2028, 1555, 734, 438, 222]",0.005,0.89,0.2464313270751407,0.3088985702457614,0.9586224620920072,0.19999999999999996
"[8330, 4995, 4483]",0.0018580689974531143,0.98,0.166500046626615,0.2108996394582746,0.9886918529940889,0.4
"[8586, 8498, 8487, 8441, 8427, 8128, 8061, 8046, 7916, 7654, 7514, 7145, 6981, 6976, 6967, 6920, 6647, 6631, 6027, 5975, 5974, 5495, 5452, 5083, 5070, 4995, 4936, 4600, 4448, 4437, 4083, 4072, 3920, 3900, 3536, 3506, 3417, 3327, 3323, 3026, 2983, 2950, 2916, 2878, 2820, 2796, 2507, 2506, 2401, 2316, 2035, 2018, 2006, 1916, 1894, 1875, 1873, 1797, 1795, 1555, 1546, 1532, 1514, 1379, 1354, 1307, 1274, 856, 816, 776, 772, 734, 529, 343, 229, 222, 155, 21]",0.017975225746700626,0.23,0.44646461717343155,0.6270629232395373,0.8344898483680288,0.19999999999999996
"[6536, 6439, 6274, 5916, 5704, 5070, 4995, 4480, 4478, 4469, 3227, 2950, 2250, 2126, 2102, 1907, 1904, 1873, 1712, 1697, 1694, 1687, 1680, 1582, 1450, 1443, 1404, 1332, 1305, 1296, 1277, 1231, 1199, 1184, 1128, 1098, 1094, 1092, 1068, 920, 880, 851, 824, 806, 790, 734, 665, 627, 624, 614, 600, 596, 590, 582, 564, 553, 385, 318, 294, 290, 283, 219, 201, 200, 173, 172, 165, 162, 144, 141, 138, 132, 87, 86, 76, 75, 73, 64, 62, 59, 54, 40, 38, 36, 35, 26]",0.03694605232692753,0.15,0.4643366119049871,0.4509585628746885,0.33384734001542016,0.19999999999999996
"[8330, 8128, 7145, 6631, 5639, 4083, 3026, 2951, 2035, 1532, 1166, 1002]",0.002242417226209771,0.89,0.2076826023370214,0.3511030172299059,0.9871498329478283,0.6
"[8469, 6362, 5639, 5624, 4497, 4487, 4485, 4477, 4475, 4473, 4469, 4306, 3323, 3227, 2776, 2132, 1941, 1907, 1904, 1873, 1872, 1821, 1697, 1547, 1443, 1404, 1332, 1231, 1068, 906, 880, 600, 553, 529, 458, 442, 407, 386, 359, 318, 294, 222, 220, 209, 162, 141, 87, 86, 38, 36, 35, 32, 31, 30, 26, 25, 14, 13]",0.02735008103727715,0.43,0.4183936096942259,0.37004455165505423,0.5669493703418145,0.19999999999999996
"[3227, 2102, 1582, 1556, 1555, 1553, 1546, 1091, 1068, 956, 582, 553, 529, 144, 64, 62, 54, 40, 36, 35, 32, 31, 30, 28, 25, 22, 15, 13]",0.017072238944200045,0.73,0.4162791306837462,0.2827907604703599,0.750449755846826,0.0
"[4488, 4487, 4485, 4484, 4483, 4482, 4481, 4480, 4478, 4469, 1907, 1904, 1694, 1687, 1582, 1546, 1443, 1414, 1404, 1299, 1199, 1184, 1098, 1068, 920, 904, 880, 851, 665, 627, 624, 614, 600, 564, 553, 529, 442, 429, 392, 370, 165, 162, 155, 132, 86, 78, 76, 64, 59, 54, 40, 38, 36, 35, 32, 31, 30, 28, 26, 25, 24, 15, 1]",0.03012965964343598,0.38,0.43402184036026614,0.321900258262827,0.4384476998200977,0.19999999999999996
"[8586, 8498, 8487, 6981, 6976, 6967, 6274, 6027, 5704, 5639, 4936, 3900, 2983, 2878, 2745, 2658, 2316, 1712, 1354, 1307, 816, 776, 590, 1]",0.005863625839314656,0.77,0.31128594074270044,0.42667341189933516,0.9542534052942688,0.19999999999999996
"[8586, 8302, 6647, 6274, 6027, 5704, 5474, 5083, 4995, 4991, 4936, 4488, 4487, 4485, 4484, 4483, 4482, 4481, 4480, 4478, 4475, 3227, 2950, 2506, 2250, 2126, 1907, 1904, 1873, 1797, 1697, 1694, 1687, 1582, 1443, 1414, 1404, 1332, 1307, 1305, 1296, 1277, 1231, 1199, 1184, 1128, 1098, 1094, 1092, 1068, 920, 904, 880, 851, 824, 806, 734, 665, 627, 624, 614, 600, 596, 590, 582, 564, 553, 442, 429, 392, 370, 318, 294, 290, 283, 231, 229, 219, 201, 200, 173, 172, 165, 162, 144, 141, 138, 132, 87, 86, 76, 64, 62, 59, 54, 40, 38]",0.03821949525353091,0.04,0.4719042497006345,0.40799948650672635,0.2865587252634284,0.19999999999999996
"[8586, 8128, 8117, 6699, 6261, 6027, 5797, 5639, 5083, 4448, 4306, 3227, 3210, 3026, 2983, 2250, 2126, 1697, 1694, 1547, 1546, 1443, 1199, 1184, 1098, 1094, 1092, 1068, 1002, 920, 665, 614, 600, 596, 590, 582, 564, 553, 219, 201, 200, 173, 172, 165, 162, 144, 141, 138, 87, 86, 76, 73, 64, 62, 59, 54, 40, 38, 36, 35, 32, 31, 30, 28, 26, 25, 24, 13]",0.02915952766844177,0.33,0.4893611071759134,0.4674032024621486,0.5088666152659984,0.19999999999999996
"[8237, 6802, 6706, 6541, 5932, 5639, 4492, 4264, 3270, 3096, 2951, 2709, 2016, 1712, 1697, 1585, 1231, 1188, 583, 553, 73, 70]",0.00838504283398935,0.79,0.3085166241865477,0.39686593421899496,0.9141608840914932,0.19999999999999996
"[8586, 8498, 8487, 7514, 6967, 6699, 6027, 5975, 4995, 4991, 4469, 4448, 3506, 3378, 3227, 3210, 2983, 2950, 2916, 2820, 2401, 2316, 2250, 2126, 2018, 1916, 1907, 1904, 1873, 1797, 1795, 1712, 1694, 1687, 1582, 1443, 1404, 1332, 1307, 1199, 1184, 1098, 1094, 1092, 1022, 920, 880, 851, 824, 816, 806, 772, 665, 596, 590, 582, 564, 553, 429, 399, 318, 231, 201, 200, 173, 172, 165, 162, 144, 141, 138, 132, 86, 76, 73, 64, 62, 59, 54, 40, 38, 36]",0.03299490622829358,0.19,0.47484586283210073,0.5336075573509764,0.4793112310460036,0.0
"[8586, 8128, 8117, 8061, 8046, 7514, 7086, 6631, 6541, 6274, 6027, 5975, 5974, 5495, 5452, 5083, 4492, 4448, 4437, 4083, 3920, 3900, 3506, 3491, 3417, 3394, 3227, 3026, 2983, 2951, 2950, 2916, 2401, 2102, 2054, 2035, 2006, 1916, 1894, 1875, 1873, 1697, 1582, 1547, 1546, 1532, 1379, 1332, 1231, 1199, 1092, 1068, 935, 856, 790, 665, 582, 564, 553, 529, 429, 414, 173, 172, 165, 163, 162, 144, 141, 138, 132, 86, 64, 62, 59, 54, 40, 38, 36, 35, 32, 31, 30, 28, 26, 25, 24]",0.03227946283862005,0.14,0.4741814447514975,0.615763720776596,0.5242868157286045,0.19999999999999996
"[1582, 1068, 553, 40, 38, 36, 35, 32, 30, 28, 26]",0.008408196341745774,0.9,0.3347563608141432,0.23195317808405957,0.8923156001028013,0.19999999999999996
"[6274, 5231, 4478, 4469, 3227, 2250, 2126, 2102, 2054, 1907, 1904, 1873, 1697, 1694, 1687, 1582, 1547, 1546, 1404, 1332, 1305, 1296, 1277, 1231, 1199, 1184, 1128, 1098, 1094, 1092, 1068, 880, 790, 734, 665, 627, 624, 614, 600, 596, 590, 582, 564, 553, 529, 429, 370, 231, 219, 201, 200, 173, 172, 165, 162, 144, 141, 138, 132, 87, 86, 76, 73, 64, 62, 59, 54, 40, 38, 36, 35, 32, 30, 28, 26, 25, 24]",0.03502546885853207,0.24,0.4444113903576824,0.3886194165122018,0.34669750706759184,0.0
"[8441, 8427, 8302, 7916, 7789, 7554, 6631, 6362, 5739, 4834, 4197, 3804, 3327, 3287, 2796, 2787, 2783, 2776, 1627, 1274, 1002, 614, 342, 229, 214, 208, 97]",0.006918268117619819,0.74,0.31552458416026286,0.4045884141671672,0.9450012850167052,0.19999999999999996
"[8574, 8498, 8302, 7141, 6981, 6976, 6967, 6647, 5704, 5083, 4991, 4936, 3900, 3646, 3506, 2878, 2787, 2745, 2698, 2506, 2401, 1916, 1421, 1354, 816, 590, 529, 399, 229, 32, 31, 30, 28, 26, 25, 24, 22, 13]",0.012375549895809216,0.63,0.3840015306330806,0.472145925000369,0.8722693395014135,0.19999999999999996
"[7122, 7107, 7101, 7095, 7072, 6579, 6535, 6097, 4028, 3056, 3037, 2972, 2693, 2479, 2102, 2054, 2019, 1953, 1582, 1547, 1546, 1454, 1450, 1421, 1068, 1022, 564, 553, 529, 505, 495, 446, 433, 429, 54, 40, 38, 36, 35, 32, 31, 30, 28, 26, 25, 24]",0.018973141931002545,0.55,0.43014773551668506,0.4808216807833662,0.7447956823438704,0.19999999999999996
"[8586, 8467, 8465, 8464, 8456, 8128, 8061, 7541, 7145, 6631, 6027, 5639, 5083, 5030, 4995, 4991, 4990, 4306, 4083, 3227, 3026, 2951, 2035, 1894, 1790, 1697, 1694, 1687, 1532, 1379, 1354, 1305, 1296, 1231, 1184, 817, 808, 736, 734, 665, 290, 283, 240, 231, 219, 209, 201, 173, 172, 165, 162, 144]",0.02028826117156749,0.49,0.36654504495037743,0.4438976941823455,0.7558468260087381,0.19999999999999996
"[3056, 3037, 2126, 2102, 2054, 1582, 1547, 1546, 1128, 1098, 1094, 1092, 1068, 1022, 627, 624, 614, 600, 596, 590, 582, 564, 553, 529, 505, 495, 429, 86, 78, 76, 73, 64, 59, 54, 40, 38, 36, 35, 32, 31, 30, 28, 26, 25, 24]",0.022442695068302848,0.56,0.4439718520876208,0.3542095884992188,0.6314572089437163,0.19999999999999996
"[6274, 5704, 5567, 2126, 2102, 1582, 1128, 1098, 1094, 1092, 1068, 627, 624, 614, 600, 596, 590, 582, 564, 553, 162, 132, 87, 86, 76, 75, 73, 62, 59, 54, 40, 38, 36, 35, 26]",0.019555452651076638,0.66,0.42574239537349245,0.33503460671070084,0.6993060909791827,0.19999999999999996
"[6274, 5704, 4936, 2658, 2102, 1712, 1582, 1068, 590, 564, 553, 413, 62, 59, 54, 40, 38, 36, 35, 32, 31, 30, 28, 26]",0.013594582079184998,0.77,0.38758957164186447,0.3122280205260808,0.8113595476741198,0.19999999999999996
"[6274, 4304, 3227, 2250, 2126, 2102, 2054, 1904, 1873, 1697, 1694, 1582, 1547, 1546, 1332, 1231, 1199, 1184, 1098, 1094, 1092, 880, 790, 665, 596, 590, 582, 564, 553, 529, 429, 201, 200, 173, 172, 165, 163, 162, 144, 141, 138, 132, 86, 76, 73, 64, 62, 59, 54, 40, 38, 36, 35, 32, 31, 30, 28, 26, 25, 24]",0.028322528363047002,0.41,0.47217259766043507,0.3565007392835434,0.4793112310460036,0.19999999999999996
"[6439, 6274, 5916, 5070, 4480, 4478, 4469, 3227, 2250, 2126, 2102, 2054, 1907, 1904, 1873, 1712, 1697, 1694, 1687, 1680, 1582, 1547, 1546, 1450, 1443, 1404, 1332, 1305, 1296, 1277, 1231, 1199, 1184, 1098, 1094, 1092, 1068, 920, 880, 851, 824, 806, 790, 734, 665, 596, 590, 582, 564, 553, 529, 527, 429, 318, 294, 290, 283, 231, 219, 201, 200, 173, 172, 165, 163, 162, 144, 141, 138, 132, 86, 76, 73, 64, 62, 59, 54, 40, 38, 36, 35, 32, 31, 30, 28, 26, 24]",0.03761866172725168,0.14,0.46279306824196165,0.43218787018283666,0.28347468517090724,0.19999999999999996
"[6274, 4469, 3227, 2250, 2126, 2102, 2054, 1907, 1904, 1873, 1697, 1694, 1687, 1547, 1546, 1332, 1305, 1296, 1277, 1231, 1199, 1184, 1128, 1098, 1094, 1092, 1068, 880, 851, 824, 806, 790, 734, 665, 627, 624, 614, 600, 596, 590, 582, 564, 553, 529, 370, 318, 294, 290, 283, 231, 219, 201, 200, 173, 172, 165, 162, 144, 141, 138, 132, 86, 77, 76, 64, 62, 59, 54, 40, 38, 36, 35, 32, 31, 30, 28, 26, 25, 24]",0.035963185922667285,0.22,0.4673766323527202,0.40574706618973866,0.32305319969159596,0.19999999999999996
"[8586, 8302, 8237, 8128, 8046, 7789, 7654, 7514, 7383, 6802, 6706, 6647, 6631, 6362, 6027, 5739, 5639, 5452, 5328, 5083, 4991, 4707, 4448, 4381, 4264, 4197, 4072, 3270, 3026, 2950, 2916, 2820, 2796, 2787, 2709, 2507, 2401, 2287, 2226, 1916, 1712, 1697, 1672, 1627, 1585, 1231, 1188, 1128, 1022, 856, 772, 627, 624, 614, 600, 596, 590, 583, 343, 231, 229, 214, 209, 208, 97, 87, 86, 75, 70]",0.02072007409122482,0.32,0.45202474339820864,0.6164692655840718,0.7738370598817784,0.19999999999999996
"[8330, 7122, 7107, 7101, 7095, 6677, 6579, 5078, 4995, 4492, 4071, 4028, 3037, 2479, 2028, 2019, 495, 446, 442, 433]",0.006406575596202825,0.81,0.2728320787410148,0.39869337140420913,0.941917244924184,0.19999999999999996
"[8586, 8330, 8128, 8117, 8061, 7789, 7541, 7145, 6631, 6027, 6010, 5974, 5940, 5739, 5082, 4995, 4991, 4990, 4834, 4707, 4203, 4197, 4083, 3327, 3104, 3026, 2983, 2950, 2820, 2787, 2507, 2035, 2006, 1894, 1795, 1532, 1421, 1379, 1354, 1233, 772, 736, 734, 675, 614, 590, 240, 231, 219, 208, 132, 97, 75]",0.015509377170641351,0.48,0.4274779526615784,0.6013128494791691,0.8463120020560267,0.19999999999999996
"[6468, 6274, 4469, 3227, 2250, 2126, 2102, 1907, 1904, 1873, 1697, 1694, 1687, 1582, 1547, 1546, 1404, 1332, 1305, 1296, 1277, 1231, 1199, 1184, 1128, 1098, 1094, 1092, 1068, 880, 851, 806, 790, 734, 665, 627, 624, 614, 600, 596, 590, 582, 564, 553, 529, 370, 318, 294, 290, 283, 219, 201, 200, 173, 172, 165, 162, 144, 141, 138, 132, 87, 86, 76, 73, 64, 62, 59, 54, 40, 38, 36, 35, 32, 31, 30, 28, 26, 25, 24, 1]",0.036296596434359805,0.2,0.4685970444819122,0.41302282000819546,0.31457208943716264,0.19999999999999996
"[8586, 6274, 6027, 5975, 4478, 4469, 4304, 3227, 2983, 2250, 2126, 2102, 2054, 1907, 1873, 1697, 1694, 1687, 1582, 1547, 1546, 1443, 1404, 1332, 1231, 1199, 1184, 1098, 1094, 1092, 1068, 1022, 920, 880, 851, 824, 806, 790, 665, 596, 590, 582, 564, 553, 529, 429, 399, 392, 370, 318, 231, 201, 200, 173, 172, 165, 163, 162, 144, 141, 138, 132, 86, 76, 73, 64, 62, 59, 54, 40, 38, 36, 35, 32, 31, 30, 28, 26, 25, 24]",0.03540055568418616,0.21,0.4684520976748904,0.4508696743870667,0.34566949370341815,0.19999999999999996
"[8586, 8467, 8464, 8234, 8128, 8061, 8046, 7654, 7558, 7541, 7514, 7403, 7145, 6981, 6976, 6647, 6631, 6027, 5975, 5974, 5639, 5548, 5495, 5452, 5083, 5070, 5030, 4995, 4991, 4990, 4936, 4485, 4484, 4483, 4474, 4448, 4437, 4306, 4083, 4072, 3920, 3536, 3506, 3417, 3227, 3026, 2983, 2951, 2950, 2916, 2878, 2507, 2506, 2401, 2035, 2006, 1916, 1894, 1875, 1873, 1790, 1697, 1694, 1687, 1532, 1514, 1379, 1354, 1305, 1296, 1231, 1184, 856, 808, 734, 665, 392, 343, 290, 283, 240, 231, 219, 209, 201, 173, 172, 165, 162, 144]",0.027828200972447325,0.11,0.39534716057367325,0.5744426127588301,0.6790028270367514,0.19999999999999996
"[8330, 4488, 4487, 4485, 4484, 4483, 4482, 4481, 4469, 1907, 1904, 1694, 1687, 1582, 1546, 1443, 1414, 1404, 1299, 1199, 1184, 1098, 1068, 920, 904, 880, 851, 738, 665, 627, 624, 614, 600, 564, 553, 529, 442, 429, 392, 370, 165, 162, 155, 132, 86, 78, 76, 64, 59, 54, 40, 38, 36, 35, 32, 31, 30, 28, 26, 25, 24, 15]",0.030024311183144248,0.39,0.4344920890710885,0.3502066121192564,0.46234901053713695,0.0
"[8498, 8487, 6793, 6027, 5639, 5634, 4281, 3506, 2983, 2951, 1712, 1307, 1229, 816, 772]",0.0031245658717295667,0.86,0.2594101726138186,0.3950038575420237,0.9763556926240041,0.4
"[8586, 6027, 5639, 5624, 3227, 3210, 2054, 1697, 1694, 1547, 1546, 1532, 1184, 1094, 1092, 1068, 920, 665, 614, 600, 590, 564, 553, 165, 162, 144, 141, 138, 87, 86, 76, 73, 64, 62, 59, 54, 40, 38, 36, 35, 32, 31, 30, 28, 26, 25, 24, 13]",0.024176892799259088,0.53,0.46885348225281587,0.3650124097830788,0.6060138781804163,0.0
"[8487, 8441, 8215, 8046, 7514, 7439, 6981, 6976, 6967, 6920, 6362, 5452, 4991, 4936, 4448, 4351, 3900, 3417, 3227, 3117, 2878, 2796, 2776, 2745, 2401, 2316, 2250, 2126, 2102, 1875, 1873, 1697, 1687, 1582, 1547, 1443, 1442, 1379, 1332, 1307, 1296, 1274, 1231, 1199, 1184, 1128, 1098, 1092, 1068, 1022, 920, 856, 851, 824, 816, 806, 734, 614, 600, 596, 590, 588, 582, 529, 442, 429, 392, 318, 294, 290, 283, 231, 201, 200, 173, 165, 162, 144, 141, 138, 87, 86, 78, 76, 73, 64, 62, 59, 54, 40, 38, 36, 35, 32, 31, 30, 28, 26, 25, 24]",0.036904376012965964,0.01,0.5086186063892391,0.5325678480988024,0.3528655872526343,0.19999999999999996
"[8215, 7439, 6274, 5977, 4488, 4487, 4485, 4484, 4483, 4482, 4481, 4480, 4478, 3227, 2250, 2126, 2102, 2054, 1904, 1894, 1873, 1697, 1694, 1687, 1582, 1547, 1456, 1443, 1414, 1332, 1277, 1231, 1199, 1184, 1128, 1098, 1092, 1068, 1022, 920, 904, 851, 824, 806, 734, 627, 624, 614, 600, 596, 590, 582, 553, 529, 442, 429, 392, 318, 294, 290, 283, 231, 201, 200, 173, 165, 162, 144, 141, 138, 132, 87, 86, 78, 76, 73, 64, 62, 59, 54, 40, 38, 36, 35, 32, 31, 30, 28, 26, 25, 24]",0.037875665663348,0.1,0.4632473645208759,0.37828108960815976,0.26265741454638913,0.19999999999999996
"[7514, 5639, 5030, 4448, 4306]",0.0006482982171799027,0.96,0.05473891108325024,0.25433613216858764,0.9979439732716525,1.0
"[8586, 8302, 6647, 6274, 6027, 5704, 5474, 5083, 4995, 4991, 4936, 3574, 2950, 2506, 2126, 1797, 1697, 1582, 1307, 1128, 1098, 1094, 1092, 1068, 851, 627, 624, 614, 600, 596, 590, 582, 564, 553, 229, 200, 173, 172, 144, 141, 138, 87, 86, 76, 64, 62, 59, 54, 40, 38]",0.021551285019680483,0.51,0.4482505533231892,0.4586007652343812,0.6838858905165768,0.19999999999999996
"[7606, 5977, 2126, 2102, 1695, 1582, 1547, 1546, 1450, 1420, 1305, 1128, 1098, 1094, 1092, 1068, 824, 806, 734, 627, 624, 614, 600, 596, 590, 582, 564, 553, 529, 283, 265, 219, 208, 87, 86, 76, 73, 64, 62, 59, 54, 40, 38, 36, 35, 32, 31, 30, 26, 25, 24, 1]",0.02616462144014818,0.49,0.43141512095827916,0.37865029202566713,0.5651503469545104,0.19999999999999996
"[8051, 7219, 6097, 5639, 5229, 3608, 3204, 3089, 3056, 2951, 2682, 1941, 1546, 13]",0.0036860384348228756,0.87,0.27661003619507896,0.32042464510202073,0.9622205088666153,0.4
"[8586, 8128, 8117, 6699, 6027, 5639, 5083, 4762, 3227, 3210, 2983, 1697, 1694, 1547, 1546, 1199, 1184, 1094, 1092, 1068, 920, 665, 590, 582, 564, 553, 200, 173, 172, 165, 162, 144, 141, 138, 64, 62, 59, 54, 40, 38, 36, 35, 32, 31, 30, 28, 26, 25, 24, 13]",0.023358416300069462,0.51,0.45921547463293133,0.4413259438037118,0.6224620920071962,0.19999999999999996
"[8586, 8498, 8330, 8128, 8117, 7789, 6027, 5974, 5940, 5739, 5082, 4995, 4834, 4707, 4455, 4197, 4072, 3104, 3026, 2983, 2950, 2820, 2787, 2507, 2006, 1795, 1421, 1354, 1128, 1022, 772, 675, 627, 614, 590, 208, 132, 87, 86, 75]",0.01281315119240565,0.61,0.4055519811801742,0.5427887310500337,0.8609611924955024,0.19999999999999996
"[8487, 8441, 8330, 8230, 8046, 7606, 7514, 6981, 6978, 6967, 6920, 6802, 6631, 6541, 6362, 6195, 6060, 5452, 4936, 4488, 4485, 4484, 4483, 4448, 4351, 3900, 3417, 3117, 2878, 2796, 2776, 2745, 2709, 2628, 2401, 2316, 2072, 1875, 1712, 1582, 1514, 1443, 1379, 1296, 1274, 925, 920, 904, 880, 856, 816, 738, 600, 564, 553, 442, 429, 392, 294, 173, 172, 165, 162, 54, 40, 38, 35, 32, 31, 30, 28, 26, 25]",0.02616925214169947,0.28,0.40947921595058656,0.4990895143804197,0.6594705731174506,0.19999999999999996
"[8586, 8574, 8498, 8330, 8302, 7141, 6981, 6976, 6967, 6647, 6027, 5704, 5083, 4995, 4991, 4936, 3900, 3506, 3104, 2950, 2878, 2820, 2787, 2745, 2506, 2401, 1916, 1795, 1421, 1354, 1087, 816, 772, 675, 590, 229, 132, 32]",0.009517249363278536,0.63,0.3641534216140162,0.5013836636648767,0.9182729375481882,0.19999999999999996
"[8574, 8427, 8302, 8061, 8046, 7916, 7429, 7072, 6920, 6541, 6535, 6362, 6013, 5975, 5835, 5704, 5639, 5495, 5084, 4991, 4492, 4451, 4448, 4197, 3454, 3149, 2972, 2951, 2916, 2820, 2796, 2787, 2776, 2401, 2316, 2250, 1953, 1922, 1894, 1873, 1866, 1781, 1740, 1627, 1454, 1450, 1421, 1379, 1319, 1277, 1274, 1231, 1199, 902, 772, 734, 614, 590, 385, 291, 231, 229, 222, 220, 219, 214, 209, 201, 200, 173, 172, 165, 141, 97, 87, 86, 75]",0.026001389210465384,0.24,0.44966195568884215,0.6246609027813209,0.6951940375224879,0.0
"[8586, 8117, 7654, 7526, 7514, 6780, 6236, 6027, 5731, 5639, 5229, 4297, 4199, 4072, 3210, 2796, 2751, 2661, 2250, 2148, 2142, 2126, 2054, 2028, 1627, 1547, 1546, 1514, 1277, 1128, 1098, 920, 734, 627, 624, 614, 600, 596, 590, 582, 474, 231, 225, 201, 200, 144, 141, 138, 87, 86, 76, 73, 26, 24, 13]",0.022410280157443854,0.46,0.4474485018473908,0.4356971239455689,0.6985350809560524,0.19999999999999996
"[6793, 4480, 2951, 1876, 1022, 966, 790, 1]",0.004452419541560546,0.93,0.24650249734088714,0.2782149966541123,0.9624775122076586,0.19999999999999996
"[8586, 8128, 7789, 7107, 7101, 6536, 6439, 6179, 6027, 5974, 5916, 5739, 5634, 5070, 4995, 4834, 4483, 4480, 4478, 4469, 4302, 4197, 3227, 2950, 2908, 2787, 2507, 2250, 2006, 1953, 1916, 1907, 1904, 1873, 1712, 1697, 1694, 1687, 1680, 1627, 1450, 1443, 1404, 1354, 1332, 1330, 1305, 1296, 1277, 1231, 1199, 1184, 920, 893, 880, 851, 824, 806, 790, 734, 665, 590, 529, 446, 385, 318, 294, 290, 283, 219, 201, 200, 173, 172, 165, 162, 144, 141, 138, 97, 75, 71, 15, 8]",0.03285135448020375,0.17,0.4458598126101998,0.5458164081025649,0.5132356720637368,0.0
"[8586, 8488, 8427, 8128, 8117, 8104, 8061, 8046, 7916, 7514, 7086, 6967, 6920, 6802, 6631, 6541, 6362, 6027, 5975, 5974, 5639, 5495, 5452, 5328, 5083, 4834, 4707, 4492, 4448, 4437, 4306, 4264, 4083, 3920, 3900, 3506, 3491, 3417, 3394, 3327, 3270, 3026, 2983, 2951, 2950, 2916, 2820, 2796, 2787, 2709, 2401, 2316, 2226, 2035, 2006, 1916, 1894, 1875, 1873, 1712, 1697, 1672, 1547, 1532, 1379, 1319, 1274, 1231, 1188, 1093, 935, 856, 816, 772, 734, 600, 583, 414, 291, 229, 222, 220, 214, 209, 208, 87, 86, 70, 13]",0.024928224125955082,0.12,0.43831747206713667,0.7161941358643169,0.7540478026214341,0.19999999999999996
"[8405, 5030]",0.00026510766381106736,0.99,0.03894908991511703,0.18927791291167995,0.9989719866358263,1.0
"[8330, 6793, 5639, 4083, 2951, 2126, 1876, 1404, 1302, 1128, 1022, 790, 738, 627, 624, 614, 600, 596, 590, 231, 87, 86, 76]",0.011177355869414216,0.78,0.37747054969158955,0.37484943930836934,0.8635312259059368,0.19999999999999996
"[8128, 8117, 8104, 6541, 5634, 5083, 4483, 3506, 3491, 2983, 2006, 1556, 1553, 1532, 1022, 962, 935, 529, 414, 162, 80, 35, 31, 30, 28, 25, 22, 15]",0.013306320907617504,0.73,0.3508344115541715,0.39705469414576877,0.8591621691081984,0.19999999999999996
"[8215, 7439, 6274, 5977, 3227, 2250, 2126, 2102, 2054, 1894, 1873, 1697, 1694, 1687, 1582, 1547, 1456, 1332, 1296, 1277, 1231, 1199, 1184, 1128, 1098, 1092, 1068, 851, 824, 806, 734, 691, 627, 624, 614, 600, 596, 590, 582, 553, 529, 318, 294, 290, 231, 201, 200, 173, 165, 162, 144, 141, 138, 132, 87, 86, 78, 76, 73, 64, 62, 59, 54, 40, 38, 36, 35, 32, 31, 30, 28, 26, 25, 24]",0.0320317203056263,0.27,0.4898079814713807,0.4175632738067474,0.40966332562323315,0.0
"[8586, 6103, 6027, 3227, 3210, 2054, 1697, 1694, 1547, 1546, 1532, 1184, 920, 665, 553, 162, 144, 141, 138, 40, 38, 36, 35, 32, 31, 30, 28, 26, 25, 24, 13]",0.016862699699004398,0.7,0.4199668652953412,0.3259606089428625,0.7594448727833462,0.19999999999999996
"[8586, 8498, 8330, 8128, 8117, 8061, 8046, 7789, 7514, 7086, 6631, 6541, 6179, 6027, 5975, 5974, 5940, 5739, 5495, 5452, 5083, 5082, 4995, 4834, 4707, 4492, 4448, 4437, 4197, 4083, 3920, 3900, 3506, 3491, 3417, 3394, 3385, 3327, 3227, 3104, 3026, 2951, 2950, 2916, 2820, 2787, 2507, 2401, 2035, 2006, 1916, 1894, 1875, 1873, 1795, 1697, 1627, 1532, 1421, 1379, 1354, 1332, 1233, 1231, 1199, 935, 856, 790, 772, 734, 675, 665, 614, 590, 429, 414, 214, 208, 173, 172, 165, 163, 162, 144, 132, 97, 75]",0.027137068765918038,0.14,0.4549926191292212,0.6800150903210918,0.6941660241583141,0.0
"[8487, 8330, 8230, 7606, 6981, 6978, 6967, 6920, 6802, 6541, 6465, 6362, 6195, 6060, 5977, 5452, 4936, 4488, 4485, 4484, 4483, 3900, 3117, 2776, 2745, 2709, 2316, 2072, 1904, 1894, 1875, 1873, 1712, 1582, 1456, 1443, 1296, 1277, 1231, 1128, 925, 920, 904, 851, 816, 806, 734, 627, 624, 614, 600, 596, 564, 553, 442, 429, 392, 294, 231, 173, 172, 165, 162, 87, 86, 54, 40, 38, 35, 32, 31, 30, 28, 26, 25]",0.030105348460291736,0.26,0.43104614738740077,0.488725681607059,0.5525571832433822,0.19999999999999996
"[8586, 8574, 8302, 8237, 8128, 8061, 8046, 7514, 7383, 7122, 7107, 7101, 7095, 7072, 6802, 6706, 6631, 6579, 6535, 6362, 6027, 6013, 5873, 5639, 5495, 5452, 5328, 5083, 5078, 4995, 4991, 4707, 4451, 4448, 4381, 4264, 4197, 4072, 4071, 4028, 3454, 3270, 3037, 3026, 2972, 2950, 2916, 2820, 2796, 2787, 2709, 2507, 2479, 2401, 2226, 2019, 1953, 1894, 1712, 1697, 1672, 1627, 1585, 1532, 1454, 1450, 1421, 1379, 1231, 1188, 902, 856, 772, 614, 600, 596, 590, 583, 495, 446, 442, 433, 385, 343, 231, 229, 214, 209, 208, 97, 87, 86, 75, 70]",0.026095160916878905,0.07,0.4967623588274992,0.6990908961455131,0.7247494217424826,0.19999999999999996
"[4600, 4094, 3409, 1694, 1687, 1582, 1547, 1546, 1199, 1184, 1098, 1068, 1002, 790, 665, 627, 624, 600, 564, 553, 529, 165, 162, 155, 144, 141, 138, 86, 76, 64, 59, 54, 40, 38, 36, 35, 32, 31, 30, 28, 26, 25, 24]",0.02221810604306552,0.58,0.446702841861253,0.34834528397976083,0.6512464662040607,0.19999999999999996
"[8586, 8498, 8487, 7107, 7101, 7095, 7072, 6579, 6027, 5078, 4995, 4071, 4028, 3506, 3037, 2983, 2972, 2950, 2820, 2479, 2019, 1953, 1797, 1795, 1712, 1532, 1454, 1450, 1421, 1307, 1229, 816, 772, 495, 446, 442, 433, 267]",0.009138689511460987,0.63,0.3879858831166004,0.5088005441693821,0.9141608840914932,0.19999999999999996
"[8330, 8128, 8117, 8104, 7145, 7086, 6631, 6541, 6365, 6274, 5624, 5164, 5083, 4819, 4083, 3804, 3506, 3026, 2983, 2951, 2035, 2006, 1532, 1166, 1094, 1092, 1068, 1022, 1002, 962, 935, 614, 600, 590, 564, 414, 165, 87, 86, 76, 73, 64, 62, 59, 54, 1]",0.017448483445241955,0.55,0.4234916230050336,0.49912258554146083,0.7892572603443845,0.19999999999999996
"[8117, 8051, 7654, 7526, 7514, 7219, 6780, 6236, 6097, 5731, 5639, 5634, 5229, 4995, 4297, 4199, 4072, 3204, 3089, 3056, 2951, 2796, 2751, 2661, 2250, 2148, 2142, 2126, 2028, 1627, 1277, 1128, 1098, 920, 734, 627, 624, 614, 600, 596, 590, 582, 474, 231, 225, 201, 200, 147, 87, 86, 76, 73, 26, 24, 13]",0.021192405649455893,0.46,0.44381955344133994,0.43961272948123,0.7340015420200463,0.19999999999999996
"[7514, 6274, 5704, 5567, 4990, 4448, 3417, 2204, 2126, 1627, 1582, 1379, 1128, 1098, 1094, 1092, 627, 624, 614, 600, 596, 590, 582, 564, 343, 162, 132, 87, 86, 76, 75, 73, 62, 59, 54]",0.017287566566334803,0.66,0.42079362679728016,0.38473572178155335,0.7602158828064765,0.19999999999999996
"[8586, 8330, 8128, 7789, 7362, 7107, 6179, 6027, 5974, 5739, 5483, 4995, 4834, 4707, 4483, 4197, 2908, 2820, 2787, 2507, 2006, 1916, 1795, 1627, 1421, 1354, 772, 675, 590, 446, 132, 97, 75, 71]",0.010835841630006945,0.67,0.33618378764653467,0.4967928820810361,0.9013107170393215,0.19999999999999996
"[6774, 6133, 5499, 4990, 4725, 4497]",0.002161379949062283,0.95,0.16978779399964306,0.25830363927005917,0.9850938062194808,0.4
"[8469, 8237, 6706, 6362, 5639, 5624, 4497, 4487, 4485, 4477, 4475, 4473, 4469, 4443, 3323, 3227, 2776, 2132, 1941, 1907, 1904, 1873, 1872, 1821, 1697, 1585, 1443, 1404, 1332, 1231, 1068, 906, 880, 600, 553, 529, 458, 442, 407, 386, 359, 318, 294, 222, 220, 209, 162, 141, 87, 86, 38, 36, 35, 32, 31, 30, 26, 25, 14]",0.026847649918962723,0.42,0.41251563209584885,0.3547607818889773,0.574402467232074,0.19999999999999996
"[8586, 8467, 8464, 8234, 8128, 8061, 8046, 7654, 7558, 7541, 7514, 7403, 7145, 6981, 6976, 6647, 6631, 6097, 6027, 5975, 5974, 5639, 5634, 5548, 5495, 5452, 5229, 5083, 5070, 4995, 4991, 4936, 4485, 4484, 4483, 4474, 4448, 4437, 4083, 4072, 3920, 3536, 3506, 3417, 3227, 3204, 3056, 3026, 2983, 2951, 2950, 2916, 2878, 2507, 2506, 2401, 2035, 2006, 1916, 1875, 1873, 1790, 1697, 1694, 1687, 1532, 1514, 1354, 1305, 1296, 1231, 1184, 1072, 856, 808, 734, 665, 392, 343, 290, 283, 240, 231, 219, 209, 201, 173, 172, 165, 162, 144]",0.027789997684649227,0.1,0.38608449555450364,0.579789758212712,0.6854279105628374,0.19999999999999996
"[8586, 8128, 8117, 8061, 8046, 7514, 7086, 6631, 6541, 6274, 6027, 5975, 5974, 5634, 5495, 5452, 5083, 4492, 4483, 4448, 4437, 4083, 3920, 3900, 3506, 3491, 3417, 3394, 3227, 3026, 2983, 2951, 2950, 2916, 2401, 2102, 2035, 2006, 1916, 1894, 1875, 1873, 1697, 1582, 1547, 1532, 1379, 1332, 1231, 1199, 1092, 1068, 935, 856, 790, 582, 564, 553, 529, 429, 414, 173, 172, 165, 163, 162, 144, 141, 138, 132, 86, 64, 62, 59, 54, 40, 38, 36, 35, 32, 31, 30, 28, 26, 25, 24]",0.03200277842093077,0.15,0.45751677568044513,0.604470969006589,0.5417630429195579,0.0
"[8330, 8128, 7145, 6631, 5639, 4600, 4475, 4469, 4468, 4083, 3026, 2951, 2018, 1907, 1166, 1002, 458]",0.006427413753183607,0.84,0.2377716401533131,0.3530518020886593,0.938319198149576,0.19999999999999996
"[8586, 8498, 8302, 8128, 8061, 8046, 7789, 7654, 7514, 7145, 7107, 7101, 6981, 6977, 6967, 6647, 6631, 6536, 6362, 6179, 6056, 6027, 5974, 5940, 5739, 5704, 5634, 5495, 5452, 5083, 4991, 4936, 4834, 4483, 4448, 4197, 4083, 4072, 3900, 3752, 3506, 3417, 3026, 2916, 2908, 2878, 2796, 2787, 2745, 2507, 2506, 2401, 2287, 2035, 2006, 1953, 1916, 1894, 1712, 1627, 1514, 1379, 1354, 1330, 1022, 991, 856, 816, 627, 624, 590, 529, 446, 413, 385, 343, 231, 229, 214, 201, 162, 97, 75, 71, 15]",0.02348923361889326,0.16,0.42444086079290677,0.6544609563042494,0.7751220765869956,0.19999999999999996
"[6274, 4304, 3227, 2250, 2126, 2102, 1904, 1873, 1697, 1694, 1582, 1547, 1546, 1332, 1231, 1199, 1184, 1098, 1094, 1092, 1068, 880, 790, 665, 596, 590, 582, 564, 553, 529, 349, 201, 200, 173, 172, 165, 162, 144, 141, 138, 132, 87, 86, 76, 73, 64, 62, 59, 54, 40, 38, 36, 35, 32, 31, 28, 26, 25, 24, 1]",0.028187080342671915,0.41,0.4708450973378634,0.38496118937856494,0.4908763813929581,0.19999999999999996
"[8330, 7145, 6631, 6274, 5164, 4819, 4083, 3854, 3804, 3026, 2951, 2102, 2035, 1582, 1166, 1092, 1068, 1002, 564, 553, 62, 59, 54, 40, 36, 1]",0.011689048390831212,0.75,0.3800642697870792,0.38933770967644854,0.8676432793626317,0.19999999999999996
"[8586, 8498, 8487, 8441, 8427, 7916, 7155, 6967, 6920, 4995, 4174, 3900, 3327, 3323, 2950, 2820, 2796, 2316, 2250, 2126, 2102, 1873, 1797, 1795, 1582, 1555, 1546, 1307, 1277, 1274, 1199, 1128, 1098, 1094, 1092, 1068, 1022, 816, 776, 772, 734, 627, 624, 614, 600, 596, 582, 564, 553, 529, 231, 229, 222, 200, 162, 155, 86, 78, 76, 73, 64, 59, 40, 21]",0.025023153507756427,0.37,0.46421964440600894,0.5217634601005202,0.6566435363659728,0.19999999999999996
"[8586, 8117, 7677, 7654, 7526, 7514, 6780, 6236, 6027, 5977, 5731, 5639, 5229, 4297, 4199, 4072, 3210, 2796, 2751, 2661, 2250, 2148, 2142, 2126, 2102, 2054, 2028, 1904, 1894, 1873, 1627, 1547, 1546, 1514, 1456, 1277, 1231, 1128, 1098, 1092, 920, 851, 824, 806, 734, 627, 624, 614, 600, 596, 590, 582, 474, 318, 294, 231, 225, 201, 200, 144, 141, 138, 87, 86, 78, 76, 73, 64, 62, 59, 26, 24, 13]",0.028565640194489466,0.28,0.48422832715547126,0.4734273689601206,0.5808275507581598,0.19999999999999996
"[7820, 6274, 4483]",0.0016971521185459597,0.98,0.14334954053700544,0.20573515872580894,0.9907478797224364,0.4
"[8586, 8498, 8487, 8441, 8427, 8128, 8061, 8046, 7916, 7831, 7654, 7514, 6981, 6976, 6967, 6920, 6631, 6362, 6274, 6027, 5975, 5974, 5495, 5452, 5083, 5070, 4995, 4936, 4834, 4448, 4437, 4072, 3920, 3900, 3506, 3417, 3327, 3287, 3026, 2983, 2950, 2878, 2820, 2796, 2787, 2783, 2776, 2745, 2507, 2506, 2401, 2316, 2054, 2006, 1916, 1894, 1875, 1873, 1797, 1795, 1717, 1712, 1547, 1546, 1379, 1354, 1307, 1274, 856, 816, 790, 776, 772, 590, 529, 343, 229, 214, 208, 144, 141, 138, 132]",0.021100949293818016,0.18,0.4616058689944357,0.6693968731708728,0.7956823438704703,0.19999999999999996
"[8586, 8488, 8479, 8427, 8237, 8128, 8117, 8104, 8061, 8046, 7916, 7514, 7086, 6967, 6920, 6802, 6706, 6362, 6027, 5975, 5974, 5639, 5537, 5495, 5452, 5397, 5328, 5127, 5083, 4834, 4707, 4648, 4492, 4448, 4437, 4264, 3920, 3900, 3506, 3491, 3417, 3394, 3327, 3270, 3026, 2983, 2951, 2949, 2916, 2820, 2796, 2787, 2709, 2401, 2316, 2035, 2006, 1894, 1875, 1873, 1712, 1697, 1672, 1585, 1532, 1379, 1319, 1274, 1231, 1188, 935, 856, 816, 772, 734, 600, 583, 414, 291, 229, 222, 220, 214, 209, 208, 87, 86, 70]",0.024320444547348923,0.13,0.4424271161851441,0.7176169210453013,0.7630429195579542,0.0
"[8405, 3754, 3227, 2250, 1904, 1873, 1697, 1694, 1332, 1231, 1199, 1184, 880, 790, 665, 201, 200, 173, 172, 165, 162]",0.012040981708728873,0.8,0.3997432716533532,0.33528602927072015,0.8383448984836803,0.19999999999999996
"[8467, 8464, 8234, 8046, 7514, 7403, 6981, 6976, 5975, 5974, 5639, 5634, 5452, 5229, 4995, 4936, 4485, 4484, 4483, 4448, 4437, 3920, 3417, 3227, 3204, 2916, 2878, 2401, 1875, 1873, 1790, 1697, 1694, 1687, 1354, 1305, 1296, 1231, 1184, 856, 808, 734, 665, 343, 290, 283, 240, 231, 219, 209, 201, 173, 172, 165, 144]",0.021436675156286177,0.46,0.36301689136292137,0.46496576543036827,0.7494217424826523,0.19999999999999996
"[6523, 6274, 5704, 2126, 2102, 1582, 1128, 1098, 1094, 1092, 1068, 734, 624, 614, 600, 596, 590, 582, 564, 553, 87, 86, 76, 75, 73, 64, 62, 59, 54, 40, 38, 36, 35, 26]",0.019137531836073165,0.67,0.4268184552190284,0.32726134812093977,0.7080442045746596,0.19999999999999996
"[6274, 4304, 2126, 2102, 1582, 1547, 1546, 1424, 1098, 1094, 1092, 1068, 596, 590, 564, 553, 529, 349, 144, 141, 138, 132, 87, 86, 76, 73, 64, 62, 59, 54, 40, 38, 36, 35, 32, 31, 28, 26, 25, 24, 1]",0.021489928224125956,0.6,0.4456211552873267,0.3477246076058015,0.6535594962734516,0.0
"[8586, 8436, 8302, 8237, 8128, 7789, 7654, 7514, 7383, 6802, 6631, 6362, 6027, 5739, 5639, 5452, 5328, 5083, 4707, 4448, 4381, 4264, 4197, 4072, 3270, 3026, 2950, 2916, 2820, 2796, 2787, 2709, 2507, 2401, 2226, 1712, 1697, 1672, 1627, 1585, 1231, 1188, 1128, 856, 772, 614, 600, 596, 590, 583, 343, 231, 229, 214, 209, 208, 97, 87, 86, 75, 70]",0.018608474183838854,0.4,0.44076723147185337,0.5958840256229271,0.8003084040092521,0.19999999999999996
"[8487, 8441, 8215, 8046, 7514, 7439, 6981, 6967, 6920, 6362, 5632, 5452, 4991, 4936, 4448, 4351, 3900, 3417, 3227, 3117, 2878, 2796, 2776, 2745, 2401, 2316, 2250, 2126, 2102, 1873, 1697, 1687, 1582, 1547, 1443, 1442, 1332, 1307, 1296, 1274, 1231, 1199, 1184, 1128, 1092, 1068, 1022, 920, 856, 851, 824, 816, 806, 734, 614, 600, 596, 590, 588, 582, 529, 442, 429, 392, 318, 294, 290, 283, 231, 201, 200, 173, 165, 162, 144, 141, 138, 87, 86, 78, 76, 73, 64, 62, 59, 54, 40, 38, 36, 35, 32, 31, 30, 28, 26, 25, 24]",0.03607200740912248,0.04,0.5042013007033523,0.5322335810874095,0.3718838344898484,0.19999999999999996
"[8487, 8441, 8215, 7439, 6967, 6920, 6362, 4991, 4488, 4487, 4485, 4484, 4483, 4482, 4481, 4480, 4351, 3900, 3227, 3117, 2878, 2796, 2776, 2745, 2316, 2250, 2126, 2102, 1873, 1697, 1687, 1582, 1547, 1443, 1442, 1414, 1332, 1307, 1296, 1274, 1231, 1199, 1184, 1128, 1098, 1092, 1068, 1022, 920, 904, 851, 824, 816, 806, 790, 734, 614, 600, 596, 590, 588, 582, 529, 442, 429, 392, 318, 294, 290, 283, 231, 201, 200, 173, 165, 162, 151, 141, 138, 87, 86, 78, 76, 73, 64, 62, 59, 54, 40, 38, 36, 35, 32, 31, 30, 28, 26, 25, 24]",0.03868025005788377,0.02,0.4678025184008904,0.4676184122323147,0.29426882549473143,0.19999999999999996
"[8467, 8465, 8464, 8456, 8117, 5624, 5227, 4991, 4497, 4492, 4487, 4485, 4477, 4476, 4475, 4469, 3227, 2126, 2102, 2074, 2018, 1941, 1916, 1907, 1904, 1873, 1872, 1790, 1697, 1694, 1687, 1499, 1404, 1332, 1305, 1296, 1231, 1184, 1128, 1098, 1094, 1092, 1068, 920, 906, 880, 817, 808, 736, 734, 665, 627, 624, 614, 600, 596, 590, 564, 458, 442, 407, 386, 359, 318, 310, 290, 283, 240, 231, 219, 209, 201, 173, 172, 165, 162, 144, 141, 138, 87, 86, 76, 73, 64, 62, 59, 54, 38, 36, 35, 32, 31, 30, 28]",0.03890483908312109,0.07,0.44575763826743287,0.37273230974242966,0.27345155487021333,0.19999999999999996
"[8586, 8498, 8487, 8441, 8427, 8251, 8128, 8061, 8046, 7916, 7654, 7514, 6981, 6976, 6967, 6920, 6631, 6541, 6027, 5975, 5974, 5495, 5452, 5083, 5070, 4995, 4936, 4492, 4448, 4437, 4083, 4072, 3920, 3900, 3536, 3506, 3491, 3417, 3394, 3327, 3323, 3026, 2983, 2951, 2950, 2916, 2878, 2820, 2796, 2507, 2506, 2401, 2316, 2035, 2018, 2006, 1916, 1894, 1875, 1873, 1797, 1795, 1555, 1546, 1532, 1379, 1354, 1332, 1307, 1274, 1231, 1199, 935, 856, 816, 790, 776, 772, 734, 529, 429, 414, 343, 229, 222, 155, 21]",0.022460060199120165,0.14,0.4416536645574063,0.6785808444832234,0.7769210999742997,0.19999999999999996
"[8498, 8441, 8427, 8128, 8061, 8046, 7916, 7514, 6981, 6976, 6967, 6920, 6362, 6274, 5975, 5974, 5495, 5452, 4936, 4834, 4448, 4437, 3920, 3900, 3506, 3417, 3327, 3287, 2983, 2878, 2820, 2796, 2787, 2783, 2776, 2745, 2506, 2401, 2316, 2054, 1916, 1894, 1875, 1873, 1797, 1795, 1717, 1712, 1547, 1546, 1379, 1354, 1307, 1274, 856, 816, 790, 776, 772, 590, 529, 343, 229, 214, 208, 144, 141, 138, 132]",0.018279694373697617,0.32,0.4467324489238169,0.6101208166294501,0.8152145977897712,0.19999999999999996
"[5639, 5624, 5030, 4306, 4180, 614, 600, 590, 87, 86, 76, 73]",0.006378791386895115,0.89,0.3297554032426915,0.3019200052328529,0.9277820611667952,0.19999999999999996
"[7122, 7107, 7101, 7095, 5077, 4071, 4028, 3037, 2054, 2028, 2019, 1547, 1546, 529, 495, 446, 442, 26, 25, 24]",0.008326001389210465,0.81,0.34822090463413813,0.3943598735709335,0.9067077872012336,0.19999999999999996
"[8376, 8291, 8178, 7924, 7789, 7654, 7526, 7514, 7347, 7278, 7145, 6848, 6780, 6774, 6715, 6687, 6647, 6631, 6309, 6236, 6143, 6133, 6097, 5947, 5739, 5731, 5704, 5684, 5639, 5634, 5495, 5460, 5444, 5229, 5083, 5070, 4995, 4990, 4806, 4725, 4600, 4199, 4083, 4072, 4038, 3950, 3536, 3417, 3402, 3204, 3056, 3026, 2951, 2796, 2661, 2507, 2239, 2159, 2148, 2142, 2035, 2018, 2006, 1905, 1836, 1627, 1532, 1514, 738, 474, 225]",0.013013429034498727,0.3,0.3761267351760502,0.580006835690779,0.8982266769468004,0.19999999999999996
"[8586, 8498, 8487, 8441, 8330, 8128, 8117, 8061, 7789, 7654, 7145, 6920, 6631, 6536, 6362, 6179, 6027, 5974, 5940, 5739, 5082, 5070, 4995, 4991, 4834, 4707, 4487, 4485, 4484, 4483, 4482, 4481, 4351, 4197, 4083, 4072, 3327, 3117, 3104, 3026, 2983, 2950, 2916, 2820, 2796, 2787, 2783, 2776, 2537, 2507, 2316, 2035, 2006, 1916, 1795, 1627, 1514, 1450, 1443, 1421, 1414, 1354, 1307, 1274, 1233, 1128, 1022, 920, 904, 790, 772, 734, 675, 614, 600, 590, 442, 429, 392, 231, 214, 208, 132, 97, 75]",0.026205140078721927,0.16,0.415770906598794,0.584471271679005,0.6985350809560524,0.19999999999999996
"[6774, 5502, 4995, 4990, 4725, 2820]",0.0010025468858532068,0.95,0.153634068752054,0.27185491923585814,0.9907478797224364,0.8
"[6274, 4478, 4304, 3574, 2250, 2126, 2102, 2054, 1873, 1697, 1694, 1687, 1582, 1547, 1546, 1456, 1332, 1277, 1231, 1199, 1184, 1098, 1094, 1092, 1068, 880, 851, 824, 806, 790, 665, 627, 596, 590, 582, 564, 553, 529, 429, 392, 370, 318, 231, 201, 200, 173, 172, 165, 163, 162, 144, 141, 138, 132, 86, 76, 73, 64, 62, 59, 54, 40, 38, 36, 35, 32, 31, 30, 28, 26, 25, 24]",0.03275179439685113,0.29,0.46909032201976675,0.4119628860268929,0.3952711385248008,0.19999999999999996
"[5770, 8]",0.001312803889789303,0.99,0.19469286608405012,0.18906484663768153,0.9858648162426111,0.6
"[8405, 8330, 7929, 7122, 7107, 7101, 7095, 6677, 6579, 5078, 4492, 4071, 4028, 2479, 2028, 2019, 495, 446, 442, 433]",0.006464459365593888,0.81,0.2661422483982002,0.402883510716429,0.9450012850167052,0.19999999999999996
"[8046, 7514, 6981, 6976, 6274, 5452, 4936, 4478, 4469, 4448, 3417, 3227, 2401, 2250, 2126, 2102, 2054, 1907, 1904, 1875, 1873, 1697, 1694, 1687, 1582, 1547, 1546, 1443, 1404, 1379, 1332, 1305, 1296, 1277, 1231, 1199, 1184, 1128, 1098, 1094, 1092, 1068, 1022, 920, 880, 856, 851, 824, 806, 734, 665, 627, 624, 614, 600, 596, 590, 582, 564, 553, 529, 442, 429, 392, 370, 318, 294, 290, 283, 231, 219, 201, 200, 173, 172, 165, 162, 144, 141, 138, 132, 87, 86, 76, 73, 64, 62, 59, 54, 40, 38, 36, 35, 32, 31, 30, 28, 26, 25, 24]",0.04028015744385274,0.01,0.4747239631618754,0.4445352916409874,0.22230789000257,0.19999999999999996
"[8302, 8128, 8046, 7789, 7654, 7383, 6706, 6647, 6362, 5739, 5452, 5328, 4991, 4707, 4448, 4197, 4072, 3270, 3026, 2917, 2796, 2787, 2507, 2401, 2287, 2226, 2102, 2074, 1916, 1712, 1697, 1627, 1585, 1556, 1555, 1231, 1128, 1068, 1022, 856, 627, 624, 614, 600, 596, 590, 583, 564, 553, 343, 231, 229, 214, 209, 208, 97, 87, 86, 75, 70, 54, 38, 36, 35, 32, 31, 30, 28, 15]",0.02576406575596203,0.32,0.45797244636511425,0.5512851251948057,0.6435363659727577,0.19999999999999996
"[8586, 8498, 8330, 8302, 8128, 8061, 8046, 7789, 7654, 7514, 7383, 7145, 6981, 6977, 6647, 6631, 6536, 6362, 6056, 6027, 5816, 5739, 5495, 5452, 5083, 4991, 4936, 4707, 4448, 4381, 4197, 4083, 4072, 3488, 3417, 3104, 3026, 2950, 2916, 2878, 2820, 2796, 2787, 2507, 2401, 2287, 2035, 2006, 1916, 1894, 1712, 1627, 1547, 1546, 1514, 1354, 1128, 1022, 991, 856, 772, 627, 624, 614, 600, 596, 590, 413, 385, 343, 231, 229, 214, 141, 138, 132, 97, 87, 86, 75, 13]",0.02353206760824265,0.2,0.467352371182048,0.662175453811882,0.7440246723207402,0.0
"[5948, 8]",0.001630006946052327,0.99,0.20506590748212516,0.19254596717740435,0.9866358262657414,0.4
"[8586, 8330, 8128, 8117, 8104, 7145, 7086, 6631, 6541, 6365, 6274, 6027, 5975, 5164, 5083, 4819, 4478, 4469, 4304, 4083, 3804, 3506, 3026, 2983, 2951, 2250, 2126, 2102, 2035, 2006, 1907, 1873, 1694, 1687, 1532, 1443, 1404, 1332, 1231, 1199, 1184, 1166, 1098, 1094, 1092, 1068, 1022, 1002, 962, 935, 920, 880, 851, 824, 806, 600, 596, 590, 582, 564, 429, 414, 399, 392, 370, 318, 231, 201, 200, 173, 165, 87, 86, 76, 73, 70, 64, 62, 59, 54, 1]",0.0322817781893957,0.2,0.4546193566118668,0.5407247984762524,0.5230017990233873,0.0
"[8330, 7145, 6631, 6274, 4083, 3804, 2951, 2880, 1404, 1302, 1128, 1022, 1002, 627, 624, 614, 600, 590, 231, 87, 86, 76, 1]",0.010775642509840241,0.78,0.3804861103470206,0.39838201760977043,0.8699563094320226,0.19999999999999996
"[8498, 8487, 8441, 8427, 7916, 7122, 7101, 7095, 7072, 6967, 6920, 6579, 6535, 6274, 5078, 4995, 4991, 4071, 4028, 3900, 3353, 3327, 3323, 3227, 3037, 2972, 2878, 2820, 2796, 2479, 2316, 2250, 2126, 2019, 1953, 1873, 1797, 1795, 1697, 1694, 1687, 1555, 1546, 1532, 1454, 1450, 1421, 1307, 1296, 1277, 1274, 1231, 1199, 1184, 1128, 1098, 902, 816, 776, 772, 734, 665, 627, 624, 614, 600, 596, 590, 529, 495, 446, 442, 433, 385, 229, 222, 219, 201, 200, 173, 172, 165, 162, 155, 144, 141, 138, 132, 87, 86, 76, 21]",0.03099907385968974,0.09,0.49957417216447697,0.5540646214281499,0.5523001799023387,0.19999999999999996
"[8586, 6027, 5639, 5624, 4381, 3227, 3210, 2054, 1547, 1546, 920, 665, 144, 141, 138, 28, 26, 13]",0.009009029868025004,0.83,0.35319533889853827,0.28761062437029206,0.8933436134669751,0.19999999999999996
"[8469, 8237, 7514, 6706, 6362, 5639, 5624, 5030, 4497, 4477, 4475, 4469, 4448, 4443, 4306, 3323, 3227, 2955, 2776, 2132, 1941, 1907, 1904, 1873, 1872, 1821, 1697, 1585, 1443, 1404, 1332, 1231, 1068, 880, 600, 553, 529, 458, 442, 407, 359, 318, 294, 222, 220, 209, 162, 87, 86, 38, 36, 35, 32, 31, 30, 26, 25]",0.025583468395461915,0.44,0.40953304244054123,0.40180275273936394,0.6337702390131073,0.0
"[8061, 8046, 7514, 6536, 6439, 6274, 5916, 5704, 5495, 5070, 4995, 4990, 4480, 4478, 4469, 4448, 3417, 3227, 2950, 2250, 2126, 1907, 1904, 1894, 1873, 1712, 1697, 1694, 1687, 1680, 1627, 1450, 1443, 1404, 1379, 1332, 1305, 1296, 1277, 1231, 1199, 1184, 1128, 1098, 1094, 1092, 920, 880, 851, 824, 806, 790, 734, 665, 627, 624, 614, 600, 596, 590, 582, 385, 343, 318, 294, 290, 283, 219, 201, 200, 173, 172, 165, 162, 144, 141, 138, 87, 86, 76, 75, 73, 64, 62, 59]",0.03466311646214402,0.16,0.4522927784611026,0.4979712775580526,0.4348496530454896,0.0
"[8215, 7654, 7439, 6631, 5632, 5083, 4995, 4072, 3227, 2950, 2250, 2126, 2102, 2006, 1873, 1730, 1697, 1687, 1582, 1547, 1443, 1442, 1332, 1296, 1231, 1199, 1184, 1092, 1068, 920, 851, 824, 806, 734, 614, 600, 596, 590, 588, 582, 529, 442, 429, 392, 318, 294, 290, 283, 231, 201, 200, 173, 165, 162, 144, 141, 138, 87, 86, 78, 76, 73, 64, 62, 59, 54, 40, 38, 36, 35, 32, 31, 30, 28, 26, 25]",0.03279578606158833,0.25,0.4900913648372004,0.4730275689454605,0.4148033924441018,0.19999999999999996
"[6274, 4488, 4483, 2054, 1547, 1546, 1443, 1404, 1022, 904, 790, 614, 529, 442, 429, 392, 87, 36, 35, 32, 31, 30, 28, 26, 25, 24]",0.015869414216253763,0.75,0.3525843421310991,0.32789919315464744,0.7941403238242097,0.19999999999999996
"[6274, 5704, 3227, 2250, 2126, 2102, 1712, 1697, 1694, 1687, 1680, 1582, 1231, 1199, 1184, 1128, 1098, 1094, 1092, 1068, 734, 627, 624, 614, 600, 596, 590, 582, 564, 553, 209, 201, 200, 173, 172, 165, 162, 144, 141, 138, 132, 87, 86, 76, 75, 73, 64, 62, 59, 54, 40, 38, 36, 35, 26]",0.02638457976383422,0.46,0.4636636381511836,0.3638346767363272,0.5386790028270367,0.19999999999999996
"[8586, 8498, 8487, 7107, 7101, 7095, 7072, 6579, 6027, 5639, 5624, 5078, 5030, 4071, 4028, 3506, 3152, 3037, 2983, 2972, 2479, 2019, 1953, 1712, 1454, 1450, 1421, 1307, 1229, 816, 614, 495, 446, 442, 433, 267, 76, 73]",0.010651771243343367,0.63,0.3816578180754199,0.46567239587622944,0.9007967103572346,0.19999999999999996
"[6439, 6274, 5916, 5070, 4480, 4478, 4469, 3227, 2250, 2126, 2102, 2054, 1907, 1904, 1873, 1712, 1697, 1694, 1687, 1582, 1547, 1546, 1450, 1443, 1404, 1349, 1332, 1305, 1296, 1277, 1231, 1199, 1184, 1098, 1094, 1092, 1068, 880, 851, 824, 806, 790, 734, 665, 614, 600, 596, 590, 582, 564, 553, 529, 429, 318, 294, 290, 283, 231, 219, 201, 200, 173, 172, 165, 162, 144, 141, 138, 132, 86, 78, 76, 73, 64, 59, 54, 40, 38, 36, 35, 32, 31, 30, 28, 26, 25, 24]",0.037626765454966425,0.14,0.4599042340950159,0.4371689999881787,0.305319969159599,0.19999999999999996
"[8467, 8465, 8464, 8456, 7123, 5624, 5227, 4497, 4487, 4485, 4477, 4476, 4475, 4469, 3227, 2126, 2102, 1941, 1907, 1904, 1873, 1872, 1790, 1697, 1694, 1687, 1582, 1556, 1555, 1553, 1404, 1332, 1305, 1296, 1231, 1184, 1128, 1098, 1094, 1092, 1068, 1037, 1026, 906, 880, 817, 808, 736, 734, 665, 627, 624, 614, 600, 596, 590, 564, 553, 529, 458, 442, 407, 386, 359, 318, 290, 283, 240, 231, 219, 209, 201, 173, 172, 165, 162, 144, 138, 87, 86, 76, 73, 64, 62, 59, 40, 36, 35, 32, 31, 30, 28, 25, 22, 15, 13]",0.03951956471405418,0.05,0.43930260753509476,0.36749035768037897,0.25006425083526085,0.19999999999999996
"[8586, 8441, 8427, 8315, 8302, 8128, 8117, 8104, 7916, 7789, 7145, 7086, 6920, 6631, 6541, 6365, 6362, 6027, 5975, 5739, 5704, 5083, 4834, 4478, 4469, 4197, 4083, 3804, 3506, 3327, 3287, 2983, 2951, 2820, 2796, 2787, 2783, 2776, 2745, 2316, 2035, 2006, 1907, 1873, 1797, 1795, 1712, 1627, 1532, 1443, 1404, 1332, 1307, 1274, 1022, 1002, 962, 935, 920, 880, 851, 824, 806, 776, 772, 614, 590, 429, 414, 399, 392, 370, 318, 231, 229, 214, 208, 97, 75, 70]",0.02568997453114147,0.21,0.42637575488781243,0.6264003937943396,0.7160113081470059,0.0
"[7606, 5977, 5164, 2144, 2126, 2102, 1695, 1582, 1547, 1450, 1420, 1305, 1128, 1098, 1094, 1092, 1068, 824, 806, 734, 627, 624, 614, 600, 596, 590, 564, 553, 529, 283, 265, 219, 208, 87, 86, 76, 73, 64, 62, 59, 54, 40, 38, 36, 35, 32, 31, 30, 26, 25, 24, 1]",0.02560893725399398,0.49,0.43084612049001514,0.3812058763173908,0.5867386276021589,0.0
"[8487, 8441, 8215, 7439, 6981, 6967, 6920, 6362, 5632, 4991, 4936, 4351, 3900, 3227, 3198, 3117, 2878, 2796, 2776, 2745, 2316, 2126, 2102, 1873, 1697, 1687, 1582, 1547, 1443, 1442, 1332, 1307, 1296, 1274, 1231, 1199, 1184, 1128, 1092, 1068, 1022, 920, 851, 824, 816, 806, 734, 614, 600, 596, 590, 588, 582, 529, 442, 429, 392, 318, 294, 290, 283, 231, 201, 200, 173, 165, 162, 144, 141, 138, 87, 86, 78, 76, 73, 64, 62, 59, 54, 40, 38, 36, 35, 32, 31, 30, 28, 26, 25, 24]",0.03508798332947441,0.11,0.5077620312319406,0.5224859917862441,0.3857620149061938,0.0
"[6274, 4304, 3227, 2126, 2102, 1697, 1582, 1547, 1546, 1098, 1092, 1068, 880, 790, 665, 596, 590, 582, 564, 553, 529, 349, 162, 144, 141, 138, 132, 87, 86, 76, 73, 64, 62, 59, 54, 40, 38, 36, 35, 32, 31, 28, 26, 25, 24, 1]",0.023124565871729567,0.55,0.4539948978569086,0.36539697798034454,0.6175790285273708,0.19999999999999996
"[8586, 8498, 8453, 8330, 8302, 8128, 8061, 8046, 7789, 7654, 7514, 7383, 7145, 6981, 6977, 6647, 6631, 6536, 6274, 6056, 6027, 5816, 5739, 5495, 5452, 5083, 4995, 4991, 4936, 4707, 4448, 4381, 4197, 4083, 4072, 3488, 3417, 3104, 3026, 2916, 2878, 2796, 2787, 2507, 2401, 2287, 2035, 2006, 1916, 1894, 1712, 1627, 1546, 1514, 1385, 1354, 1128, 1022, 991, 856, 627, 624, 614, 600, 596, 590, 413, 386, 385, 343, 231, 229, 214, 141, 138, 132, 97, 87, 86, 75, 15, 13]",0.025441074322759896,0.19,0.4370564785857515,0.6409498078812541,0.7149832947828322,0.19999999999999996
"[8330, 4995, 4492, 2017]",0.002439222042139384,0.97,0.18566165825048064,0.23168691414446363,0.9835517861732203,0.19999999999999996
"[6274, 4991, 4478, 4469, 4381, 3227, 2250, 2126, 2102, 2054, 1907, 1904, 1873, 1713, 1712, 1694, 1680, 1582, 1547, 1546, 1404, 1332, 1231, 1199, 1098, 1094, 1092, 1068, 1022, 880, 790, 665, 596, 590, 582, 564, 553, 529, 527, 429, 231, 219, 201, 200, 173, 172, 165, 163, 162, 144, 141, 138, 132, 86, 76, 73, 64, 62, 59, 54, 40, 38, 36, 35, 32, 31, 30, 28, 26, 24]",0.03228640889094698,0.31,0.44642623311166485,0.37641100331516086,0.42251349267540483,0.0
"[8498, 8487, 8441, 8427, 7916, 6976, 6967, 6920, 6368, 6274, 4488, 4487, 4485, 4484, 4483, 4482, 4481, 4480, 4478, 4469, 3327, 3323, 3227, 2878, 2820, 2796, 2316, 2250, 2126, 1907, 1904, 1873, 1797, 1795, 1697, 1694, 1687, 1555, 1546, 1443, 1414, 1404, 1332, 1307, 1305, 1296, 1277, 1274, 1231, 1199, 1184, 1128, 1098, 1022, 920, 904, 880, 851, 824, 816, 806, 790, 776, 772, 734, 665, 627, 624, 614, 600, 596, 590, 529, 442, 429, 392, 370, 318, 294, 290, 283, 229, 222, 219, 201, 200, 173, 172, 165, 162, 144, 141, 138, 132, 87, 86, 76, 21]",0.037264413058578374,0.03,0.4658661398998716,0.43700277234850327,0.3495245438190696,0.0
"[8487, 8441, 8330, 8215, 8046, 7514, 6981, 6967, 6920, 6362, 5632, 5452, 4991, 4936, 4448, 4351, 3900, 3417, 3227, 3117, 2950, 2878, 2820, 2796, 2776, 2745, 2401, 2316, 2250, 2126, 2102, 1907, 1873, 1697, 1687, 1582, 1547, 1546, 1443, 1442, 1332, 1307, 1274, 1231, 1199, 1184, 1128, 1092, 1068, 1022, 920, 856, 851, 824, 816, 806, 772, 734, 614, 600, 596, 590, 588, 582, 442, 429, 392, 318, 290, 231, 201, 200, 173, 165, 162, 141, 138, 132, 86, 78, 76, 73, 64, 62, 59, 54, 40, 38, 36, 35, 32, 31, 30, 28, 26, 25, 24]",0.036386895114609866,0.04,0.5134502494475117,0.5260133405074585,0.3716268311488049,0.19999999999999996
"[8586, 8302, 8128, 7789, 7654, 7383, 6362, 6103, 6027, 5739, 5452, 4707, 4448, 4197, 4072, 3270, 3227, 3210, 3026, 2916, 2796, 2787, 2507, 2401, 2226, 2054, 1697, 1627, 1547, 1546, 1231, 1128, 920, 856, 665, 614, 600, 596, 590, 583, 343, 318, 231, 229, 214, 209, 208, 144, 141, 138, 97, 87, 86, 75, 70, 30, 28, 26, 25, 24, 13]",0.0234695531373003,0.4,0.45945948227832245,0.5137590802376005,0.6874839372911847,0.19999999999999996
"[8586, 8498, 8487, 8441, 8427, 8315, 8302, 7916, 7789, 7155, 6967, 6920, 5739, 5704, 4995, 4197, 4174, 3900, 3327, 3323, 2950, 2820, 2796, 2745, 2396, 2316, 2250, 2126, 1873, 1797, 1795, 1712, 1627, 1307, 1277, 1274, 1128, 1098, 1094, 1092, 1022, 816, 776, 772, 734, 627, 624, 614, 600, 596, 590, 582, 231, 229, 222, 208, 200, 97, 86, 78, 76, 75, 73, 64, 59]",0.023037740217642974,0.36,0.4532712569710209,0.5626179498727913,0.7113852480082241,0.0
"[8487, 8441, 8330, 8215, 8046, 7514, 7439, 6981, 6976, 6967, 6920, 6362, 5452, 4991, 4936, 4448, 4351, 3900, 3417, 3227, 3117, 2878, 2796, 2776, 2745, 2401, 2316, 2250, 2126, 2102, 1875, 1873, 1697, 1687, 1582, 1547, 1443, 1442, 1379, 1332, 1307, 1296, 1274, 1231, 1199, 1184, 1128, 1098, 1092, 1068, 1022, 920, 856, 851, 824, 816, 806, 738, 734, 614, 600, 596, 590, 588, 582, 529, 442, 429, 392, 369, 318, 290, 283, 231, 201, 200, 173, 165, 162, 144, 141, 87, 86, 78, 76, 73, 64, 62, 59, 54, 40, 38, 36, 35, 32, 31, 30, 26, 25, 24]",0.03664505672609401,0.01,0.5113964510950977,0.5340592776799218,0.3646877409406323,0.19999999999999996
"[8128, 8117, 8104, 7145, 7086, 6541, 5164, 5083, 4819, 4083, 3506, 3491, 3026, 2983, 2074, 2035, 2006, 1556, 1555, 1532, 1022, 1002, 962, 935, 545, 414, 30, 28, 15]",0.00942695068302848,0.72,0.3561909779799808,0.4458937584706515,0.9123618607041891,0.19999999999999996
"[8215, 7439, 4429, 2054, 1547, 1296, 691, 529, 144, 141, 138, 132, 25, 24]",0.007462375549895809,0.87,0.3290449284537472,0.2981577377163688,0.9149318941146235,0.19999999999999996
"[8117, 7862]",0.0002581616114841398,0.99,0.026791262214768463,0.18703587434982671,0.9994859933179131,1.0
"[7107, 7101, 7095, 7072, 6579, 6541, 5704, 5078, 4995, 4492, 4197, 4071, 4028, 3149, 3037, 2972, 2951, 2820, 2479, 2316, 2019, 1953, 1922, 1627, 1532, 1454, 1450, 1421, 966, 772, 590, 495, 446, 442, 433, 267, 97, 75]",0.011915952766844177,0.63,0.3494442011009228,0.48860587325198923,0.8817784631200205,0.19999999999999996
"[8586, 8574, 8498, 8487, 8427, 8302, 8061, 8046, 7916, 7429, 7122, 7107, 7101, 7095, 7072, 6920, 6579, 6535, 6362, 6027, 6013, 5975, 5835, 5495, 5078, 4995, 4991, 4451, 4448, 4071, 4028, 3506, 3454, 3037, 2983, 2972, 2950, 2916, 2820, 2796, 2787, 2776, 2479, 2401, 2250, 2019, 1953, 1894, 1873, 1866, 1797, 1795, 1781, 1740, 1712, 1532, 1454, 1450, 1421, 1379, 1319, 1307, 1277, 1274, 1231, 1229, 1199, 902, 816, 772, 734, 614, 495, 446, 442, 433, 385, 291, 231, 229, 222, 220, 219, 214, 209, 201, 173, 172, 165, 141, 87, 86, 2]",0.027612873350312574,0.08,0.4991674477307696,0.6550463720013759,0.6759187869442302,0.19999999999999996
"[8330, 6793, 5639, 2951]",0.0005927297985644825,0.97,0.090828908170008,0.23664455617402358,0.9966589565664353,1.0
"[8586, 8128, 7654, 7145, 6647, 6631, 6027, 5704, 5083, 5070, 4995, 4600, 4083, 4072, 3536, 3506, 3227, 2983, 2950, 2750, 2683, 2507, 2506, 2126, 2102, 2035, 2018, 2006, 1712, 1697, 1694, 1687, 1680, 1582, 1532, 1514, 1199, 1184, 1128, 1098, 1094, 1092, 1068, 734, 665, 627, 624, 614, 600, 596, 590, 582, 564, 553, 200, 184, 173, 172, 165, 144, 141, 138, 87, 86, 76, 75, 73, 64, 62, 59, 54, 40, 38, 36, 35, 32, 31, 30, 28]",0.030225746700625142,0.22,0.48493760565106625,0.525704713862646,0.5101516319712156,0.19999999999999996
"[8488, 8427, 8238, 8046, 7916, 7514, 6967, 6920, 6802, 6706, 6362, 5975, 5974, 5639, 5495, 5452, 5328, 4834, 4707, 4448, 4437, 4264, 3920, 3900, 3417, 3394, 3327, 3270, 2950, 2916, 2820, 2796, 2787, 2709, 2401, 2316, 2226, 1916, 1894, 1875, 1873, 1712, 1697, 1672, 1585, 1379, 1319, 1274, 1231, 1188, 856, 816, 772, 734, 600, 583, 291, 229, 222, 220, 214, 209, 208, 87, 86, 70]",0.019175735123871263,0.35,0.4554463116229517,0.5913234738376013,0.7985093806219481,0.19999999999999996
"[8330, 8178, 7924, 7789, 7278, 7145, 6774, 6687, 6647, 6631, 6274, 6133, 5495, 5083, 5070, 4990, 4725, 4600, 4083, 3950, 3804, 3536, 3056, 3026, 2951, 2880, 2796, 2507, 2159, 2035, 2018, 2006, 1905, 1532, 1514, 1404, 1302, 1128, 1022, 1002, 807, 627, 624, 614, 600, 590, 231, 87, 76, 1]",0.015278999768464922,0.51,0.4054835111645848,0.5506456155273499,0.8388589051657671,0.19999999999999996
"[7654, 6631, 5905, 5083, 4995, 4072, 3056, 3037, 2950, 2250, 2126, 2102, 2054, 2006, 1873, 1582, 1547, 1546, 1443, 1231, 1128, 1098, 1094, 1092, 1068, 1022, 920, 851, 806, 734, 627, 624, 614, 600, 596, 590, 582, 564, 529, 505, 495, 442, 429, 392, 231, 87, 86, 78, 76, 73, 64, 59, 54, 40, 38, 36, 35, 32, 31, 30, 28, 26, 25, 24]",0.02864551979624913,0.37,0.48430486774123316,0.44969855470658415,0.5119506553585196,0.19999999999999996
"[8376, 8291, 7654, 7526, 7514, 7347, 7145, 6848, 6780, 6715, 6631, 6309, 6236, 6143, 6097, 5947, 5739, 5731, 5704, 5684, 5639, 5634, 5460, 5444, 5229, 4995, 4806, 4199, 4083, 4072, 4038, 3417, 3402, 3204, 2951, 2660, 2239, 2148, 2142, 1836, 1627, 738, 474, 225]",0.007737902292197269,0.57,0.3235025737249383,0.4897452706125809,0.9416602415831405,0.4
"[6274, 4488, 4483, 3227, 2126, 2054, 1826, 1712, 1697, 1694, 1687, 1680, 1547, 1546, 1443, 1404, 1305, 1296, 1231, 1199, 1184, 1128, 1098, 904, 790, 734, 665, 627, 624, 614, 600, 596, 590, 529, 442, 429, 392, 290, 283, 278, 231, 219, 201, 200, 184, 173, 172, 165, 162, 144, 141, 138, 132, 87, 86, 76, 75, 73, 36, 35, 32, 31, 28, 26, 25, 24]",0.031109053021532766,0.35,0.43531725343158945,0.40097954217156173,0.47365715754304805,0.0
"[8405, 7831, 7654, 6631, 6274, 5704, 5083, 5070, 4995, 4478, 4469, 4072, 3227, 3026, 2950, 2625, 2507, 2126, 2102, 2006, 1907, 1904, 1697, 1694, 1687, 1680, 1582, 1443, 1404, 1199, 1184, 1128, 1098, 1094, 1092, 1068, 920, 880, 851, 665, 627, 614, 600, 596, 590, 582, 564, 553, 442, 429, 370, 172, 165, 162, 144, 141, 138, 132, 87, 86, 78, 76, 75, 73, 64, 62, 59, 54, 40, 38, 36, 35, 32, 26]",0.03274021764297291,0.27,0.4546225770501744,0.45680578348833145,0.45386790028270363,0.0
"[8330, 7145, 6631, 6274, 5639, 4600, 4477, 4476, 4475, 4469, 4083, 3933, 3026, 2951, 2126, 2018, 1907, 1166, 1128, 1002, 627, 624, 614, 600, 596, 590, 458, 162, 132, 87, 86, 76, 75]",0.01581268812225052,0.68,0.3421021235823466,0.3740770554982128,0.8046774608069904,0.19999999999999996
"[6274, 4304, 3227, 2250, 2126, 2102, 2054, 1904, 1873, 1697, 1694, 1547, 1546, 1332, 1231, 1199, 1184, 1098, 1094, 1092, 1068, 880, 790, 665, 596, 590, 582, 564, 553, 529, 349, 201, 200, 173, 172, 165, 162, 144, 141, 138, 132, 87, 86, 76, 73, 64, 62, 59, 54, 40, 38, 36, 35, 32, 31, 28, 26, 25, 24]",0.028122250520953924,0.42,0.4757169699014886,0.38583305760209485,0.5019275250578257,0.19999999999999996
"[8453, 6274, 6205, 4083, 2880, 1546, 1404, 1302, 1128, 1022, 1002, 627, 624, 614, 600, 590, 386, 231, 132, 87, 86, 76, 15]",0.012963648992822412,0.78,0.3723613074820673,0.34248942126489257,0.8272937548188126,0.19999999999999996
"[7003, 4487, 2028, 386]",0.0034915489696689048,0.97,0.22154321394891496,0.22226184089281142,0.9737856592135697,0.19999999999999996
"[8051, 7219, 6097, 5639, 5229, 4995, 3204, 3089, 3056, 2951, 1941, 1546, 827]",0.0028501968048159298,0.88,0.2547935374220984,0.3227952557241952,0.9694166024158314,0.6
"[8586, 8498, 8330, 8128, 8117, 8061, 7789, 7654, 7145, 6179, 6027, 6011, 5974, 5940, 5739, 5082, 4995, 4834, 4707, 4484, 4483, 4482, 4481, 4197, 4083, 4072, 3327, 3104, 3026, 2983, 2950, 2916, 2820, 2787, 2783, 2507, 2035, 2006, 1916, 1795, 1627, 1514, 1421, 1354, 1233, 1128, 790, 772, 734, 675, 614, 590, 231, 214, 208, 132, 97, 75]",0.01805394767307247,0.43,0.3616934317745123,0.5449837779106624,0.8185556412233359,0.0
"[4497, 3808]",0.001639268349154897,0.99,0.14321831425030906,0.1879497186281638,0.9912618864045233,0.4
"[8330, 8128, 7145, 6973, 6631, 5639, 4600, 4477, 4476, 4475, 4469, 4304, 4131, 4083, 3026, 2126, 2018, 1907, 1582, 1184, 1166, 1098, 1094, 1092, 1068, 1002, 596, 590, 564, 553, 458, 173, 172, 165, 86, 76, 73, 62, 59, 54]",0.01952303774021764,0.61,0.3598029909151105,0.4034131798509256,0.742739655615523,0.19999999999999996
"[7514, 7477, 5704, 5567, 4990, 4448, 3417, 2204, 1627, 1582, 1379, 1098, 1094, 1092, 582, 564, 343, 62, 59, 54]",0.008924519564714054,0.81,0.35070294023066295,0.3638209450095884,0.8943716268311488,0.19999999999999996
"[8330, 6793, 5639, 4475, 4469, 2951, 2378, 1404, 920, 738, 442, 407]",0.005855522111599907,0.89,0.25778421552599273,0.29448821188588115,0.9398612181958366,0.19999999999999996
"[8586, 8498, 8487, 7107, 7101, 7095, 7072, 6844, 6579, 6027, 5624, 5078, 4995, 4071, 4028, 3506, 3037, 2983, 2972, 2950, 2820, 2479, 2019, 1953, 1797, 1795, 1712, 1532, 1454, 1450, 1421, 1307, 816, 772, 495, 458, 446, 442, 433, 407, 267]",0.010531373003009955,0.6,0.4054675943184418,0.5210049732747393,0.9000257003341043,0.19999999999999996
"[8467, 8465, 8464, 8456, 5227, 4475, 4469, 3557, 2126, 2102, 1907, 1904, 1873, 1872, 1790, 1697, 1694, 1687, 1582, 1556, 1555, 1553, 1546, 1332, 1305, 1296, 1231, 1184, 1128, 1098, 1094, 1092, 1068, 880, 817, 808, 736, 734, 665, 627, 624, 614, 600, 596, 590, 564, 553, 529, 359, 318, 290, 283, 240, 231, 219, 209, 201, 173, 172, 165, 162, 144, 141, 138, 87, 86, 76, 73, 64, 62, 59, 54, 40, 36, 35, 32, 31, 30, 28, 25, 22, 15, 13]",0.03700856679786988,0.18,0.43612098124864374,0.36451373179229996,0.32228218966846567,0.0
"[8586, 8441, 8427, 8128, 8117, 8104, 7916, 7145, 7086, 6920, 6816, 6631, 6541, 6027, 5975, 5083, 4478, 4469, 4083, 3506, 3327, 2983, 2951, 2820, 2796, 2787, 2316, 2035, 2006, 1907, 1873, 1797, 1795, 1582, 1556, 1555, 1553, 1546, 1532, 1443, 1404, 1332, 1307, 1274, 1068, 1022, 1002, 962, 935, 920, 880, 851, 824, 806, 776, 772, 614, 590, 564, 553, 529, 429, 414, 399, 392, 370, 318, 231, 229, 54, 40, 36, 35, 32, 31, 30, 28, 25, 22, 15, 13]",0.030656401944894652,0.2,0.44770772905617573,0.5857925025611029,0.564893343613467,0.19999999999999996
"[6536, 6438, 4995, 4480, 4478, 4469, 2950, 2277, 2054, 1907, 1904, 1873, 1547, 1546, 1450, 1443, 1404, 1332, 1305, 1296, 1277, 920, 880, 851, 824, 806, 790, 734, 529, 385, 318, 294, 290, 283, 219, 32, 31, 30, 28, 26, 25, 24]",0.021442463533225282,0.59,0.39725592812766897,0.4039135374957028,0.6928810074530969,0.19999999999999996
"[8330, 7145, 6274, 5624, 5164, 5083, 4819, 4083, 3804, 3026, 2951, 2275, 2035, 2006, 1697, 1694, 1532, 1184, 1166, 1094, 1092, 1068, 1022, 1002, 962, 614, 600, 590, 564, 553, 165, 162, 87, 86, 76, 73, 64, 62, 59, 54, 40, 38, 36, 35, 32, 31, 25, 1]",0.02165779115536004,0.53,0.4506049780083182,0.4375588689626867,0.6831148804934464,0.0
"[4483, 1402, 132]",0.0026603380412132437,0.98,0.1947165768546002,0.20319913807294576,0.9814957594448728,0.19999999999999996
"[2690, 2102, 2054, 1582, 1547, 1546, 1094, 1092, 1068, 582, 564, 553, 529, 429, 73, 64, 59, 54, 40, 38, 36, 35, 32, 31, 30, 28, 26, 25, 24]",0.017142857142857144,0.72,0.4110815303101202,0.32331837245941075,0.7483937291184786,0.19999999999999996
"[8441, 8215, 7439, 6920, 6362, 4991, 4488, 4487, 4485, 4484, 4483, 4481, 4480, 4478, 4469, 4351, 3227, 3117, 2796, 2776, 2316, 2250, 2126, 2102, 1907, 1873, 1697, 1687, 1582, 1547, 1443, 1442, 1414, 1404, 1332, 1307, 1296, 1274, 1231, 1199, 1184, 1128, 1098, 1092, 1068, 1022, 920, 904, 851, 824, 806, 790, 734, 614, 600, 596, 590, 588, 582, 529, 442, 429, 392, 370, 318, 294, 290, 283, 231, 201, 200, 173, 165, 162, 151, 141, 138, 87, 86, 78, 76, 73, 64, 62, 59, 54, 40, 38, 36, 35, 32, 31, 30, 28, 26, 25, 24]",0.03865941190090299,0.04,0.47107146377597364,0.44193233310425306,0.26959650475456176,0.0
"[5870, 4600, 3056, 3037, 2126, 2018, 1555, 1546, 1128, 1098, 1022, 734, 627, 624, 614, 600, 596, 590, 529, 505, 495, 222, 155, 86, 78, 76, 21]",0.013739291502662654,0.74,0.4005919140369695,0.37500791683883805,0.8249807247494217,0.19999999999999996
"[8487, 8441, 8046, 7606, 7514, 6981, 6967, 6920, 5977, 5632, 5452, 4991, 4936, 4448, 4351, 3900, 3417, 3117, 2796, 2776, 2745, 2401, 2316, 2250, 2126, 2102, 1907, 1873, 1697, 1695, 1582, 1547, 1546, 1443, 1420, 1332, 1307, 1305, 1274, 1199, 1184, 1128, 1098, 1094, 1092, 1068, 1022, 920, 856, 851, 824, 816, 806, 734, 627, 624, 614, 600, 596, 590, 588, 582, 564, 553, 529, 442, 429, 392, 318, 290, 231, 201, 200, 173, 167, 165, 162, 87, 86, 78, 76, 73, 64, 62, 59, 54, 40, 38, 36, 35, 32, 31, 30, 26, 25, 24, 1]",0.036958786756193567,0.04,0.48044634238022366,0.5114500340441313,0.3418144435877667,0.19999999999999996
"[8330, 7654, 6631, 6362, 5083, 4995, 4600, 4477, 4476, 4475, 4469, 4072, 3056, 3037, 2950, 2820, 2250, 2126, 2018, 2006, 1907, 1904, 1873, 1547, 1546, 1443, 1231, 1128, 1098, 1094, 1022, 920, 851, 806, 772, 734, 627, 624, 614, 600, 596, 590, 582, 505, 458, 442, 392, 231, 132, 87, 86, 78, 76, 73, 62, 13]",0.02633016902060662,0.45,0.42569144473034237,0.44468279700292135,0.6126959650475456,0.0
"[8586, 8498, 8487, 8441, 8427, 8128, 8061, 8046, 7916, 7654, 7514, 6981, 6976, 6967, 6920, 6631, 6541, 6027, 5975, 5974, 5886, 5495, 5452, 5083, 5070, 4936, 4492, 4448, 4437, 4083, 4072, 3920, 3900, 3536, 3506, 3417, 3394, 3327, 3323, 2983, 2951, 2878, 2820, 2796, 2506, 2401, 2316, 2035, 2018, 2006, 1916, 1894, 1875, 1873, 1797, 1795, 1555, 1546, 1532, 1379, 1354, 1332, 1307, 1274, 1231, 1199, 935, 856, 816, 790, 776, 772, 734, 529, 429, 414, 343, 229, 222, 155, 21]",0.021223662884927066,0.2,0.42542282107117724,0.6770908710528458,0.7877152402981239,0.19999999999999996
"[8574, 8498, 8487, 8427, 8302, 8061, 8046, 7916, 7429, 7122, 7107, 7101, 7095, 7072, 6920, 6579, 6535, 6362, 6013, 5975, 5835, 5639, 5495, 5078, 5030, 4991, 4451, 4448, 4306, 4071, 4028, 3506, 3454, 3037, 2922, 2916, 2796, 2787, 2776, 2479, 2401, 2250, 2019, 1953, 1894, 1873, 1866, 1781, 1740, 1712, 1532, 1454, 1450, 1421, 1379, 1319, 1277, 1274, 1231, 1199, 902, 816, 734, 614, 495, 446, 442, 433, 385, 291, 231, 229, 222, 220, 219, 214, 209, 201, 173, 172, 165, 141, 87, 86, 2]",0.026206297754109747,0.16,0.4889032013444925,0.6455761925515598,0.6939090208172707,0.19999999999999996
"[8613, 5870, 4600, 4304, 3056, 3037, 2126, 2018, 1555, 1546, 1128, 1098, 1094, 1092, 1022, 734, 627, 624, 614, 600, 596, 590, 529, 505, 495, 222, 155, 86, 78, 76, 73, 64, 62, 59, 54, 21]",0.01792660338041213,0.65,0.4279657248625671,0.37715975144368163,0.7579028527370856,0.19999999999999996
"[8405, 8330, 7831, 7789, 7654, 7278, 7145, 6687, 6631, 6274, 5083, 5070, 4995, 4798, 4478, 4469, 4083, 4072, 3804, 3056, 3026, 2951, 2950, 2880, 2796, 2625, 2507, 2006, 1907, 1904, 1694, 1582, 1514, 1443, 1404, 1302, 1199, 1184, 1128, 1098, 1068, 1022, 1002, 920, 880, 851, 807, 627, 624, 614, 600, 590, 564, 553, 442, 429, 370, 231, 165, 162, 87, 86, 78, 76, 64, 59, 54, 40, 38, 36, 35, 32, 31, 30, 28, 1]",0.030809215096087056,0.25,0.44340582086010993,0.5267431977628328,0.5433050629658185,0.0
"[6274, 2054, 1547, 1546, 1424, 790, 665, 553, 529, 144, 141, 138, 132, 40, 36, 35, 32, 31, 28, 26, 25, 24]",0.012755267423014588,0.79,0.3798016460258469,0.28168362472940656,0.8252377280904651,0.19999999999999996
"[7654, 5905, 5083, 4995, 4072, 3056, 3037, 2950, 2275, 2250, 2126, 2102, 2006, 1873, 1582, 1547, 1546, 1443, 1231, 1128, 1098, 1094, 1092, 1068, 1022, 920, 851, 806, 734, 627, 624, 614, 600, 596, 590, 582, 564, 529, 505, 495, 442, 429, 392, 231, 87, 86, 78, 76, 73, 64, 59, 54, 40, 38, 36, 35, 32, 31, 30, 28, 26, 25, 24, 15]",0.02941074322759898,0.37,0.48871767167242386,0.44969855470658415,0.4993574916473914,0.19999999999999996
"[8128, 8117, 8104, 7086, 6274, 6027, 5537, 5127, 5083, 4648, 4492, 4304, 3506, 3491, 3026, 2983, 2126, 2054, 2035, 2006, 1582, 1547, 1546, 1532, 1424, 1094, 1092, 1068, 935, 790, 665, 596, 590, 564, 553, 529, 414, 144, 141, 138, 132, 86, 76, 73, 64, 62, 59, 54, 40, 38, 36, 35, 32, 31, 28, 26, 25, 24]",0.025097244732576983,0.43,0.42949563500988996,0.4703387432264702,0.636083269082498,0.0
"[8467, 8465, 8464, 8456, 7145, 6631, 5624, 4600, 4497, 4487, 4485, 4477, 4476, 4475, 4469, 4083, 3227, 3017, 2018, 1941, 1907, 1904, 1873, 1872, 1869, 1790, 1697, 1694, 1687, 1555, 1404, 1332, 1305, 1296, 1231, 1184, 1002, 906, 880, 817, 808, 736, 734, 665, 529, 458, 442, 407, 386, 359, 318, 290, 283, 240, 231, 222, 219, 209, 201, 173, 172, 165, 162, 155, 144, 141, 138, 21]",0.02954850659874971,0.33,0.39983610154974536,0.38434921741233863,0.5404780262143407,0.19999999999999996
"[6274, 2126, 2054, 1582, 1547, 1546, 1424, 1098, 1068, 790, 596, 590, 564, 553, 529, 144, 141, 138, 132, 86, 76, 40, 38, 36, 35, 32, 31, 28, 26, 25, 24]",0.01779578606158833,0.7,0.42101227346501713,0.3108516679306954,0.7337445386790028,0.19999999999999996
"[8291, 8178, 8051, 7924, 7789, 7654, 7526, 7514, 7278, 7219, 7145, 6774, 6687, 6647, 6631, 6236, 6133, 6097, 5731, 5639, 5634, 5495, 5460, 5229, 5083, 5070, 4995, 4990, 4725, 4600, 4199, 4083, 4072, 3950, 3536, 3417, 3402, 3204, 3136, 3089, 3056, 3026, 2951, 2796, 2682, 2661, 2507, 2159, 2148, 2142, 2035, 2018, 2006, 1941, 1905, 1627, 1532, 1514, 738, 474, 225]",0.011384579763834222,0.4,0.3552493799088752,0.5828337876243475,0.9090208172706246,0.19999999999999996
"[6920, 6274, 2983, 2820, 2690, 2316, 2102, 2054, 1797, 1795, 1712, 1547, 1546, 1469, 1307, 1094, 1092, 790, 776, 772, 582, 529, 144, 141, 138, 132, 64, 59, 54]",0.012789997684649225,0.72,0.3961931355599121,0.385908808565967,0.8473400154202004,0.19999999999999996
"[4487, 4483, 582]",0.002955545265107664,0.98,0.194510014943178,0.1791810632455988,0.9740426625546132,0.19999999999999996
"[8128, 7145, 6631, 6274, 5083, 4304, 4083, 3227, 2250, 2126, 2054, 2035, 2006, 1904, 1873, 1697, 1694, 1547, 1546, 1532, 1332, 1231, 1199, 1184, 1098, 1094, 1092, 1068, 1022, 1002, 962, 880, 790, 665, 596, 590, 582, 564, 553, 529, 349, 201, 200, 173, 172, 165, 162, 144, 141, 138, 132, 87, 86, 76, 73, 64, 62, 59, 54, 40, 38, 36, 35, 32, 31, 28, 26, 25, 24]",0.02982519101643899,0.32,0.4862994420518896,0.44116138095144597,0.48727833461835,0.19999999999999996
"[8330, 8195, 8128, 7145, 6631, 5833, 5634, 4600, 4477, 4476, 4475, 4469, 4304, 4131, 4083, 3026, 2126, 2018, 1907, 1582, 1184, 1166, 1098, 1094, 1068, 1002, 596, 590, 564, 553, 458, 173, 172, 165, 86, 76, 73, 62, 59, 54]",0.019076175040518638,0.61,0.3596446393217966,0.41456075194126585,0.750449755846826,0.0
"[5164, 2144, 2102, 1092, 606, 564, 64, 62, 59, 54, 1]",0.0068025005788376934,0.9,0.3290561800512579,0.2514819206490164,0.9241840143921871,0.19999999999999996
"[8574, 8427, 8376, 7916, 7347, 7122, 7107, 7101, 7095, 7072, 6920, 6579, 6535, 6362, 6349, 6309, 6195, 6013, 5975, 5684, 5639, 5078, 4834, 4497, 4451, 4448, 4071, 4028, 3724, 3454, 3327, 3149, 3037, 2972, 2916, 2820, 2796, 2787, 2776, 2479, 2401, 2316, 2250, 2019, 1953, 1873, 1866, 1836, 1781, 1740, 1636, 1582, 1547, 1546, 1532, 1454, 1450, 1442, 1421, 1379, 1319, 1277, 1274, 1231, 1199, 1068, 772, 734, 564, 553, 529, 495, 433, 429, 385, 291, 231, 229, 222, 220, 219, 214, 209, 201, 200, 173, 172, 165, 87, 86, 62, 59, 54, 40, 36]",0.03150382032877981,0.06,0.4844961005096604,0.6240590085613276,0.5947057311745052,0.19999999999999996
"[8586, 8488, 8479, 8427, 8405, 8237, 8061, 8046, 7916, 7514, 6967, 6920, 6802, 6706, 6362, 5975, 5974, 5639, 5495, 5452, 5397, 5328, 4834, 4707, 4448, 4437, 4264, 3920, 3900, 3417, 3394, 3327, 3270, 2951, 2949, 2916, 2820, 2796, 2787, 2709, 2401, 2316, 1894, 1875, 1873, 1712, 1697, 1672, 1585, 1379, 1319, 1274, 1231, 1188, 856, 816, 772, 734, 600, 583, 291, 229, 222, 220, 214, 209, 208, 87, 86, 70]",0.019685112294512617,0.31,0.4563838434053338,0.6274705332050974,0.79491133384734,0.19999999999999996
"[8487, 8441, 8427, 7916, 7122, 7101, 7095, 7072, 6967, 6920, 6579, 6535, 6274, 5639, 5078, 4995, 4991, 4203, 4071, 4028, 3900, 3353, 3327, 3323, 3227, 3037, 2972, 2951, 2878, 2820, 2796, 2479, 2316, 2250, 2126, 2019, 1953, 1873, 1797, 1795, 1697, 1694, 1687, 1555, 1532, 1454, 1450, 1421, 1307, 1296, 1277, 1274, 1231, 1199, 1184, 1128, 1098, 902, 816, 776, 772, 734, 665, 627, 624, 614, 600, 596, 590, 495, 446, 442, 433, 385, 229, 222, 219, 201, 200, 173, 172, 165, 162, 155, 144, 141, 138, 132, 87, 86, 76, 21]",0.030798796017596667,0.09,0.4956890318904683,0.5656033241784341,0.5708044204574659,0.19999999999999996
"[8330, 8215, 6362, 3227, 2950, 2878, 2820, 2126, 2102, 1687, 1582, 1547, 1546, 1450, 1442, 1128, 1092, 1068, 824, 806, 772, 734, 614, 600, 596, 590, 582, 283, 265, 219, 208, 141, 138, 132, 86, 76, 73, 64, 62, 59, 54, 40, 38, 36, 35, 32, 31, 30, 28, 25, 24]",0.024461680944663118,0.5,0.46480005530054624,0.43397634348036873,0.6108969416602417,0.0
"[7514, 7477, 6933, 5704, 5639, 5567, 4990, 4448, 3417, 2204, 1582, 1546, 1379, 1098, 1094, 1092, 582, 564, 62, 59, 54]",0.009668904839083121,0.8,0.36574142038896396,0.36609779127422204,0.8851195065535852,0.19999999999999996
"[8238, 6802, 6706, 5639, 4707, 4264, 2709, 2226, 1712, 1697, 1672, 1585, 1188, 772, 600, 583, 87, 70]",0.00553484602917342,0.83,0.3216985687179391,0.3955560924309638,0.9411462349010538,0.19999999999999996
"[8498, 8487, 8467, 8465, 8464, 8456, 8441, 8427, 8302, 7916, 7789, 6981, 6976, 6967, 6920, 6362, 5739, 5704, 5452, 4936, 4834, 4600, 4497, 4487, 4485, 4477, 4476, 4475, 4469, 4437, 4197, 3920, 3900, 3327, 3287, 2878, 2820, 2796, 2787, 2783, 2776, 2745, 2316, 2018, 1941, 1907, 1904, 1875, 1873, 1872, 1797, 1795, 1790, 1712, 1697, 1627, 1404, 1354, 1332, 1307, 1305, 1296, 1274, 1231, 920, 906, 880, 817, 816, 808, 776, 772, 736, 734, 614, 590, 458, 442, 407, 386, 359, 318, 290, 283, 240, 231, 229, 219, 214, 209, 208, 201, 173, 172, 165, 162, 97, 75]",0.033360731650845105,0.03,0.4144787326505832,0.5062961098930957,0.528141865844256,0.0
"[8117, 7514, 6274, 5704, 5567, 4990, 4448, 3417, 2204, 2126, 1582, 1379, 1128, 1098, 1094, 1092, 627, 624, 614, 596, 590, 582, 564, 343, 162, 132, 87, 86, 76, 75, 73, 62, 59, 54]",0.01667862931234082,0.67,0.41247365709455985,0.40008485404057703,0.7730660498586481,0.19999999999999996
"[8586, 8498, 8487, 6967, 6920, 5704, 4995, 3900, 2950, 2820, 2745, 2316, 2250, 1797, 1795, 1712, 1307, 1098, 1094, 1022, 816, 776, 772, 590, 582, 200, 76, 75, 73, 64, 59, 40]",0.012588562167168325,0.69,0.38845259311828007,0.47458642008963514,0.8568491390388076,0.19999999999999996
"[4600, 2018, 1627, 1555, 1546, 527, 155]",0.0037219263718453344,0.94,0.28033909095282217,0.26811146324888435,0.9550244153173991,0.19999999999999996
"[8498, 8487, 8441, 8427, 8315, 8302, 7916, 7789, 6920, 6362, 5739, 5704, 5517, 4834, 4197, 3327, 3287, 3056, 3037, 2820, 2796, 2787, 2783, 2776, 2745, 1797, 1795, 1712, 1627, 1307, 1274, 1128, 1022, 816, 776, 627, 624, 614, 590, 505, 495, 229, 214, 208, 97, 75]",0.013016902060662191,0.55,0.389710153920383,0.5318465439227773,0.8732973528655872,0.19999999999999996
"[4487, 4475, 4469, 1546, 1404, 920, 529, 442, 428, 310, 155, 28, 26, 25, 24, 1]",0.011590645982866405,0.85,0.3206393403186,0.2929226598574983,0.8599331791313287,0.19999999999999996
"[6981, 6274, 4469, 3227, 2878, 2250, 2126, 2102, 1907, 1904, 1873, 1697, 1694, 1687, 1582, 1547, 1546, 1443, 1404, 1332, 1305, 1296, 1277, 1231, 1199, 1184, 1128, 1098, 1094, 1092, 1068, 1022, 920, 880, 851, 824, 806, 790, 734, 665, 627, 624, 614, 600, 596, 590, 582, 564, 553, 529, 442, 429, 392, 370, 318, 294, 290, 283, 219, 201, 200, 173, 172, 165, 162, 144, 141, 138, 132, 87, 86, 76, 73, 64, 62, 59, 54, 40, 38, 36, 35, 32, 31, 30, 28, 26, 25, 24, 1]",0.038366520027784214,0.12,0.47258669244663754,0.41632038500765567,0.25109226419943464,0.19999999999999996
"[8330, 7862, 7737]",0.00038087520259319285,0.98,0.03374261508660292,0.20265712783466394,0.9992289899768697,1.0
"[8330, 2028]",0.00056263023848113,0.99,0.09940882673826879,0.19218858968061947,0.9946029298380878,0.8
"[4600, 1555, 529, 294, 155, 138]",0.0037068765918036586,0.95,0.26670402547477845,0.23446468612665683,0.9668465690053971,0.19999999999999996
"[8586, 6027, 5639, 3973, 3227, 3210, 1697, 1694, 1547, 1546, 1184, 920, 665, 162, 144, 141, 138, 38, 36, 35, 32, 31, 30, 28, 26, 25, 24, 13]",0.015273211391525817,0.73,0.4068483324768065,0.3148198879921511,0.7848882035466461,0.19999999999999996
"[8586, 7145, 6920, 6631, 6027, 5639, 5083, 4600, 4515, 4477, 4476, 4475, 4469, 4083, 2951, 2949, 2820, 2035, 2018, 1907, 1672, 1532, 1002, 772, 421, 165]",0.00838504283398935,0.75,0.2502564232994392,0.41161044144503467,0.9213569776407093,0.19999999999999996
"[4469, 2054, 1907, 1904, 1582, 1547, 1546, 1404, 1068, 553, 529, 442, 387, 318, 40, 38, 36, 35, 32, 31, 30, 28, 26, 25]",0.01606853438295902,0.77,0.3828334332926485,0.3239849168019948,0.7884862503212542,0.0
"[6802, 4707, 4264, 3104, 2709, 2226, 1712, 1697, 1672, 1546, 1263, 1188, 772, 600, 590, 87, 75, 13]",0.007726325538319055,0.83,0.3731026281318016,0.3781452550421389,0.9082498072474943,0.19999999999999996
"[7145, 6631, 4600, 4477, 4476, 4475, 4469, 4083, 3227, 3017, 2018, 1907, 1869, 1699, 1694, 1687, 1555, 1184, 1002, 665, 529, 222, 172, 165, 162, 155, 144, 141, 138, 21]",0.0147221579069229,0.71,0.3226283770069611,0.37127619501460396,0.8195836545875097,0.19999999999999996
"[5227, 3056, 3037, 2126, 2102, 2074, 1687, 1556, 1555, 1128, 1098, 1094, 1092, 1068, 881, 627, 624, 614, 600, 596, 590, 564, 553, 505, 495, 144, 141, 138, 87, 86, 76, 73, 64, 62, 59, 54, 38, 36, 35, 32, 31, 30, 28, 15]",0.022852512155591573,0.57,0.44043246629125576,0.35222261110591935,0.638396299151889,0.0
"[8487, 8441, 8046, 7606, 7514, 6981, 6967, 6920, 6274, 5977, 5632, 5452, 4991, 4936, 4448, 4351, 3900, 3417, 3117, 2796, 2776, 2745, 2401, 2316, 2250, 2126, 2102, 1907, 1873, 1795, 1697, 1582, 1547, 1546, 1443, 1420, 1332, 1307, 1305, 1274, 1199, 1184, 1128, 1098, 1094, 1092, 1068, 1022, 920, 856, 851, 824, 816, 806, 734, 709, 627, 624, 614, 600, 596, 590, 588, 582, 564, 553, 529, 442, 429, 392, 318, 290, 231, 201, 200, 173, 167, 165, 162, 132, 87, 86, 78, 76, 73, 64, 62, 59, 54, 40, 38, 36, 35, 32, 31, 30, 26]",0.0368082889557768,0.04,0.4791175053065554,0.5132016961975794,0.3587766640966332,0.19999999999999996
"[8498, 8487, 8441, 8427, 7916, 7654, 6981, 6976, 6967, 6920, 6631, 5452, 5083, 4936, 4600, 4477, 4476, 4475, 4469, 4072, 3900, 3327, 3323, 3056, 3037, 2878, 2820, 2796, 2018, 2006, 1907, 1904, 1873, 1817, 1797, 1555, 1546, 1354, 1307, 1274, 1231, 1128, 1022, 816, 772, 627, 624, 614, 529, 505, 343, 231, 229, 222, 155, 21]",0.018973141931002545,0.45,0.36180344267997167,0.5011780569179667,0.7843741968645592,0.19999999999999996
"[8487, 8441, 8215, 7439, 6981, 6967, 6920, 6362, 5632, 4991, 4936, 4351, 3900, 3198, 3117, 2878, 2796, 2776, 2745, 2316, 2126, 2102, 2018, 1873, 1697, 1687, 1582, 1547, 1443, 1442, 1332, 1307, 1296, 1274, 1231, 1199, 1184, 1128, 1092, 1068, 1022, 920, 851, 824, 816, 806, 734, 614, 600, 596, 590, 588, 582, 529, 442, 429, 392, 318, 290, 283, 231, 201, 200, 173, 165, 162, 144, 141, 87, 86, 78, 76, 73, 64, 62, 59, 54, 40, 38, 36, 35, 32, 31, 30, 28, 26, 25, 24, 1]",0.03480666821023385,0.12,0.5034035602159728,0.5214801989419237,0.3919300950912362,0.19999999999999996
"[8178, 7924, 7003, 6774, 6514, 6133, 5495, 4990, 4725, 4083, 2028, 386]",0.0032391757351238715,0.89,0.2454418846964711,0.34347546087097247,0.9735286558725263,0.4
"[7654, 6631, 6274, 4600, 4477, 4476, 4475, 4469, 4072, 3056, 2126, 2054, 1907, 1904, 1582, 1547, 1546, 1424, 1128, 1098, 1068, 1022, 803, 627, 624, 614, 596, 590, 564, 553, 529, 505, 231, 144, 141, 138, 132, 86, 76, 40, 38, 36, 35, 32, 31, 28, 26, 25, 24]",0.02447325769854133,0.52,0.3914296884134998,0.36938563275522585,0.6286301721922385,0.0
"[8586, 8195, 6179, 6027, 5634, 4483, 1953, 1330, 665, 553, 162, 40, 36, 35, 32, 31, 28, 26, 24, 8, 4]",0.011569807825885622,0.8,0.32296633869152214,0.3256445200551331,0.8653302492932409,0.19999999999999996
"[4492, 2423]",0.001474878444084279,0.99,0.14001971636893085,0.19034095272836227,0.9910048830634798,0.4
"[8117, 7954, 7514, 7122, 7107, 7101, 7095, 7072, 6274, 5704, 5567, 5078, 4990, 4448, 4028, 3417, 3037, 2479, 2204, 2126, 2019, 1953, 1873, 1866, 1582, 1532, 1454, 1450, 1379, 1231, 1128, 1098, 1094, 1092, 627, 624, 614, 596, 590, 582, 564, 495, 446, 433, 429, 343, 201, 173, 172, 162, 132, 87, 86, 76, 75, 73, 62, 59, 54]",0.023291271127575827,0.42,0.4602387647210824,0.5161027034328848,0.6684656900539707,0.19999999999999996
"[8376, 8291, 7789, 7654, 7526, 7514, 7347, 7278, 6848, 6715, 6309, 6236, 6143, 6097, 5947, 5739, 5731, 5704, 5684, 5639, 5634, 5460, 5444, 5229, 4995, 4806, 4199, 4072, 4038, 3950, 3767, 3567, 3417, 3402, 3204, 3056, 2951, 2796, 2661, 2239, 2159, 2148, 2142, 1905, 1836, 1627, 1514, 738, 474, 225]",0.008886316276915954,0.51,0.3463667015471762,0.5345342243433397,0.9313801079414032,0.4
"[8330, 6362, 5083, 4995, 3037, 2950, 2820, 2250, 2126, 2018, 2006, 1873, 1547, 1546, 1443, 1231, 1098, 1094, 920, 851, 806, 772, 734, 600, 596, 590, 582, 458, 442, 392, 217, 132, 87, 86, 78, 76, 73, 62, 13]",0.019496411206297755,0.62,0.4617243121068707,0.43872149626151213,0.7175533281932664,0.0
"[8586, 8330, 8128, 8061, 8046, 7654, 7514, 7145, 6981, 6973, 6647, 6631, 6027, 5975, 5974, 5639, 5495, 5452, 5083, 5070, 4995, 4936, 4600, 4477, 4476, 4475, 4469, 4448, 4437, 4083, 4072, 3536, 3506, 3417, 3026, 2983, 2950, 2916, 2683, 2507, 2506, 2401, 2035, 2018, 2006, 1916, 1907, 1894, 1875, 1873, 1532, 1514, 1379, 1354, 1166, 1002, 856, 458, 421, 343, 165, 20]",0.016369529983792545,0.39,0.3391613001478626,0.5478811579247151,0.8414289385762015,0.19999999999999996
"[8330, 8128, 8117, 7232, 6793, 6699, 5639, 5083, 4762, 4475, 4469, 2983, 2951, 2378, 1404, 1199, 1094, 1092, 1068, 920, 738, 590, 582, 564, 553, 442, 407, 200, 173, 172, 165, 64, 62, 59, 54, 40]",0.018049316971521186,0.65,0.380387194028067,0.426591704981759,0.7748650732459522,0.19999999999999996
"[8215, 7439, 2646, 2126, 1687, 1582, 1547, 1296, 1098, 1068, 596, 590, 564, 553, 529, 294, 283, 144, 141, 138, 86, 76, 40, 38, 36, 35, 32, 31, 28, 26, 25, 24]",0.017623292428802964,0.69,0.4101158372390814,0.3545702070404112,0.7406836288871755,0.19999999999999996
"[8586, 8467, 8465, 8464, 8456, 8128, 8061, 8046, 7514, 7145, 6631, 6027, 5624, 5495, 5083, 4995, 4991, 4990, 4497, 4487, 4448, 4083, 3417, 3026, 2951, 2035, 1941, 1904, 1894, 1873, 1872, 1790, 1627, 1532, 1404, 1379, 1354, 1332, 1305, 1296, 1231, 906, 880, 817, 808, 736, 734, 458, 442, 407, 386, 359, 343, 318, 290, 283, 240, 231, 219, 209, 201, 173]",0.02433665200277842,0.39,0.38440788712314233,0.465571397107278,0.7029041377537908,0.0
"[8586, 8498, 8487, 8238, 8128, 8061, 8046, 7654, 7514, 6981, 6976, 6967, 6920, 6802, 6706, 6631, 6027, 5975, 5974, 5639, 5495, 5452, 5083, 5070, 4936, 4707, 4448, 4437, 4264, 4072, 3920, 3900, 3536, 3506, 3417, 3234, 3026, 2983, 2950, 2878, 2820, 2709, 2507, 2506, 2401, 2316, 2226, 2006, 1916, 1894, 1875, 1873, 1797, 1795, 1717, 1712, 1697, 1672, 1585, 1379, 1354, 1307, 1188, 856, 816, 776, 772, 600, 583, 343, 87, 70]",0.016164621440148182,0.29,0.43498223084996845,0.6334389984060631,0.8527370855821126,0.19999999999999996
[4492],0.0015906459828664043,1.0,0.14257616193321399,0.1674453888423022,0.9920328964276536,0.4
"[8586, 8128, 8117, 7654, 7514, 7072, 6647, 6631, 6274, 6027, 5704, 5567, 5083, 5070, 4995, 4990, 4600, 4599, 4448, 4083, 4072, 3536, 3506, 3417, 3227, 2983, 2950, 2750, 2683, 2507, 2506, 2204, 2126, 2035, 2018, 2006, 1953, 1712, 1697, 1694, 1687, 1680, 1582, 1532, 1514, 1379, 1199, 1184, 1128, 1098, 1094, 1092, 734, 665, 627, 624, 614, 596, 590, 582, 564, 343, 200, 184, 173, 172, 165, 162, 144, 141, 132, 87, 86, 76, 75, 73, 62, 59, 54]",0.028321370687659178,0.22,0.48440105147162293,0.5867872260232703,0.597532767925983,0.0
"[8376, 8291, 7514, 7347, 6848, 6715, 6309, 6236, 6143, 6097, 5947, 5731, 5704, 5684, 5639, 5634, 5460, 5444, 4995, 4806, 4038, 3767, 3417, 3402, 3204, 2951, 2661, 2239, 2148, 2142, 1836, 1666, 1627, 738, 474, 225]",0.006492243574901598,0.65,0.31484421357574566,0.4504055813810609,0.9465433050629658,0.4
"[8467, 8465, 8464, 8456, 5227, 4991, 4477, 4476, 4475, 4469, 3227, 2126, 2102, 2074, 1916, 1907, 1904, 1873, 1872, 1790, 1697, 1694, 1687, 1556, 1555, 1404, 1332, 1305, 1231, 1184, 1128, 1098, 1094, 1092, 1068, 880, 817, 808, 736, 734, 665, 627, 624, 614, 600, 596, 590, 564, 553, 359, 318, 290, 283, 240, 231, 219, 209, 201, 173, 172, 165, 162, 155, 144, 141, 138, 87, 86, 76, 73, 64, 62, 59, 54, 38, 36, 35, 32, 31, 30, 28, 15]",0.03619124797406807,0.19,0.42905744838921767,0.3724221325831579,0.3523515805705474,0.19999999999999996
"[3227, 2250, 2126, 2102, 1697, 1694, 1687, 1582, 1556, 1555, 1553, 1546, 1231, 1184, 1128, 1098, 1094, 1092, 1068, 734, 627, 624, 614, 600, 596, 590, 553, 529, 209, 201, 173, 172, 165, 162, 144, 141, 138, 87, 86, 76, 73, 64, 62, 59, 54, 40, 36, 35, 30, 28, 25, 22, 15, 13]",0.02740796480666821,0.47,0.46600590218782234,0.34174509349796134,0.5217167823181701,0.0
"[8586, 8487, 8441, 8427, 8061, 8046, 7916, 7654, 7514, 7101, 7095, 6981, 6976, 6967, 6849, 6579, 6541, 6027, 5975, 5974, 5886, 5495, 5452, 5070, 4936, 4492, 4448, 4437, 4203, 4072, 4028, 3920, 3900, 3536, 3506, 3417, 3394, 3353, 3327, 3323, 2983, 2878, 2820, 2796, 2506, 2479, 2401, 2316, 2018, 1916, 1894, 1875, 1873, 1797, 1795, 1555, 1546, 1532, 1454, 1450, 1379, 1354, 1332, 1307, 1274, 1231, 1199, 935, 856, 816, 790, 776, 772, 734, 529, 446, 442, 433, 429, 414, 343, 229, 222, 155, 21]",0.022871034961796714,0.16,0.4384950456248068,0.6618650401559552,0.756360832690825,0.19999999999999996
"[7145, 6631, 4600, 4477, 4476, 4475, 4469, 4083, 3227, 3017, 2054, 1907, 1699, 1694, 1687, 1547, 1546, 1184, 1002, 665, 529, 222, 165, 162, 144, 141, 138, 25, 24, 8]",0.015768696457513314,0.71,0.3346028523361768,0.33616533568743967,0.7979953739398612,0.19999999999999996
"[6920, 6274, 2316, 2126, 2102, 1795, 1582, 1547, 1546, 1420, 1307, 1128, 1098, 1094, 1092, 1068, 951, 709, 627, 614, 600, 596, 590, 582, 564, 553, 529, 429, 132, 87, 86, 78, 76, 73, 64, 62, 59, 54, 40, 38, 36, 35, 32, 31, 30, 26]",0.022706645056726094,0.55,0.44901299432659036,0.37653104397735815,0.6250321254176304,0.19999999999999996
"[8586, 8498, 8487, 7107, 7101, 7095, 7072, 6844, 6579, 6027, 5221, 5078, 4995, 4028, 3506, 3037, 2983, 2972, 2950, 2820, 2479, 1953, 1797, 1795, 1712, 1450, 1421, 1307, 816, 772, 446, 442, 433, 267]",0.00808983561009493,0.67,0.3578326457890937,0.48086579055554646,0.9275250578257517,0.19999999999999996
"[8427, 8376, 7916, 7654, 7347, 6920, 6631, 6362, 6309, 6195, 5684, 5639, 5083, 4834, 4477, 4072, 4071, 3724, 3327, 3149, 3037, 2820, 2796, 2787, 2776, 2316, 2018, 2006, 1873, 1836, 1781, 1636, 1582, 1547, 1546, 1274, 1231, 1068, 1022, 772, 564, 553, 529, 443, 231, 229, 222, 220, 214, 87, 86, 62, 59, 54, 40, 36, 1]",0.02212317666126418,0.44,0.4288959164872187,0.5317024207732733,0.7301464919043947,0.0
"[8586, 8427, 8376, 7916, 7654, 7347, 6920, 6631, 6362, 6349, 6309, 6195, 6027, 6013, 5975, 5684, 5639, 5083, 4834, 4451, 4448, 4072, 4071, 3724, 3327, 3234, 3149, 3026, 2950, 2916, 2820, 2796, 2776, 2401, 2316, 2250, 2006, 1873, 1836, 1781, 1740, 1636, 1582, 1547, 1546, 1379, 1319, 1277, 1274, 1199, 1068, 772, 564, 553, 529, 291, 229, 222, 220, 214, 209, 200, 165, 87, 86, 62, 59, 54, 40, 36, 1]",0.02383074785830053,0.3,0.4706367471759362,0.5947056120776439,0.7088152145977897,0.19999999999999996
"[8498, 8441, 8427, 8128, 8061, 8046, 7916, 7514, 6981, 6976, 6967, 6920, 6362, 5975, 5974, 5495, 5452, 4936, 4834, 4492, 4482, 4448, 4437, 3920, 3900, 3506, 3417, 3327, 3287, 2983, 2878, 2820, 2796, 2787, 2783, 2776, 2745, 2506, 2401, 2316, 2054, 2028, 1916, 1894, 1875, 1873, 1797, 1717, 1712, 1547, 1546, 1379, 1354, 1307, 1274, 856, 816, 802, 776, 772, 590, 529, 343, 229, 214, 208, 144, 141, 138]",0.01979046075480435,0.32,0.39518114296495754,0.6237123474065618,0.8082755075815986,0.19999999999999996
"[8586, 8128, 8061, 8046, 7654, 7514, 7145, 6981, 6976, 6647, 6631, 6027, 5975, 5974, 5495, 5452, 5083, 5070, 4995, 4936, 4492, 4448, 4437, 4083, 4072, 3920, 3900, 3536, 3506, 3417, 3026, 2983, 2950, 2916, 2878, 2507, 2506, 2418, 2401, 2035, 2006, 1916, 1894, 1875, 1873, 1532, 1514, 1379, 1354, 856, 343]",0.011165779115536003,0.5,0.32797895086493245,0.570200101672574,0.9118478540221023,0.19999999999999996
"[8330, 8177, 7698, 6614, 6274, 5164, 4819, 4478, 4304, 3600, 3574, 2250, 2126, 2102, 1873, 1697, 1694, 1687, 1582, 1456, 1332, 1277, 1199, 1184, 1166, 1158, 1098, 1092, 1068, 896, 880, 851, 824, 806, 665, 627, 600, 596, 590, 582, 564, 553, 529, 429, 392, 370, 318, 315, 231, 201, 200, 173, 172, 165, 163, 162, 138, 87, 86, 76, 73, 64, 62, 40, 36, 35, 32, 31, 30, 28, 26, 25, 24, 1]",0.03198425561472563,0.27,0.4655215250482404,0.46328797593422855,0.46234901053713695,0.0
"[7122, 7101, 7095, 7072, 6579, 6535, 6439, 6274, 5916, 5078, 5070, 4480, 4028, 3353, 3227, 3037, 2972, 2479, 2250, 2126, 2102, 2054, 2019, 1953, 1873, 1712, 1697, 1694, 1687, 1582, 1547, 1546, 1532, 1454, 1450, 1443, 1421, 1349, 1296, 1277, 1231, 1199, 1184, 1098, 1094, 1092, 1068, 734, 665, 614, 600, 596, 590, 582, 564, 553, 529, 495, 446, 442, 433, 283, 219, 201, 200, 173, 172, 165, 162, 144, 141, 138, 132, 86, 78, 76, 73, 64, 59, 54, 40, 38, 36, 35, 32, 31, 30, 28, 26, 25, 24]",0.03559041444778884,0.1,0.477477439713899,0.5239254014051103,0.3927011051143665,0.0
"[6362, 5083, 3189, 3037, 2126, 2102, 2018, 2006, 1873, 1582, 1231, 1098, 1094, 1068, 851, 734, 600, 596, 590, 582, 564, 553, 458, 442, 217, 132, 87, 86, 78, 76, 73, 62, 59, 54, 40, 38, 36, 35, 26]",0.020952766844176893,0.62,0.44155638975771794,0.3488552057064941,0.6751477769211,0.19999999999999996
"[8330, 7253, 5624, 2028, 1094, 1092, 1068, 614, 600, 590, 564, 165, 87, 86, 76, 73, 64, 62, 59, 54]",0.011944894651539709,0.81,0.3796984787095231,0.3141163137981866,0.8404009252120277,0.19999999999999996
"[8330, 8128, 8061, 8046, 7514, 7145, 6793, 6631, 5639, 5624, 5495, 5083, 4991, 4990, 4448, 4083, 3417, 3026, 2951, 2035, 1941, 1904, 1894, 1873, 1872, 1790, 1627, 1532, 1404, 1379, 1354, 1332, 1305, 1231, 880, 817, 808, 738, 736, 458, 442, 407, 359, 343, 318, 290, 283, 240, 231, 219, 209, 201, 173]",0.01949409585552211,0.48,0.4035524567252481,0.5149910498056673,0.7787201233616037,0.19999999999999996
"[8586, 8498, 8487, 8441, 8427, 8315, 8302, 7916, 7789, 7072, 6844, 6027, 5739, 5517, 4995, 4834, 4197, 3506, 3327, 3056, 3037, 2983, 2972, 2950, 2820, 2796, 2783, 1797, 1795, 1712, 1627, 1546, 1421, 1307, 1274, 1128, 1022, 816, 772, 627, 624, 614, 505, 495, 229, 97]",0.011652002778420932,0.55,0.3919701614519,0.5469800146449779,0.8869185299408893,0.19999999999999996
"[8586, 6027, 5639, 5030, 4448, 4306, 4285, 3973, 3227, 1697, 1694, 1184, 920, 665, 162, 144, 141, 38, 36, 35, 32, 31, 30, 28, 26, 25, 24, 13]",0.014444315813845797,0.73,0.3946689716876278,0.32808237905756343,0.8062194808532511,0.19999999999999996
"[8498, 8487, 8302, 7429, 7107, 7101, 7072, 6579, 5639, 5078, 5030, 4306, 4071, 4028, 3506, 3037, 2922, 2479, 2019, 1953, 1712, 1532, 1454, 1450, 1421, 1231, 1199, 816, 495, 446, 442, 433, 209, 201, 173, 172, 165, 141, 2]",0.013103727714748784,0.62,0.4008118737187705,0.4538230980245893,0.8540221022873298,0.19999999999999996
"[7654, 7624, 6802, 5905, 5083, 4995, 4707, 4264, 4072, 3104, 3056, 3037, 2950, 2709, 2275, 2250, 2226, 2126, 2102, 2006, 1873, 1697, 1672, 1582, 1546, 1443, 1263, 1231, 1188, 1128, 1098, 1094, 1092, 1068, 920, 851, 806, 772, 734, 627, 624, 614, 600, 596, 590, 582, 564, 505, 495, 442, 429, 392, 231, 87, 86, 78, 76, 75, 73, 64, 59, 54, 40, 13]",0.027401018754341283,0.37,0.4928774716217744,0.5001061380088259,0.5782575173477256,0.0
"[8586, 8215, 8128, 7654, 7439, 7145, 6647, 6631, 6027, 5083, 5070, 4995, 4600, 4083, 4072, 3536, 3506, 3227, 2983, 2950, 2750, 2683, 2507, 2506, 2126, 2102, 2035, 2018, 2006, 1712, 1697, 1694, 1687, 1680, 1582, 1547, 1532, 1514, 1199, 1184, 1128, 1098, 1092, 1068, 734, 665, 627, 624, 614, 600, 596, 590, 582, 529, 294, 200, 184, 173, 172, 144, 141, 138, 87, 86, 76, 75, 73, 64, 62, 59, 54, 40, 38, 35, 32, 31, 30, 28]",0.029913174345913403,0.23,0.48620355095718026,0.5369060353800441,0.5397070161912105,0.19999999999999996
"[6531, 5227, 4469, 3056, 3037, 2126, 2102, 2074, 1953, 1687, 1404, 1184, 1128, 1098, 1094, 1092, 1068, 1002, 881, 627, 624, 614, 600, 596, 590, 564, 553, 505, 495, 87, 86, 76, 73, 64, 62, 59, 54, 38, 36, 35, 32, 31, 30, 28, 25]",0.02332368603843482,0.56,0.4292033771821778,0.3923676985873752,0.6538164996144951,0.0
"[7705, 6274, 4497, 4488, 4487, 4485, 4484, 4483, 4482, 4481, 4480, 4478, 4469, 3227, 2250, 2126, 2102, 1941, 1907, 1904, 1873, 1697, 1694, 1687, 1582, 1443, 1414, 1404, 1332, 1305, 1296, 1277, 1231, 1199, 1184, 1128, 1098, 1094, 1092, 1068, 1022, 920, 904, 880, 851, 824, 806, 790, 734, 665, 627, 624, 614, 600, 596, 590, 582, 564, 553, 442, 435, 429, 392, 370, 318, 310, 294, 290, 283, 219, 201, 200, 173, 172, 165, 162, 144, 141, 138, 132, 87, 86, 76, 73, 64, 62, 59, 54, 40, 38, 36, 35, 32, 31, 30, 28, 26, 25, 8]",0.04013892104653855,0.02,0.4772682140028621,0.3564740887367124,0.1693652017476227,0.19999999999999996
"[8586, 7122, 7101, 7095, 6579, 6541, 6274, 6027, 5975, 5078, 5070, 4492, 4232, 4071, 4028, 3506, 3394, 3353, 3227, 3037, 2951, 2820, 2479, 2250, 2126, 2102, 2054, 2019, 1873, 1712, 1697, 1694, 1687, 1582, 1546, 1532, 1454, 1450, 1332, 1231, 1199, 1184, 1098, 1094, 1092, 1068, 935, 790, 734, 665, 614, 600, 596, 590, 582, 564, 553, 529, 495, 446, 442, 433, 429, 414, 201, 200, 173, 172, 165, 162, 144, 141, 138, 132, 86, 78, 76, 73, 64, 59, 54, 40, 38, 36, 35, 32, 31, 30, 28, 26, 25, 24]",0.03554294975688817,0.09,0.4724137659450903,0.545212165563657,0.40118221536879983,0.0
"[4995, 4483, 1546, 1382]",0.0029219726788608474,0.97,0.22144740445349342,0.22443497811558066,0.9719866358262658,0.19999999999999996
"[4492, 2322]",0.001712201898587636,0.99,0.14929467210121827,0.18642857181868455,0.9915188897455667,0.4
"[8215, 6920, 6362, 5312, 3227, 3117, 2796, 2776, 2316, 2126, 2102, 1873, 1697, 1687, 1582, 1547, 1274, 1231, 1199, 1184, 1128, 1098, 1092, 1068, 1022, 614, 600, 596, 590, 588, 582, 529, 231, 200, 173, 165, 162, 151, 141, 138, 86, 78, 76, 73, 64, 62, 59, 54, 40, 38, 36, 35, 32, 31, 30, 28, 26, 25, 24]",0.026965732808520493,0.42,0.4672181564820126,0.4237352114623797,0.5451040863531226,0.19999999999999996
"[8128, 8117, 7232, 5704, 5639, 5083, 4475, 4469, 2378, 2126, 1582, 1546, 1404, 1199, 1098, 1092, 920, 738, 596, 590, 588, 582, 564, 442, 200, 173, 165, 87, 86, 78, 76, 64, 62, 59, 54]",0.018454503357258623,0.66,0.38098028584957977,0.40374553527204693,0.7494217424826523,0.19999999999999996
"[6920, 6274, 3084, 2316, 2126, 2102, 1795, 1582, 1547, 1546, 1420, 1307, 1098, 1092, 1068, 709, 596, 590, 564, 553, 529, 429, 132, 87, 86, 76, 73, 64, 62, 59, 54, 40, 38, 35, 32, 31, 30, 26]",0.01995369298448715,0.63,0.4334623260742394,0.36766209419157636,0.7003341043433564,0.19999999999999996
"[8467, 8465, 8464, 8456, 5624, 5227, 4497, 4487, 4485, 4477, 4476, 4475, 4469, 3557, 2126, 2102, 1941, 1907, 1904, 1873, 1872, 1790, 1697, 1694, 1687, 1582, 1556, 1555, 1553, 1546, 1404, 1332, 1317, 1305, 1231, 1184, 1128, 1098, 1094, 1092, 1068, 906, 880, 817, 808, 736, 734, 665, 627, 624, 614, 600, 596, 590, 564, 553, 529, 458, 442, 407, 386, 359, 318, 290, 283, 240, 231, 219, 209, 201, 173, 172, 165, 162, 144, 141, 138, 87, 86, 76, 73, 64, 62, 59, 54, 40, 36, 35, 32, 31, 30, 28, 25, 22, 15, 13]",0.03990043991664737,0.05,0.44579751481985186,0.35530224390292076,0.2343870470316114,0.19999999999999996
"[8061, 8046, 7654, 7514, 7145, 6631, 6274, 5975, 5974, 5495, 5452, 5083, 5070, 4936, 4600, 4476, 4475, 4469, 4448, 4437, 4083, 4072, 3536, 3417, 3284, 3026, 2916, 2507, 2506, 2401, 2054, 2035, 2018, 2006, 1907, 1894, 1875, 1873, 1627, 1547, 1546, 1514, 1379, 1354, 1002, 856, 790, 665, 529, 458, 343, 163, 144, 141, 138, 132, 31, 30, 28, 26, 25, 24]",0.022656865015049783,0.39,0.387267397496763,0.5107505066572677,0.7396556155230019,0.19999999999999996
"[6274, 6054, 4469, 1795, 1547, 1546, 1404, 920, 529, 442, 132]",0.006893956934475573,0.9,0.3066144257923682,0.307913495934545,0.9241840143921871,0.19999999999999996
"[8405, 8051, 7789, 7654, 7278, 7219, 7145, 7085, 6687, 6631, 6097, 5639, 5634, 5229, 5083, 5070, 4995, 4798, 4469, 4083, 4072, 3804, 3204, 3089, 3056, 3026, 2951, 2880, 2796, 2625, 2507, 2006, 1941, 1907, 1904, 1694, 1582, 1514, 1443, 1404, 1199, 1184, 1128, 1098, 1068, 1022, 1002, 880, 851, 807, 627, 624, 614, 600, 590, 564, 553, 442, 429, 370, 231, 165, 162, 87, 86, 78, 76, 64, 59, 54, 40, 38, 36, 35, 32, 31, 30]",0.029675850891410047,0.24,0.46136588055426364,0.5543997628721444,0.5741454638910306,0.19999999999999996
"[8441, 8427, 8376, 7916, 7654, 7439, 7347, 6631, 6362, 6309, 6195, 5684, 5639, 5637, 5083, 4991, 4834, 4488, 4487, 4485, 4484, 4483, 4481, 4480, 4478, 4477, 4469, 4351, 4072, 4071, 3724, 3327, 3149, 3037, 2820, 2796, 2787, 2776, 2316, 2250, 2018, 2006, 1907, 1873, 1836, 1781, 1636, 1582, 1547, 1546, 1443, 1442, 1414, 1404, 1332, 1307, 1296, 1274, 1231, 1068, 1022, 920, 904, 851, 824, 806, 790, 772, 734, 564, 553, 529, 443, 442, 429, 392, 370, 318, 294, 290, 283, 231, 229, 222, 220, 214, 201, 87, 86, 62, 59, 54, 40, 36, 1]",0.034075017365130814,0.06,0.46843577495803623,0.5235427026464154,0.4556669236700077,0.19999999999999996
"[8586, 7952, 6878, 6027, 5639, 5030, 4485, 4484, 4483, 4482, 4481, 4480, 4478, 4469, 4448, 4306, 4285, 3973, 3227, 2250, 1907, 1904, 1873, 1697, 1694, 1404, 1332, 1305, 1296, 1277, 1231, 1199, 1184, 1022, 920, 880, 851, 824, 806, 790, 734, 665, 442, 429, 370, 318, 294, 290, 231, 219, 201, 200, 162, 144, 141, 38, 36, 35, 32, 31, 30, 28, 26, 25, 24, 13]",0.02932623292428803,0.35,0.4301315599799288,0.35715983530525086,0.5098946286301722,0.0
"[8586, 8128, 8061, 8046, 7514, 7145, 6647, 6631, 6027, 5495, 5083, 4995, 4991, 4990, 4600, 4599, 4448, 4083, 3417, 3026, 2951, 2683, 2036, 1894, 1627, 1532, 1514, 1379, 1354, 343, 173, 172]",0.006830284788145404,0.69,0.34528993566762967,0.4925120111677429,0.9385762014906194,0.19999999999999996
"[7407, 4600, 3227, 2250, 2126, 2102, 2018, 1697, 1694, 1687, 1627, 1582, 1556, 1555, 1546, 1231, 1184, 1128, 1098, 1094, 1092, 1068, 734, 627, 624, 614, 600, 596, 590, 553, 527, 209, 201, 173, 172, 165, 162, 155, 87, 86, 76, 73, 64, 62, 59, 54, 40, 36, 35, 30, 28, 25, 22]",0.026488770548738133,0.48,0.46584379367040474,0.3826342878782094,0.5641223335903367,0.0
"[8498, 8128, 6981, 6976, 6967, 6920, 6362, 6274, 5974, 5452, 4936, 4437, 3920, 3900, 3506, 3287, 2983, 2878, 2820, 2776, 2745, 2506, 2316, 2054, 1875, 1873, 1797, 1795, 1717, 1712, 1547, 1546, 1354, 1307, 816, 809, 790, 776, 590, 529, 343, 214, 208, 144, 141, 138, 132]",0.014227830516323224,0.54,0.4177957990640465,0.5192337545898436,0.8486250321254176,0.19999999999999996
"[8487, 8441, 6967, 6920, 6362, 5704, 5632, 4991, 4488, 4487, 4485, 4484, 4483, 4482, 4481, 4480, 4478, 4351, 3900, 3227, 3198, 3117, 2987, 2796, 2776, 2745, 2316, 2126, 2102, 1873, 1697, 1687, 1600, 1582, 1443, 1442, 1414, 1332, 1307, 1296, 1274, 1231, 1199, 1184, 1128, 1094, 1092, 1068, 1022, 920, 904, 851, 824, 816, 806, 734, 614, 600, 596, 590, 588, 582, 564, 553, 442, 392, 318, 290, 283, 231, 201, 200, 173, 165, 162, 144, 141, 138, 87, 86, 78, 76, 73, 64, 62, 59, 54, 40, 38, 36, 35, 32, 31, 30, 28, 26, 25, 24]",0.03863278536698309,0.03,0.46669248466513347,0.44808110207836604,0.2898997686969931,0.19999999999999996
"[8330, 7156, 6793, 6439, 6274, 5916, 5639, 5070, 4990, 4480, 4478, 4469, 3227, 2951, 2250, 2126, 2102, 1941, 1907, 1904, 1873, 1712, 1697, 1694, 1687, 1582, 1532, 1450, 1443, 1404, 1349, 1332, 1305, 1296, 1277, 1231, 1199, 1184, 1098, 1094, 1092, 1068, 880, 851, 824, 806, 790, 734, 665, 614, 600, 596, 590, 582, 564, 553, 429, 407, 318, 294, 290, 283, 231, 219, 201, 200, 173, 172, 165, 162, 144, 141, 138, 132, 86, 78, 76, 73, 64, 59, 54, 40, 38, 36, 35, 32, 31, 30]",0.03683607316508451,0.13,0.4527189487448555,0.4510688070156985,0.3495245438190696,0.0
"[8586, 8195, 6179, 6027, 5634, 4483, 1953, 665, 389, 162, 35, 32, 31, 28, 24, 8, 4]",0.009225515165547581,0.84,0.297671620828178,0.31217889672010746,0.9025957337445387,0.19999999999999996
"[8465, 8464, 8456, 8425, 5227, 4475, 4469, 3227, 2126, 2102, 1907, 1904, 1873, 1872, 1790, 1697, 1694, 1687, 1556, 1555, 1553, 1546, 1420, 1332, 1305, 1296, 1231, 1184, 1128, 1098, 1094, 1092, 1068, 880, 817, 808, 736, 734, 665, 627, 624, 614, 600, 596, 590, 564, 553, 529, 359, 318, 290, 283, 240, 231, 219, 209, 201, 173, 172, 165, 162, 144, 141, 138, 87, 86, 76, 73, 64, 62, 59, 54, 40, 36, 35, 32, 31, 30, 28, 25, 22, 15, 13]",0.037251678629312335,0.18,0.4342059176312094,0.3839923284565284,0.31585710614237983,0.19999999999999996
"[8441, 8330, 7514, 7477, 7439, 6933, 6920, 6793, 6699, 6362, 5639, 5567, 5547, 4991, 4990, 4762, 4488, 4487, 4485, 4484, 4483, 4481, 4480, 4478, 4469, 4448, 4351, 3417, 3227, 2983, 2951, 2796, 2776, 2316, 2250, 2204, 1907, 1873, 1697, 1687, 1443, 1442, 1404, 1379, 1332, 1307, 1296, 1274, 1231, 1199, 1184, 1128, 1094, 1092, 1068, 1022, 920, 904, 851, 824, 806, 790, 734, 614, 600, 590, 582, 564, 553, 442, 429, 414, 407, 392, 370, 318, 294, 290, 283, 231, 201, 200, 173, 172, 165, 162, 151, 141, 138, 62, 59, 54, 40]",0.035379717527205375,0.08,0.46221744501717876,0.46535890428824356,0.4135183757388846,0.19999999999999996
"[8586, 8061, 8046, 7654, 7514, 7122, 7101, 7095, 6967, 6920, 6579, 6541, 6027, 5975, 5974, 5886, 5495, 5078, 5070, 4492, 4448, 4072, 4071, 4028, 3900, 3536, 3506, 3417, 3394, 3353, 3037, 2983, 2951, 2878, 2820, 2506, 2479, 2401, 2316, 2102, 2054, 2019, 2018, 1916, 1894, 1873, 1797, 1795, 1582, 1547, 1546, 1532, 1454, 1450, 1379, 1332, 1307, 1231, 1199, 1092, 1068, 935, 856, 790, 776, 772, 734, 564, 553, 529, 495, 446, 442, 433, 429, 414, 64, 62, 59, 54, 40, 38, 36, 35, 32, 31, 30, 28, 26, 25, 24]",0.0309423477656865,0.1,0.4671292373100545,0.6114117509539014,0.5936777178103315,0.0
"[8586, 8061, 8046, 7654, 7101, 7095, 6849, 6579, 6541, 6027, 5975, 5495, 5227, 5070, 4492, 4448, 4072, 4028, 3536, 3506, 3394, 3353, 2820, 2589, 2479, 2126, 2102, 2018, 1916, 1894, 1873, 1795, 1582, 1556, 1555, 1553, 1546, 1532, 1454, 1450, 1379, 1332, 1231, 1199, 1128, 1098, 1094, 1092, 1068, 935, 790, 776, 772, 734, 614, 600, 596, 590, 564, 553, 529, 446, 442, 433, 429, 414, 87, 86, 76, 73, 64, 62, 59, 54, 40, 36, 35, 32, 31, 30, 28, 25, 22, 15, 13]",0.03311993517017828,0.16,0.4748797324899239,0.5584484337395712,0.4919043947571319,0.19999999999999996
[7862],0.00012502894188469555,1.0,0.011721177218961154,0.1674453888423023,0.9997429966589566,1.0
"[8291, 7514, 6236, 6143, 6097, 5731, 5704, 5460, 4806, 4492, 4469, 4038, 3417, 3402, 3139, 2661, 2425, 2148, 2142, 1907, 1904, 1873, 1697, 1694, 1666, 1627, 1332, 1305, 1231, 1184, 880, 738, 474, 318, 290, 283, 225, 219, 201, 172, 165, 162]",0.01744616809446631,0.59,0.3691635729916356,0.435349129189712,0.7964533538936006,0.0
"[6274, 3227, 2250, 2126, 2102, 1873, 1697, 1694, 1687, 1582, 1547, 1546, 1332, 1305, 1296, 1277, 1231, 1199, 1184, 1128, 1098, 1094, 1092, 1068, 1022, 806, 790, 734, 665, 627, 624, 614, 600, 596, 590, 582, 564, 553, 529, 294, 290, 283, 219, 201, 200, 173, 172, 165, 162, 144, 141, 138, 132, 87, 86, 76, 64, 62, 59, 54, 40, 38, 36, 35, 32, 31, 30, 28, 26, 25, 24, 1]",0.03336883537855985,0.29,0.466151473428427,0.4016436842559882,0.3819069647905423,0.19999999999999996
"[8586, 8061, 8046, 7654, 7514, 7101, 7095, 6849, 6579, 6541, 6027, 5975, 5639, 5495, 5227, 5070, 5030, 4492, 4448, 4306, 4072, 4028, 3536, 3506, 3394, 3353, 2820, 2589, 2479, 2126, 2018, 1916, 1894, 1873, 1872, 1795, 1532, 1454, 1450, 1379, 1332, 1231, 1199, 1128, 1098, 1092, 935, 790, 776, 772, 734, 614, 600, 596, 590, 446, 442, 433, 429, 414, 87, 86, 76, 73, 64, 62]",0.023405880990970133,0.35,0.4491875351352692,0.5740227094605992,0.7070161912104858,0.0
"[8291, 7514, 6236, 6097, 5731, 5704, 5460, 4806, 4492, 4038, 3417, 3402, 2425, 2148, 1627, 738, 474, 225]",0.004781199351701782,0.83,0.24184364419435522,0.37418611410145153,0.9611924955024416,0.19999999999999996
"[8586, 6844, 6027, 4995, 3383, 2983, 2950, 2820, 1797, 1795, 1404, 1307, 772, 485]",0.003354943273905997,0.87,0.27634681069389,0.3660003325931962,0.9699306090979183,0.4
"[8330, 8128, 7654, 7145, 6793, 6647, 6631, 5639, 5083, 5070, 4600, 4083, 4072, 3536, 3506, 2951, 2507, 2506, 2035, 2018, 2006, 1532, 1503, 738]",0.004834452419541561,0.77,0.26094627383752567,0.4197722385788396,0.963248522230789,0.4
"[8467, 8465, 8464, 8456, 7882, 7514, 5624, 5227, 4990, 4600, 4497, 4487, 4485, 4477, 4476, 4475, 4469, 3417, 3227, 2126, 2102, 2018, 1941, 1907, 1904, 1894, 1873, 1872, 1790, 1697, 1694, 1687, 1627, 1582, 1556, 1404, 1332, 1305, 1296, 1231, 1184, 1128, 1098, 1094, 1092, 1068, 920, 906, 880, 817, 808, 736, 734, 665, 627, 624, 614, 600, 596, 590, 564, 553, 458, 442, 407, 386, 359, 343, 318, 290, 283, 240, 231, 219, 209, 201, 173, 172, 165, 162, 144, 141, 138, 87, 86, 76, 73, 64, 62, 59, 54, 40, 36, 35, 32, 31, 30, 28, 25, 22]",0.040312572354711744,0.01,0.4419965940754803,0.39123479356594926,0.2534052942688255,0.19999999999999996
"[8586, 6027, 5639, 3210, 1547, 1546, 920, 384, 162, 144, 141, 138, 35, 32, 31, 28, 26, 25, 24, 13]",0.011055799953692984,0.81,0.37807394507632575,0.29840012408151784,0.8537650989462863,0.19999999999999996
"[8574, 8427, 8376, 8061, 8046, 7916, 7122, 7107, 7101, 7095, 7072, 6920, 6579, 6535, 6362, 6349, 6195, 6013, 5975, 5495, 5078, 4990, 4834, 4451, 4448, 4071, 4028, 3724, 3454, 3417, 3327, 3149, 3037, 2972, 2916, 2820, 2796, 2787, 2776, 2479, 2401, 2316, 2250, 2019, 1953, 1894, 1873, 1866, 1781, 1740, 1636, 1627, 1582, 1532, 1454, 1450, 1421, 1379, 1319, 1277, 1274, 1231, 1199, 1068, 772, 734, 564, 553, 495, 446, 433, 429, 385, 343, 291, 231, 229, 222, 220, 219, 214, 209, 201, 200, 173, 172, 165, 87, 86, 62, 59, 54, 40, 36]",0.029756888168557538,0.07,0.5011063245923522,0.637332548163158,0.6224620920071962,0.0
"[8586, 8215, 8128, 7145, 6631, 6027, 5083, 4083, 3026, 2364, 2035, 1547, 1532, 1354, 529, 40, 38, 36, 35, 32, 31, 30, 28, 26, 25, 24]",0.0111437832831674,0.75,0.3675190031035642,0.3853920064258324,0.8681572860447186,0.19999999999999996
"[8586, 8195, 6179, 6027, 5634, 4483, 3973, 3227, 1953, 1697, 1694, 1397, 1184, 665, 389, 162, 38, 36, 35, 32, 31, 30, 28, 24, 8, 4]",0.01368140773327159,0.75,0.34302506827473744,0.34610748278010584,0.8334618350038551,0.19999999999999996
"[8586, 8128, 7347, 7145, 6647, 6309, 6027, 5684, 5639, 5083, 4995, 4991, 4600, 4599, 4448, 4083, 3026, 2951, 2683, 2036, 1836, 1547, 1546, 1532, 1514, 1379, 1354, 529, 173, 172, 1]",0.008701088214864552,0.7,0.38666308757492684,0.47973158775902314,0.908763813929581,0.19999999999999996
"[8315, 8302, 7954, 7789, 7514, 7472, 7122, 7107, 7101, 7095, 7072, 5739, 5704, 5078, 4990, 4448, 4197, 4028, 3417, 3287, 3037, 2745, 2479, 2126, 2019, 1953, 1873, 1866, 1712, 1627, 1532, 1454, 1450, 1379, 1231, 1128, 1098, 1094, 627, 624, 614, 596, 590, 582, 495, 446, 433, 429, 343, 214, 208, 201, 173, 172, 97, 87, 86, 76, 75, 73]",0.02211391525816161,0.41,0.4659254731818038,0.5453220709345281,0.7165253148290928,0.0
"[8467, 8465, 8464, 8456, 8441, 8427, 8315, 8302, 7916, 7789, 6920, 6362, 5739, 5704, 4991, 4834, 4477, 4476, 4475, 4469, 4197, 3327, 3270, 3227, 2820, 2796, 2787, 2783, 2776, 2745, 1916, 1907, 1904, 1873, 1872, 1797, 1795, 1790, 1712, 1697, 1694, 1687, 1627, 1404, 1332, 1305, 1274, 1231, 1184, 880, 817, 808, 772, 736, 734, 665, 627, 624, 614, 590, 359, 318, 290, 283, 240, 231, 229, 219, 214, 209, 208, 201, 173, 172, 165, 162, 155, 144, 141, 138, 97, 75]",0.03103380412132438,0.19,0.39537884666035406,0.43203957444031205,0.560781290156772,0.0
"[8574, 8427, 8302, 8061, 8046, 7916, 7429, 7219, 7145, 7122, 7107, 7101, 6920, 6535, 6362, 6013, 5975, 5835, 5639, 5634, 5495, 5078, 4995, 4991, 4451, 4448, 4071, 3454, 3204, 3089, 3037, 2951, 2916, 2796, 2787, 2776, 2401, 2250, 2019, 1941, 1894, 1873, 1866, 1781, 1740, 1582, 1532, 1443, 1379, 1319, 1277, 1274, 1231, 1199, 1184, 1128, 1068, 902, 807, 734, 614, 564, 553, 495, 446, 442, 429, 385, 291, 231, 229, 222, 220, 219, 214, 209, 201, 173, 172, 165, 162, 141, 87, 86, 40, 38, 36, 35, 32, 31, 30, 2]",0.030823107200740912,0.09,0.5058035264925166,0.6209266010298584,0.5643793369313801,0.19999999999999996
"[8427, 8376, 8291, 7916, 7654, 7526, 7514, 7347, 7278, 6848, 6715, 6631, 6309, 6236, 6143, 6097, 5947, 5739, 5731, 5704, 5684, 5639, 5634, 5460, 5444, 5229, 4995, 4806, 4477, 4199, 4072, 4071, 4038, 3767, 3567, 3402, 3327, 3204, 3056, 2951, 2796, 2661, 2239, 2148, 2142, 1836, 1781, 1627, 1514, 1274, 1133, 1022, 738, 474, 443, 231, 225]",0.0128050474646909,0.44,0.3354500734169571,0.5521023167725729,0.8984836802878438,0.19999999999999996
"[8586, 8498, 8487, 8128, 8061, 8046, 7654, 7514, 7145, 6981, 6976, 6967, 6647, 6631, 6027, 5975, 5974, 5495, 5452, 5227, 5083, 5070, 4995, 4936, 4448, 4437, 4083, 4072, 3920, 3900, 3536, 3506, 3417, 3026, 2983, 2950, 2916, 2878, 2507, 2506, 2401, 2316, 2126, 2102, 2074, 2035, 2006, 1916, 1894, 1875, 1873, 1556, 1555, 1514, 1379, 1354, 1307, 1128, 1098, 1094, 1092, 1068, 856, 816, 776, 614, 600, 596, 590, 564, 553, 343, 87, 86, 76, 73, 64, 62, 59, 54, 38, 36, 35, 32, 31, 30, 28, 15]",0.028422088446399627,0.13,0.4838007829886293,0.6153879372355922,0.6191210485736315,0.0
"[8128, 6647, 6631, 4600, 4492, 4083, 2387, 2036, 1532, 1514, 173, 172]",0.0042382495948136145,0.89,0.2387683588324272,0.3261398796474658,0.9665895656643536,0.19999999999999996
"[8498, 8487, 8441, 8427, 8315, 8302, 8046, 7916, 7789, 7654, 7514, 6981, 6976, 6967, 6920, 6362, 5975, 5739, 5704, 5495, 5452, 5083, 5034, 4995, 4936, 4834, 4448, 4437, 4197, 4072, 3920, 3900, 3417, 3327, 3287, 2950, 2916, 2878, 2820, 2796, 2787, 2783, 2776, 2745, 2401, 2316, 2006, 1894, 1875, 1873, 1797, 1795, 1712, 1627, 1379, 1354, 1307, 1274, 856, 816, 776, 772, 614, 590, 343, 229, 214, 208, 97, 75]",0.01672609400324149,0.31,0.4283472722566666,0.6422688482222334,0.8493960421485479,0.19999999999999996
"[8586, 8498, 8487, 8405, 8051, 7789, 7654, 7278, 7095, 7085, 7072, 6687, 6631, 6579, 6097, 6027, 5229, 5083, 5070, 4995, 4798, 4469, 4083, 4072, 3804, 3506, 3056, 3026, 2983, 2972, 2950, 2880, 2820, 2796, 2625, 2507, 2479, 2006, 1953, 1907, 1904, 1797, 1795, 1712, 1694, 1514, 1454, 1450, 1421, 1404, 1307, 1229, 1199, 1098, 1022, 1002, 880, 851, 816, 772, 627, 624, 614, 600, 590, 442, 433, 370, 231, 165, 87, 86, 76, 64, 59, 54]",0.02618777494790461,0.25,0.4574761748819728,0.5768230983902936,0.6882549473143151,0.19999999999999996
"[8061, 8046, 7514, 6536, 6439, 6274, 5916, 5704, 5495, 5070, 4995, 4990, 4480, 4478, 4448, 3417, 3227, 2950, 2250, 2126, 1907, 1904, 1894, 1873, 1712, 1697, 1694, 1687, 1680, 1627, 1450, 1443, 1404, 1379, 1332, 1305, 1296, 1277, 1231, 1199, 1184, 1128, 1098, 1094, 1092, 920, 880, 851, 824, 806, 790, 738, 734, 665, 627, 624, 614, 600, 596, 590, 582, 385, 343, 318, 294, 290, 283, 219, 201, 200, 173, 172, 165, 162, 144, 141, 138, 87, 86, 76, 75, 73, 64, 62]",0.03431812919657328,0.17,0.46068648454157046,0.5113077570332739,0.4471858134155744,0.0
"[2102, 1582, 1556, 1555, 1553, 1546, 1068, 564, 553, 529, 64, 62, 59, 54, 40, 36, 35, 32, 31, 30, 28, 22, 15, 13]",0.015540634406112527,0.77,0.4006794409975529,0.2657489829066477,0.7784631200205603,0.19999999999999996
"[8498, 8128, 7514, 6981, 6976, 6967, 6920, 6362, 6274, 5975, 5974, 5452, 4936, 4437, 3920, 3900, 3506, 3417, 3287, 2983, 2878, 2820, 2783, 2776, 2506, 2316, 2054, 1875, 1873, 1797, 1795, 1717, 1712, 1547, 1546, 1354, 1307, 856, 816, 790, 776, 772, 590, 529, 495, 343, 214, 208, 144, 141, 138, 132]",0.01536814077332716,0.49,0.42351429102476457,0.5325421834196526,0.8429709586224621,0.19999999999999996
"[8061, 8046, 7514, 6920, 6362, 5495, 5312, 4995, 4991, 4990, 4448, 3417, 3227, 3117, 2951, 2796, 2776, 2316, 2126, 2102, 1894, 1873, 1697, 1687, 1627, 1582, 1379, 1274, 1231, 1199, 1184, 1128, 1098, 1092, 1068, 1022, 614, 600, 596, 590, 588, 582, 343, 231, 200, 173, 165, 162, 151, 141, 138, 86, 78, 76, 73, 62, 59, 54]",0.024672377865246585,0.43,0.4686507557214543,0.4864667158127566,0.6455923927011051,0.19999999999999996
"[7988, 7362, 2102, 2054, 1916, 1582, 1547, 1546, 1098, 1094, 1068, 590, 582, 564, 553, 162, 78, 76, 73, 64, 59, 54, 40, 38, 36, 35, 32, 31, 30, 28, 26, 25, 24]",0.01754457050243112,0.68,0.410191395432997,0.33673778709658075,0.7334875353379594,0.19999999999999996
"[8586, 8488, 8479, 8427, 8237, 8128, 8117, 8104, 8061, 8046, 7916, 7514, 7086, 6967, 6920, 6802, 6706, 6362, 6027, 5975, 5974, 5537, 5495, 5452, 5397, 5328, 5127, 5083, 4834, 4707, 4648, 4492, 4448, 4437, 4264, 3920, 3900, 3506, 3491, 3417, 3394, 3327, 3270, 3026, 2983, 2951, 2949, 2916, 2820, 2796, 2787, 2709, 2401, 2316, 2035, 2006, 1894, 1875, 1873, 1712, 1697, 1672, 1556, 1532, 1379, 1319, 1274, 1231, 1188, 935, 856, 816, 772, 734, 600, 583, 414, 291, 229, 222, 220, 214, 209, 208, 87, 86, 70]",0.02448136142625608,0.14,0.43540695878846547,0.7138685315378455,0.756360832690825,0.19999999999999996
"[8427, 8291, 7916, 7654, 7526, 7514, 7278, 6631, 6236, 6097, 5739, 5731, 5704, 5460, 5234, 4497, 4477, 4199, 4072, 4071, 4038, 3567, 3402, 3327, 3056, 2796, 2661, 2148, 2142, 1781, 1627, 1514, 1274, 1133, 1022, 738, 474, 443, 231, 225]",0.010489696689048391,0.61,0.2845480472588586,0.4831250923333468,0.9115908506810588,0.19999999999999996
"[3854, 3227, 2250, 2126, 2102, 2054, 1697, 1694, 1687, 1582, 1556, 1555, 1553, 1547, 1546, 1231, 1184, 1128, 1098, 1094, 1092, 1068, 734, 627, 624, 614, 600, 596, 590, 553, 529, 209, 201, 173, 172, 165, 162, 144, 141, 87, 86, 76, 73, 62, 59, 54, 40, 36, 35, 30, 28, 25, 22, 15]",0.027243574901597595,0.47,0.45933861009691856,0.35616595413433594,0.5337959393472116,0.19999999999999996
"[8586, 8237, 8128, 7654, 7514, 7072, 6802, 6706, 6647, 6631, 6027, 5704, 5639, 5083, 5070, 4995, 4990, 4707, 4600, 4599, 4496, 4448, 4083, 4072, 3536, 3506, 3417, 3227, 2983, 2950, 2750, 2709, 2683, 2507, 2506, 2126, 2035, 2018, 2006, 1953, 1712, 1697, 1694, 1687, 1680, 1672, 1585, 1532, 1514, 1379, 1199, 1184, 1128, 1098, 1094, 1092, 734, 665, 627, 624, 614, 600, 596, 590, 583, 582, 343, 200, 184, 173, 172, 165, 144, 141, 87, 86, 76, 75, 73, 70]",0.02851586015281315,0.21,0.44871198159533743,0.5922983082991214,0.6283731688511951,0.0
"[8330, 8177, 7698, 6713, 6614, 6309, 5639, 5634, 5164, 4995, 4819, 4478, 4304, 3600, 3574, 3204, 2951, 2250, 2126, 2102, 1873, 1697, 1694, 1687, 1582, 1456, 1332, 1277, 1199, 1184, 1166, 1098, 1092, 1068, 880, 851, 824, 806, 665, 627, 600, 596, 590, 582, 564, 553, 529, 429, 370, 318, 315, 231, 201, 200, 173, 172, 165, 163, 162, 87, 86, 76, 73, 62, 40, 36, 35, 32, 31, 30, 28, 26, 25, 24]",0.031456355637879144,0.27,0.46180995570680794,0.503535753501471,0.4867643279362631,0.19999999999999996
"[6274, 3755, 3227, 1795, 1697, 1694, 1556, 1555, 1553, 1546, 1184, 920, 665, 529, 162, 147, 141, 132, 38, 36, 35, 32, 31, 30, 28, 26, 25, 24, 15]",0.01735355406344061,0.72,0.4233817524752497,0.29848531894339436,0.7509637625289128,0.19999999999999996
"[3227, 2362, 2250, 2126, 2102, 1873, 1697, 1694, 1687, 1582, 1556, 1555, 1553, 1546, 1332, 1305, 1277, 1231, 1199, 1184, 1128, 1098, 1094, 1092, 1068, 1022, 806, 734, 665, 627, 624, 614, 600, 596, 590, 582, 564, 553, 529, 294, 290, 283, 219, 201, 200, 173, 172, 165, 162, 144, 141, 138, 87, 86, 76, 64, 62, 59, 54, 40, 38, 36, 35, 32, 31, 30, 28, 26, 25, 24, 22, 15, 13]",0.03391178513544802,0.28,0.4652087438021626,0.3853276137624231,0.3618607041891545,0.0
"[8467, 8465, 8464, 8456, 6274, 5624, 5227, 4497, 4487, 4485, 4477, 4476, 4475, 4469, 4288, 4232, 3227, 2126, 2102, 2054, 1941, 1907, 1904, 1873, 1872, 1790, 1697, 1694, 1687, 1582, 1546, 1404, 1332, 1305, 1296, 1231, 1184, 1098, 1094, 1092, 1068, 906, 880, 817, 808, 736, 734, 665, 627, 624, 614, 600, 596, 590, 582, 564, 553, 529, 458, 442, 407, 386, 359, 318, 290, 283, 240, 231, 219, 209, 201, 173, 172, 165, 162, 144, 141, 138, 132, 86, 78, 76, 73, 64, 59, 54, 40, 38, 36, 35, 32, 31, 30, 28, 26, 25, 24]",0.03944315813845797,0.04,0.4477194676177755,0.3642358026649606,0.23772809046517607,0.19999999999999996
"[8441, 8427, 8376, 8061, 8046, 7916, 7514, 6920, 6362, 6349, 6195, 5975, 5974, 5495, 5452, 4834, 4448, 4437, 3920, 3724, 3417, 3327, 3287, 3149, 2820, 2796, 2787, 2783, 2776, 2401, 2316, 2250, 1916, 1894, 1875, 1873, 1740, 1636, 1627, 1582, 1379, 1274, 1235, 1199, 1068, 856, 772, 590, 564, 553, 343, 229, 220, 219, 214, 209, 208, 201, 200, 173, 172, 165, 87, 86, 62, 59, 54, 40, 36]",0.02380875202593193,0.32,0.46692620437585053,0.5682623533420401,0.705988177846312,0.0
"[8586, 8195, 7122, 7101, 7095, 6579, 6541, 6274, 6027, 5975, 5634, 5078, 5070, 4492, 4483, 4071, 4028, 3506, 3394, 3353, 3227, 3037, 2951, 2820, 2479, 2250, 2126, 2102, 2019, 1873, 1712, 1697, 1694, 1687, 1582, 1532, 1454, 1450, 1332, 1231, 1199, 1184, 1098, 1094, 1092, 1068, 935, 790, 734, 665, 614, 600, 596, 590, 582, 564, 553, 495, 446, 433, 429, 414, 389, 201, 200, 173, 172, 165, 162, 144, 141, 138, 132, 86, 78, 76, 73, 64, 59, 54, 40, 38, 36, 35, 32, 31, 30, 28, 26, 24, 4]",0.03489928224125955,0.1,0.45686162857481993,0.5296486099618579,0.43279362631714213,0.0
"[8330, 6793, 5639, 4995, 2951, 2423, 53]",0.0013741606853438296,0.94,0.17638850529726957,0.28806612886295613,0.9907478797224364,0.6
"[8586, 8195, 6844, 6027, 5634, 5369, 4483, 3973, 3383, 2983, 1404, 1307, 485, 389, 4]",0.005026626533919889,0.86,0.2432051922778824,0.3564533567848067,0.9637625289128758,0.19999999999999996
"[8467, 8465, 8464, 8456, 5624, 5227, 4600, 4497, 4487, 4485, 4477, 4476, 4475, 4469, 3227, 2126, 2102, 2054, 2018, 1941, 1907, 1904, 1873, 1872, 1790, 1697, 1694, 1687, 1582, 1556, 1555, 1553, 1547, 1546, 1404, 1332, 1305, 1296, 1231, 1184, 1128, 1098, 1094, 1092, 1068, 920, 906, 880, 817, 808, 736, 734, 665, 627, 624, 614, 600, 596, 590, 564, 553, 458, 442, 407, 386, 359, 318, 290, 283, 240, 231, 219, 209, 201, 173, 172, 165, 162, 144, 141, 138, 87, 86, 76, 73, 64, 62, 59, 54, 40, 39, 36, 35, 32, 31, 30, 28, 25, 24, 22]",0.040973605001157674,0.01,0.4536424203060033,0.37776371717545354,0.2130557697250064,0.19999999999999996
"[8586, 8061, 7122, 7107, 7101, 7095, 7072, 6579, 6535, 6274, 6027, 5975, 5078, 4990, 4492, 4232, 4071, 4028, 3454, 3394, 3353, 3227, 3037, 2972, 2820, 2479, 2250, 2126, 2102, 2054, 2019, 1953, 1873, 1712, 1697, 1687, 1582, 1546, 1532, 1454, 1450, 1421, 1231, 1199, 1184, 1098, 1094, 1092, 1068, 790, 734, 665, 614, 600, 596, 590, 582, 564, 553, 529, 495, 446, 433, 429, 385, 201, 200, 173, 172, 165, 162, 144, 141, 138, 132, 86, 78, 76, 73, 64, 59, 54, 40, 38, 36, 35, 32, 31, 30, 28, 26, 25, 24]",0.03523037740217643,0.08,0.47776198853175667,0.5555114431236281,0.42097147262914414,0.19999999999999996
"[8586, 8498, 8496, 8487, 8405, 8051, 7789, 7278, 7095, 7085, 7072, 6687, 6579, 6027, 5229, 4995, 4798, 4469, 3804, 3506, 2983, 2972, 2950, 2880, 2820, 2796, 2625, 2507, 2479, 1953, 1907, 1904, 1797, 1795, 1712, 1694, 1454, 1450, 1421, 1404, 1307, 1229, 1199, 1098, 880, 851, 816, 772, 627, 624, 614, 600, 590, 442, 433, 370, 231, 165, 87, 86, 76, 64, 59, 54]",0.023748552905765222,0.37,0.43118250840635963,0.5479942109250022,0.7113852480082241,0.19999999999999996
"[8586, 8330, 8128, 7654, 7514, 7072, 6647, 6631, 6027, 5704, 5567, 5083, 5070, 4995, 4990, 4600, 4599, 4448, 4083, 4072, 3536, 3506, 3417, 3227, 2983, 2950, 2820, 2683, 2507, 2506, 2126, 2035, 2018, 2006, 1953, 1712, 1697, 1694, 1687, 1680, 1547, 1546, 1532, 1514, 1379, 1199, 1184, 1128, 1098, 1094, 1092, 772, 734, 665, 627, 624, 614, 596, 590, 582, 392, 343, 297, 200, 184, 173, 172, 165, 162, 144, 141, 138, 132, 87, 86, 76, 75, 73, 13]",0.028572586246816394,0.22,0.48919098254195625,0.569609584493596,0.6039578514520689,0.19999999999999996
"[8487, 6981, 6976, 6967, 4936, 4469, 3900, 2983, 2878, 2506, 1907, 1904, 1582, 1555, 1404, 1354, 1068, 816, 529, 442, 318, 155, 21]",0.009560083352627922,0.78,0.3176258944661735,0.3892712354617286,0.8951426368542791,0.19999999999999996
"[8586, 8574, 8498, 8487, 8427, 8302, 8117, 8061, 8046, 7916, 7429, 7107, 7101, 7095, 7072, 6946, 6920, 6579, 6362, 6027, 6013, 5975, 5835, 5624, 5495, 5078, 4995, 4991, 4451, 4448, 4071, 4028, 3506, 3454, 3037, 2983, 2972, 2950, 2916, 2820, 2796, 2787, 2776, 2479, 2401, 2250, 2019, 1953, 1894, 1873, 1866, 1797, 1795, 1781, 1740, 1712, 1532, 1499, 1454, 1450, 1421, 1379, 1319, 1307, 1277, 1231, 1229, 1199, 816, 772, 734, 614, 495, 458, 446, 442, 433, 385, 291, 231, 229, 222, 220, 219, 214, 209, 201, 173, 172, 165, 141, 87, 86, 2]",0.02803658254225515,0.07,0.49488608733581396,0.6380221242579844,0.6658956566435363,0.19999999999999996
"[7954, 7122, 7107, 7101, 7095, 7072, 5704, 4448, 4028, 3287, 2745, 2479, 2126, 1873, 1866, 1712, 1454, 1450, 1231, 1098, 1094, 596, 590, 582, 446, 433, 429, 214, 208, 201, 173, 172, 76, 75, 73]",0.014972215790692292,0.66,0.4148383278919845,0.46885445554898586,0.8111025443330764,0.19999999999999996
"[8441, 8427, 7916, 6175, 5974, 5452, 4437, 4203, 3920, 3417, 3327, 3323, 2796, 2054, 1875, 1547, 1546, 1274, 856, 734, 553, 529, 442, 387, 343, 229, 222, 204, 40, 38, 36, 35, 32, 31, 30, 28, 26, 25]",0.016127575827737904,0.63,0.4106914516213338,0.44731486414026655,0.8026214340786431,0.19999999999999996
"[8574, 8427, 8376, 8046, 7916, 7122, 7101, 7095, 6920, 6579, 6541, 6362, 6349, 6195, 6013, 5975, 5495, 5078, 5070, 4834, 4451, 4448, 4071, 4028, 3724, 3506, 3417, 3327, 3149, 3037, 2951, 2916, 2820, 2796, 2787, 2776, 2479, 2401, 2316, 2250, 2019, 1894, 1873, 1866, 1781, 1740, 1636, 1627, 1582, 1532, 1454, 1450, 1379, 1332, 1319, 1277, 1274, 1231, 1199, 1068, 935, 772, 734, 564, 553, 495, 446, 442, 433, 429, 414, 343, 291, 231, 229, 222, 220, 219, 209, 201, 200, 173, 172, 165, 87, 86, 62, 59, 54, 40, 36, 8]",0.030039360963185924,0.09,0.5071552271589534,0.6174596320540434,0.6021588280647648,0.0
"[7654, 7514, 7145, 6631, 6362, 6274, 5975, 5974, 5452, 5083, 5070, 4936, 4448, 4437, 4072, 3536, 3417, 3026, 2916, 2783, 2506, 2401, 2054, 2018, 2006, 1894, 1875, 1873, 1627, 1547, 1546, 1379, 1354, 1002, 856, 790, 665, 529, 458, 343, 163, 144, 141, 138, 132, 31, 30, 28, 26, 25, 24]",0.018425561472563093,0.5,0.4364174184067995,0.4999846279222653,0.7848882035466461,0.19999999999999996
"[8376, 8291, 7865, 7789, 7654, 7526, 7514, 7347, 7278, 6848, 6715, 6309, 6236, 6143, 6097, 5947, 5739, 5731, 5704, 5684, 5639, 5634, 5460, 5444, 5229, 4995, 4991, 4806, 4477, 4476, 4199, 4072, 4038, 3950, 3767, 3567, 3417, 3402, 3227, 3204, 3056, 2951, 2796, 2661, 2239, 2159, 2148, 2142, 1905, 1836, 1687, 1627, 1514, 1404, 1184, 738, 665, 474, 225, 144]",0.01480551053484603,0.41,0.33460261193467655,0.5449758707053818,0.8668722693395015,0.19999999999999996
"[7514, 6362, 5975, 5974, 5452, 4437, 3920, 3417, 3287, 2783, 2776, 2303, 2102, 1875, 1873, 1582, 1556, 1555, 1553, 1546, 1068, 856, 590, 564, 553, 529, 343, 214, 208, 64, 62, 59, 54, 40, 36, 35, 32, 31, 30, 28, 22, 15, 13]",0.01954619124797407,0.58,0.4308533561907911,0.382809202176733,0.7257774351066564,0.19999999999999996
"[8586, 8498, 8330, 8128, 8117, 7789, 6179, 6027, 5974, 5940, 5739, 5082, 4995, 4834, 4707, 4197, 3327, 3104, 3026, 2983, 2950, 2916, 2820, 2787, 2507, 2006, 1795, 1627, 1421, 1354, 1233, 1128, 881, 772, 675, 614, 600, 590, 505, 246, 208, 132, 97, 75]",0.01350428339893494,0.57,0.40724528207518074,0.5496578400500183,0.8609611924955024,0.19999999999999996
"[7514, 5639, 4492, 4306, 3754]",0.0022296827969437373,0.96,0.1685709361417821,0.246700307131536,0.9868928296067849,0.4
"[8586, 8330, 7122, 7101, 7095, 6930, 6579, 6541, 6274, 6027, 5975, 5078, 5070, 4492, 4071, 4028, 3506, 3394, 3353, 3227, 3037, 2951, 2820, 2479, 2250, 2126, 2028, 2019, 1873, 1712, 1697, 1694, 1687, 1532, 1454, 1450, 1332, 1231, 1199, 1184, 1094, 935, 790, 734, 665, 614, 600, 596, 590, 582, 495, 446, 442, 433, 429, 414, 201, 200, 173, 172, 165, 162, 144, 141, 138, 132, 86, 78, 76, 73]",0.027818939569344756,0.31,0.4495367961714287,0.5588442221336083,0.6173220251863274,0.0
"[8376, 8291, 8178, 7924, 7789, 7526, 7514, 7347, 7278, 6848, 6774, 6715, 6309, 6236, 6143, 6133, 6097, 5947, 5739, 5731, 5704, 5684, 5639, 5634, 5495, 5460, 5444, 5229, 4995, 4990, 4806, 4725, 4199, 4083, 4072, 4038, 3950, 3767, 3567, 3417, 3402, 3204, 3056, 2951, 2796, 2661, 2239, 2159, 2148, 2142, 1905, 1836, 1627, 1514, 738, 474, 225]",0.009790460754804352,0.44,0.348137813563832,0.5561650487353382,0.9239270110511437,0.4
"[8586, 8498, 8487, 8441, 8427, 8315, 8302, 8128, 8061, 8046, 7916, 7789, 7654, 7514, 6981, 6976, 6967, 6920, 6631, 6362, 6027, 5975, 5974, 5739, 5495, 5452, 5083, 5070, 4995, 4936, 4834, 4448, 4437, 4072, 3920, 3900, 3536, 3506, 3417, 3327, 3287, 3026, 2983, 2950, 2878, 2820, 2796, 2787, 2783, 2776, 2745, 2507, 2506, 2401, 2316, 2006, 1916, 1894, 1875, 1873, 1797, 1795, 1717, 1712, 1582, 1555, 1379, 1354, 1307, 1274, 1068, 889, 856, 816, 776, 614, 529, 343, 229, 214, 208, 155, 21]",0.0199617967122019,0.18,0.44245021651810834,0.6798452942338268,0.8185556412233359,0.19999999999999996
"[8574, 8427, 8302, 8061, 8046, 7916, 7429, 7219, 7145, 7101, 6920, 6535, 6362, 6013, 5975, 5835, 5639, 5634, 5495, 4995, 4991, 4451, 4448, 3454, 3204, 3089, 2951, 2916, 2796, 2787, 2776, 2401, 2250, 1941, 1894, 1873, 1866, 1772, 1740, 1582, 1532, 1443, 1379, 1319, 1277, 1274, 1231, 1199, 1184, 1128, 1068, 902, 807, 734, 614, 564, 553, 446, 442, 429, 385, 291, 231, 229, 222, 220, 219, 214, 209, 201, 173, 172, 165, 162, 141, 87, 86, 40, 38, 36, 35, 32, 31, 30, 2]",0.029784672377865244,0.16,0.49825655842578176,0.5805180301548125,0.5697764070932922,0.19999999999999996
"[2102, 2079, 1687, 1556, 1555, 1092, 1068, 564, 553, 144, 141, 138, 64, 62, 59, 54, 38, 36, 35, 32, 31, 30, 28, 15]",0.015706181986570963,0.77,0.3997128909667643,0.27996753057113377,0.7807761500899512,0.19999999999999996
"[8117, 6054, 4469, 3400, 1795, 1547, 1546, 1404, 920, 529, 442, 132]",0.00678050474646909,0.89,0.30412136308601734,0.32386776796783445,0.9236700077101002,0.19999999999999996
"[8586, 8498, 8487, 7095, 7072, 6027, 4995, 3506, 2983, 2972, 2950, 2820, 2728, 2479, 1953, 1797, 1795, 1712, 1454, 1450, 1421, 1307, 1229, 816, 772, 442, 433]",0.007034035656401945,0.74,0.3543545827718956,0.4414908872012263,0.9313801079414032,0.19999999999999996
"[8117, 5078, 4071, 3037, 2019, 1532, 1400, 495]",0.001525816161148414,0.93,0.1835058191797433,0.30535295122599126,0.9889488563351324,0.6
"[6274, 4483, 3227, 3055, 2126, 2102, 2054, 1697, 1694, 1687, 1582, 1547, 1546, 1199, 1184, 1128, 1098, 1094, 1092, 1068, 665, 627, 624, 614, 600, 596, 590, 582, 564, 553, 529, 201, 200, 173, 172, 165, 162, 144, 141, 138, 132, 87, 86, 76, 73, 64, 62, 59, 54, 40, 38, 36, 35, 32, 31, 30, 28, 26, 25, 24]",0.0292648761287335,0.41,0.44622010344421315,0.3816622691252256,0.4880493446414803,0.19999999999999996
"[4492, 2321, 1687, 144, 141, 138]",0.004656170409817087,0.95,0.24799323745548985,0.2241345916632902,0.9521973785659213,0.19999999999999996
"[8586, 8195, 6806, 6027, 5634, 4483, 1953, 665, 389, 162, 32, 31, 28, 24, 8, 4]",0.008429034498726557,0.85,0.2916804670724741,0.31237271212676176,0.9157029041377538,0.19999999999999996
"[8330, 6793, 5639, 3227, 2951, 1827, 1826, 1712, 1697, 1694, 1687, 1305, 1296, 1231, 1199, 1184, 738, 665, 290, 283, 231, 219, 201, 200, 184, 173, 172, 165, 162, 132]",0.015371613799490622,0.71,0.3720312267573318,0.3796850510259139,0.808532510922642,0.19999999999999996
"[6274, 5235, 4488, 4483, 3227, 2362, 2250, 2126, 2102, 2054, 1873, 1697, 1694, 1687, 1582, 1547, 1546, 1443, 1332, 1305, 1277, 1231, 1199, 1184, 1128, 1098, 1094, 1092, 1022, 904, 806, 790, 734, 665, 627, 624, 614, 600, 596, 590, 582, 564, 529, 392, 294, 290, 283, 278, 219, 201, 200, 173, 172, 165, 162, 144, 141, 138, 87, 86, 76, 64, 62, 59, 54, 38, 36, 35, 32, 31, 28, 26, 25, 24]",0.033895577680018524,0.27,0.4433964567608717,0.41188624076427127,0.39758416859419177,0.0
"[8467, 8465, 8464, 8456, 8128, 8117, 8104, 7086, 5537, 5227, 5127, 5083, 4648, 4492, 4475, 4469, 3506, 3491, 3183, 3026, 2983, 2126, 2102, 2074, 2035, 2006, 1916, 1907, 1904, 1873, 1872, 1790, 1697, 1556, 1555, 1532, 1332, 1305, 1231, 1128, 1098, 1094, 1092, 1068, 935, 880, 817, 808, 736, 734, 627, 624, 614, 600, 596, 590, 564, 553, 414, 359, 318, 290, 283, 240, 231, 219, 209, 201, 172, 162, 155, 141, 138, 87, 86, 76, 73, 64, 62, 59, 54, 38, 36, 35, 32, 31, 30, 28, 15]",0.03640310257003936,0.12,0.4368723400422002,0.4570530868320366,0.40940632228218965,0.19999999999999996
"[5285, 4995, 4330, 2951]",0.0006575596202824728,0.97,0.12069427840150626,0.23579754945501474,0.9938319198149576,0.8
"[8487, 8441, 8427, 8376, 7347, 6967, 6920, 6362, 6309, 6195, 5684, 5639, 4991, 4834, 4488, 4487, 4485, 4484, 4483, 4482, 4481, 4480, 4478, 4351, 4071, 3900, 3227, 3149, 3117, 2796, 2787, 2776, 2745, 2316, 2126, 2102, 1873, 1836, 1697, 1687, 1636, 1582, 1547, 1546, 1443, 1414, 1332, 1307, 1274, 1231, 1199, 1128, 1092, 1068, 1022, 920, 904, 851, 824, 816, 806, 734, 614, 600, 596, 590, 582, 564, 553, 529, 442, 429, 392, 318, 290, 231, 229, 222, 220, 214, 201, 200, 173, 165, 162, 87, 86, 78, 76, 73, 64, 62, 59, 54, 40, 38, 36]",0.03699583236860384,0.04,0.4702828301123261,0.4887392371744188,0.3721408378308918,0.0
"[6054, 5634, 4483, 1547, 1546, 1458, 529]",0.0036675156286177357,0.94,0.22923073957762097,0.261074044933556,0.9676175790285274,0.19999999999999996
"[7862, 4469, 442]",0.002538782125492012,0.98,0.2043652452940412,0.20449397457545482,0.9807247494217425,0.19999999999999996
"[8574, 8427, 8302, 8061, 8046, 7916, 7429, 7122, 7107, 7101, 6920, 6535, 6362, 6274, 6054, 6013, 5975, 5835, 5495, 5078, 4991, 4469, 4451, 4448, 4071, 4028, 3454, 3037, 2916, 2796, 2787, 2776, 2401, 2250, 2019, 1894, 1873, 1866, 1795, 1781, 1740, 1547, 1546, 1532, 1379, 1319, 1277, 1274, 1231, 1199, 920, 902, 734, 614, 529, 495, 446, 442, 416, 385, 291, 231, 229, 222, 220, 219, 214, 209, 201, 173, 172, 165, 141, 132, 87, 86, 2]",0.026941421625376244,0.24,0.4609400482856394,0.6221988594550381,0.6664096633256232,0.0
"[5639, 5634, 4469, 3089, 1580, 1404, 529, 442, 30, 2]",0.006599907385968974,0.91,0.28155560044834704,0.26439115968333937,0.9378051914674891,0.19999999999999996
"[8128, 8117, 7654, 7232, 7145, 6647, 6631, 5704, 5639, 5083, 4600, 4475, 4469, 4083, 4072, 2821, 2378, 2126, 2035, 2018, 2006, 1582, 1546, 1532, 1514, 1404, 1199, 1098, 1092, 920, 738, 596, 590, 588, 582, 564, 442, 200, 173, 165, 87, 86, 78, 76, 64, 62, 59, 54]",0.021058115304468626,0.53,0.3986399830545745,0.49771145428025043,0.7309175019275251,0.19999999999999996
"[3227, 2126, 1826, 1712, 1697, 1694, 1687, 1680, 1556, 1555, 1553, 1546, 1404, 1305, 1296, 1231, 1199, 1184, 1128, 1098, 1068, 734, 665, 627, 624, 614, 600, 596, 590, 553, 529, 442, 429, 290, 283, 231, 219, 201, 200, 184, 173, 172, 165, 162, 144, 141, 138, 132, 87, 86, 76, 75, 73, 40, 36, 35, 32, 31, 28, 26, 25, 24, 22, 15, 13]",0.03134984950219959,0.36,0.4609658070601266,0.3876447717770184,0.4471858134155744,0.19999999999999996
"[7235, 6274, 3119]",0.0004839083121092845,0.98,0.08432768017080439,0.21545214275322921,0.9956309432022616,1.0
"[5957, 4487, 4483]",0.002201898587636027,0.98,0.1672743500273367,0.1884459920540179,0.9830377794911334,0.19999999999999996
"[8467, 8465, 8464, 8456, 8005, 7122, 6535, 6274, 4991, 4497, 4492, 4487, 4485, 4477, 4476, 4475, 4469, 3227, 2820, 2126, 2102, 2054, 1941, 1916, 1907, 1904, 1873, 1872, 1797, 1795, 1790, 1697, 1694, 1582, 1547, 1546, 1404, 1332, 1305, 1296, 1231, 1184, 1128, 1098, 1094, 1092, 1068, 906, 902, 880, 817, 808, 736, 734, 665, 627, 624, 614, 600, 596, 590, 564, 557, 553, 442, 429, 407, 386, 359, 318, 290, 283, 240, 231, 219, 209, 201, 173, 172, 165, 162, 132, 78, 76, 73, 64, 59, 54, 40, 38, 36, 35, 32, 31]",0.03739638805279,0.07,0.42869383269610406,0.39122384914270336,0.32459521973785654,0.19999999999999996
"[8586, 8498, 8330, 8128, 8117, 7789, 7654, 7514, 6647, 6631, 6179, 6027, 5974, 5940, 5739, 5083, 5082, 5070, 4995, 4834, 4707, 4599, 4448, 4197, 4083, 4072, 3536, 3506, 3417, 3104, 3026, 2983, 2950, 2916, 2820, 2787, 2683, 2507, 2506, 2035, 2006, 1795, 1712, 1627, 1532, 1514, 1421, 1354, 1233, 1128, 881, 772, 675, 614, 600, 590, 505, 354, 343, 297, 246, 208, 200, 184, 132, 97, 75]",0.018427876823338737,0.34,0.44847931144618514,0.6032548239814182,0.8182986378822925,0.19999999999999996
"[8574, 8427, 8302, 8117, 8061, 8046, 7916, 7429, 7107, 7101, 7095, 7072, 6946, 6920, 6579, 6362, 6274, 6013, 5975, 5835, 5624, 5495, 5078, 4991, 4451, 4448, 4071, 4028, 3454, 3424, 3227, 3037, 2916, 2796, 2787, 2776, 2479, 2401, 2250, 2019, 1953, 1894, 1873, 1866, 1795, 1781, 1740, 1556, 1555, 1553, 1546, 1532, 1499, 1454, 1450, 1379, 1319, 1277, 1231, 1199, 920, 734, 665, 614, 529, 495, 458, 446, 442, 433, 385, 291, 231, 229, 222, 220, 219, 214, 209, 201, 173, 172, 165, 147, 141, 132, 87, 86, 30, 28, 26, 25, 24, 15, 2]",0.031947210002315346,0.06,0.5134043963461339,0.594722095610615,0.5456180930352095,0.0
"[8376, 7514, 7347, 6848, 6309, 6236, 6143, 6097, 5947, 5704, 5684, 5639, 5634, 5460, 5444, 4995, 4806, 4448, 4038, 3767, 3417, 3402, 3287, 3204, 2951, 2239, 2142, 1884, 1836, 1627, 738, 596, 474, 225, 214]",0.0072794628386200514,0.66,0.33001071413598415,0.4426234066704966,0.9378051914674891,0.19999999999999996
"[8215, 8128, 8117, 8104, 7439, 7086, 6967, 6920, 6362, 5632, 5127, 5083, 4648, 4351, 3900, 3506, 3227, 3198, 3117, 3026, 2987, 2983, 2796, 2316, 2126, 2102, 2035, 2006, 1873, 1697, 1687, 1582, 1547, 1532, 1443, 1442, 1332, 1296, 1274, 1231, 1215, 1184, 1128, 1092, 1068, 851, 824, 816, 734, 614, 600, 596, 590, 588, 582, 529, 318, 294, 290, 283, 231, 201, 200, 173, 165, 162, 144, 141, 138, 87, 86, 78, 76, 73, 64, 62, 59, 54, 40, 38, 35, 32, 31, 30, 28, 26, 25, 24]",0.033354943273906,0.13,0.49488743010073366,0.5723392141636587,0.4489848368028785,0.19999999999999996
"[8427, 8376, 7916, 7654, 6631, 6349, 6195, 4477, 4072, 4071, 3724, 3567, 3327, 3149, 2796, 2776, 2250, 1781, 1740, 1636, 1627, 1582, 1574, 1274, 1068, 1022, 564, 553, 443, 231, 209, 201, 200, 87, 86, 62, 59, 54, 40, 36, 8]",0.017699699004399164,0.6,0.38156148905771237,0.4758577254149212,0.7938833204831663,0.19999999999999996
"[8586, 8128, 7654, 7514, 7072, 6802, 6647, 6631, 6274, 6027, 5521, 5083, 5070, 4995, 4990, 4936, 4707, 4600, 4599, 4496, 4448, 4083, 4072, 3536, 3506, 3417, 3227, 2983, 2950, 2750, 2709, 2683, 2507, 2506, 2054, 2035, 2018, 2006, 1953, 1712, 1697, 1694, 1687, 1680, 1672, 1546, 1532, 1514, 1379, 1199, 1184, 1128, 790, 734, 665, 627, 624, 614, 600, 529, 458, 343, 200, 184, 173, 172, 165, 163, 144, 141, 138, 132, 87, 86, 31, 30, 28, 26, 25, 24]",0.02937253993980088,0.21,0.4568137091896205,0.5926958152588806,0.6090979182729375,0.0
"[8427, 7916, 6175, 5974, 5452, 4437, 4203, 3920, 3417, 3327, 3323, 2950, 2820, 2796, 1875, 1547, 1546, 1274, 856, 772, 734, 553, 529, 442, 343, 229, 222, 204, 40, 38, 36, 35, 32, 31, 30, 28, 1]",0.015262792313035425,0.64,0.41460838777283815,0.4638977060185444,0.8154716011308147,0.19999999999999996
"[8376, 8291, 7789, 7654, 7526, 7514, 7347, 7278, 7087, 6848, 6780, 6715, 6309, 6236, 6143, 6097, 5947, 5739, 5731, 5704, 5684, 5639, 5634, 5460, 5444, 5229, 4995, 4806, 4199, 4072, 4038, 3950, 3567, 3417, 3402, 3204, 3056, 2951, 2796, 2661, 2239, 2159, 2148, 2142, 1905, 1836, 1627, 1514, 738, 474, 225]",0.009027552674230147,0.5,0.33759195643194373,0.5348106061133178,0.9295810845540992,0.4
"[8051, 7733, 7219, 6687, 6097, 5639, 5229, 4995, 3204, 3089, 3056, 2951, 2682, 1941]",0.0023130354248668676,0.87,0.21571466529539862,0.34618504566496144,0.9807247494217425,0.8
"[8586, 8195, 8128, 7107, 7101, 6179, 6027, 5974, 5634, 4707, 4483, 3037, 2908, 2507, 2226, 2126, 2102, 2006, 1953, 1627, 1582, 1354, 1330, 1098, 1094, 1092, 1068, 614, 600, 596, 590, 582, 564, 553, 495, 446, 172, 165, 162, 97, 86, 78, 76, 75, 73, 71, 64, 59, 54, 40, 8, 4]",0.02284788145404029,0.49,0.41610717784666773,0.4930577704738368,0.6998200976612696,0.19999999999999996
"[8574, 8427, 8302, 8061, 8046, 7916, 7429, 7122, 7107, 7101, 6920, 6535, 6362, 6054, 6013, 5975, 5835, 5495, 5078, 4991, 4469, 4451, 4448, 4071, 4028, 3454, 3037, 2916, 2796, 2787, 2776, 2401, 2250, 2019, 1894, 1873, 1866, 1781, 1740, 1687, 1627, 1547, 1546, 1532, 1379, 1319, 1277, 1274, 1231, 1199, 920, 902, 734, 614, 529, 495, 446, 442, 416, 385, 291, 231, 229, 222, 220, 219, 214, 209, 201, 173, 172, 165, 141, 132, 87, 86, 25, 2]",0.027792313035424867,0.23,0.4489949250577141,0.6259894474665679,0.6486764327936263,0.0
"[6981, 6274, 5495, 4600, 4476, 4475, 4469, 3227, 2126, 2102, 2035, 1907, 1873, 1697, 1694, 1687, 1582, 1547, 1546, 1184, 1128, 1098, 1094, 1092, 1068, 665, 627, 624, 614, 600, 596, 590, 582, 564, 553, 529, 165, 144, 141, 138, 132, 87, 86, 76, 73, 64, 62, 59, 54, 40, 38, 36, 35, 32, 31, 30, 26, 25, 24, 1]",0.02959365593887474,0.41,0.42131179626931603,0.38297533002617623,0.49370341814443586,0.19999999999999996
"[8302, 7219, 6362, 5835, 5639, 5634, 4779, 3204, 3089, 2776, 2250, 1740, 1582, 1231, 1199, 1184, 1128, 1068, 614, 564, 553, 219, 214, 209, 201, 173, 172, 165, 162, 141, 87, 86, 40, 38, 36, 35, 32, 31, 30, 2]",0.019393378096781665,0.61,0.4230106613153438,0.3965993233100604,0.7314315086096119,0.19999999999999996
"[8586, 8498, 8330, 8117, 7789, 6027, 5974, 5940, 5739, 5082, 4995, 4834, 4707, 4197, 3417, 3327, 3323, 3026, 2983, 2950, 2820, 2787, 2507, 2006, 1795, 1421, 1354, 1274, 817, 772, 675, 590, 343, 208, 132, 97, 75]",0.011015281315119241,0.64,0.38056651041259504,0.5102415189220819,0.8982266769468004,0.19999999999999996
"[8467, 8465, 8464, 8456, 5624, 5227, 4475, 4469, 3227, 2126, 2102, 1907, 1904, 1873, 1872, 1790, 1697, 1694, 1687, 1582, 1556, 1555, 1553, 1546, 1404, 1332, 1305, 1296, 1231, 1128, 1098, 1094, 1092, 1068, 880, 817, 808, 736, 734, 665, 627, 624, 614, 600, 596, 590, 564, 553, 529, 442, 429, 359, 318, 290, 283, 240, 231, 219, 209, 201, 173, 172, 165, 162, 144, 141, 138, 87, 86, 76, 73, 64, 62, 59, 54, 40, 36, 35, 32, 31, 30, 28, 25, 22, 15, 13]",0.037862931234081965,0.15,0.438293660449216,0.3647753802319026,0.2983808789514264,0.0
"[8215, 8128, 8117, 8104, 7977, 7086, 6967, 6920, 6362, 5632, 5127, 5083, 4648, 4351, 3900, 3724, 3506, 3227, 3198, 3117, 3026, 2987, 2983, 2796, 2316, 2126, 2102, 2035, 2006, 1873, 1697, 1687, 1582, 1532, 1443, 1442, 1332, 1296, 1274, 1231, 1215, 1184, 1128, 1092, 1068, 851, 824, 816, 734, 614, 600, 596, 590, 588, 582, 553, 529, 318, 290, 283, 231, 201, 200, 173, 165, 162, 144, 141, 87, 86, 78, 76, 73, 64, 62, 59, 54, 40, 38, 36, 35, 32, 31, 30, 28, 26, 25, 24, 8]",0.0339870340356564,0.12,0.4980497984262393,0.5690658416363028,0.4248265227447957,0.0
"[8376, 8291, 8178, 8117, 7924, 7789, 7526, 7514, 7347, 7278, 6774, 6715, 6309, 6236, 6143, 6133, 6097, 5947, 5739, 5731, 5704, 5684, 5639, 5634, 5460, 5444, 5229, 4995, 4990, 4806, 4725, 4404, 4199, 4083, 4072, 4038, 3950, 3767, 3567, 3417, 3402, 3204, 3056, 2951, 2796, 2661, 2239, 2159, 2148, 2142, 1905, 1836, 1627, 1514, 738, 474, 225]",0.009783514702477425,0.44,0.34571179079796366,0.5520794964588529,0.9254690310974043,0.4
"[5957, 4487, 4483, 3227, 2250, 2126, 2102, 1873, 1697, 1582, 1332, 1277, 1231, 1199, 1184, 1128, 1098, 1094, 1092, 1082, 1068, 1022, 806, 734, 627, 624, 614, 600, 596, 590, 582, 564, 553, 219, 201, 200, 173, 172, 165, 162, 87, 86, 76, 64, 62, 54]",0.0253322528363047,0.55,0.4297894765670496,0.38524176357006235,0.6175790285273708,0.19999999999999996
"[8330, 6981, 6917, 6274, 5639, 4469, 3227, 2951, 2878, 2250, 2126, 2102, 1907, 1904, 1873, 1697, 1694, 1687, 1582, 1443, 1404, 1332, 1305, 1296, 1277, 1231, 1199, 1184, 1128, 1098, 1094, 1092, 1068, 1022, 920, 880, 851, 824, 806, 790, 738, 734, 665, 627, 624, 614, 600, 596, 590, 582, 564, 553, 442, 429, 392, 370, 318, 294, 290, 283, 219, 201, 200, 173, 172, 165, 162, 144, 141, 138, 132, 87, 86, 76, 73, 64, 62, 59, 54, 40, 38, 36, 35, 32, 31, 30, 28, 26, 25, 24]",0.03847997221579069,0.11,0.47416668712627097,0.42926261733244153,0.2788486250321254,0.0
"[8215, 7439, 5632, 3227, 3198, 2987, 2102, 1697, 1687, 1582, 1547, 1442, 1332, 1296, 1213, 1184, 1092, 1068, 824, 588, 582, 529, 318, 294, 290, 283, 201, 200, 173, 165, 144, 141, 138, 78, 73, 64, 62, 59, 54, 40, 38, 35, 32, 31, 30, 28, 26, 25, 24]",0.023434822875665662,0.52,0.4449528363672429,0.39619057134048674,0.6327422256489335,0.19999999999999996
"[7916, 7789, 7362, 6274, 6054, 5739, 4834, 4707, 4469, 4197, 2787, 1916, 1795, 1546, 1404, 920, 529, 442, 132]",0.008025005788376938,0.82,0.3161887253467296,0.3897668624210866,0.9136468774094063,0.19999999999999996
"[8291, 7789, 7654, 7526, 7514, 7278, 7087, 6848, 6780, 6236, 6143, 6097, 5947, 5739, 5731, 5704, 5460, 5444, 5229, 4806, 4469, 4199, 4072, 4038, 3950, 3567, 3417, 3402, 3056, 2796, 2661, 2239, 2159, 2148, 2142, 1905, 1627, 1514, 738, 474, 442, 225]",0.009253299374855292,0.59,0.30195113459374656,0.5137738578400559,0.9275250578257517,0.19999999999999996
"[8586, 8128, 8061, 8046, 7654, 7514, 7145, 6981, 6647, 6631, 6027, 5975, 5974, 5452, 5083, 5070, 4995, 4936, 4448, 4437, 4083, 4072, 3536, 3506, 3417, 3026, 2983, 2950, 2916, 2878, 2683, 2507, 2506, 2401, 2250, 2018, 2006, 1916, 1907, 1904, 1894, 1875, 1873, 1627, 1546, 1532, 1514, 1443, 1404, 1379, 1354, 1332, 1305, 1296, 1277, 1231, 1199, 1166, 1022, 1002, 920, 880, 856, 851, 824, 806, 790, 734, 527, 458, 442, 429, 421, 392, 370, 343, 318, 294, 290, 283, 219, 201, 200, 173, 172, 165, 162, 20]",0.03102917341977309,0.13,0.4712589293140578,0.6083935690537081,0.593934721151375,0.0
"[8441, 8427, 8315, 8302, 7916, 7789, 6362, 5739, 5704, 4834, 4197, 3287, 2796, 2787, 2783, 2776, 2745, 1712, 1627, 1400, 614, 590, 214, 208, 97, 75]",0.007867561935633248,0.75,0.3369406879915684,0.41651049709620125,0.9318941146234901,0.19999999999999996
"[4483, 1684, 1546, 1]",0.004062282935864784,0.97,0.24885425488415136,0.21838460114962988,0.963248522230789,0.19999999999999996
"[8586, 8498, 8487, 8405, 8051, 7789, 7654, 7278, 7095, 7085, 7072, 6631, 6579, 6097, 6027, 5916, 5634, 5229, 5083, 5070, 4995, 4798, 4469, 4083, 4072, 3804, 3506, 3056, 3026, 2983, 2972, 2950, 2880, 2820, 2796, 2625, 2507, 2479, 2006, 1953, 1907, 1904, 1797, 1795, 1712, 1694, 1514, 1454, 1450, 1421, 1404, 1307, 1229, 1199, 1098, 1022, 1002, 880, 851, 816, 772, 627, 624, 614, 600, 590, 442, 433, 370, 231, 165, 87, 86, 76, 64, 59, 54]",0.026545496642741376,0.24,0.4543603454162931,0.591307116523413,0.6892829606784888,0.0
"[8441, 8427, 8315, 8302, 7916, 7789, 6362, 5739, 5704, 4834, 4197, 3287, 3037, 2796, 2787, 2783, 2776, 2745, 2226, 2126, 2102, 1712, 1627, 1582, 1098, 1094, 1092, 1068, 614, 600, 596, 590, 582, 564, 553, 495, 229, 214, 208, 172, 165, 162, 97, 86, 78, 76, 75, 73, 70, 64, 59, 40, 38]",0.02106969205834684,0.48,0.4396047728777792,0.4643763617780261,0.7234644050372655,0.19999999999999996
"[8586, 8128, 8117, 7654, 7439, 7145, 6647, 6631, 6027, 5083, 5078, 5070, 4995, 4600, 4083, 4072, 4071, 3536, 3506, 3227, 3037, 2983, 2950, 2750, 2683, 2507, 2506, 2035, 2018, 2006, 1712, 1697, 1694, 1687, 1680, 1532, 1514, 1400, 1199, 1184, 1128, 734, 665, 627, 624, 614, 600, 495, 294, 200, 184, 173, 172, 144, 141, 138]",0.018851586015281314,0.45,0.43709467492866316,0.565011556674009,0.7782061166795169,0.19999999999999996
"[7235, 3119, 2258]",0.000536003704561241,0.98,0.0933158725030051,0.21419905044496945,0.9956309432022616,0.8
"[7865, 7302, 7235, 6274, 6143, 4477, 4476, 3119, 2159, 1905, 1404]",0.003959249826348692,0.9,0.2089654997645587,0.29052728319857335,0.9689025957337445,0.19999999999999996
"[6274, 1694, 1687, 1547, 1546, 1305, 1296, 1094, 790, 665, 529, 294, 290, 283, 144, 141, 138, 132, 40, 38, 36, 35, 32, 31, 30, 28, 26, 25, 24, 1]",0.018086362583931464,0.71,0.3751433038593861,0.31677247815562193,0.7429966589565664,0.0
"[8586, 8427, 8128, 8117, 8104, 7916, 7317, 7086, 6175, 6027, 5974, 5537, 5452, 5083, 4492, 4437, 4203, 3920, 3506, 3491, 3417, 3327, 3026, 2983, 2951, 2950, 2820, 2796, 2035, 2006, 1875, 1547, 1546, 1532, 1274, 935, 856, 772, 734, 553, 529, 442, 414, 343, 229, 222, 204, 40, 38, 36, 35, 32, 31, 30, 28, 1]",0.020003473026163465,0.45,0.39896226435042126,0.5626752216316226,0.7833461835003855,0.0
"[8128, 8117, 8104, 7086, 6967, 6920, 6362, 5127, 5083, 4648, 4351, 3900, 3506, 3026, 2983, 2796, 2316, 2126, 2102, 2079, 2035, 2006, 1873, 1687, 1556, 1555, 1532, 1443, 1274, 1231, 1128, 1092, 1068, 851, 816, 734, 614, 600, 596, 590, 564, 553, 231, 162, 144, 141, 138, 87, 86, 76, 64, 62, 59, 54, 38, 36, 35, 32, 31, 30, 28, 15, 13]",0.026927529520722387,0.38,0.4725976834319723,0.5306960042229608,0.5875096376252891,0.19999999999999996
"[8467, 8465, 8464, 8456, 8128, 8117, 7086, 6274, 5227, 5083, 4475, 4469, 4232, 3506, 3227, 3183, 3026, 2126, 2102, 2054, 2035, 2006, 1907, 1904, 1873, 1872, 1790, 1697, 1687, 1582, 1546, 1532, 1332, 1305, 1231, 1098, 1094, 1092, 1068, 880, 817, 808, 736, 734, 665, 627, 624, 614, 600, 596, 590, 582, 564, 553, 529, 359, 318, 290, 283, 240, 231, 219, 209, 201, 172, 162, 144, 141, 138, 132, 86, 78, 76, 73, 64, 59, 54, 40, 38, 36, 35, 32, 31, 30, 28, 26, 25, 24]",0.0367214633016902,0.13,0.43211213003672055,0.4234745918254478,0.3636597275764585,0.19999999999999996
"[4492, 2321, 1826, 1712, 1697, 1687, 1305, 1296, 1231, 1199, 916, 734, 290, 283, 231, 219, 201, 200, 184, 173, 172, 165, 162, 144, 141, 138, 132]",0.015390136605695763,0.74,0.34997413011483036,0.3374764273810823,0.7985093806219481,0.19999999999999996
"[8117, 7859]",0.00026510766381106736,0.99,0.03348907776846044,0.18703587434982671,0.9992289899768697,1.0
"[6274, 2250, 2102, 1694, 1687, 1582, 1547, 1546, 1332, 1305, 1296, 1199, 1184, 1098, 1094, 1092, 1068, 806, 790, 665, 590, 582, 564, 529, 416, 294, 290, 283, 201, 173, 172, 165, 162, 144, 141, 138, 132, 76, 64, 62, 59, 54, 40, 38, 36, 35, 32, 31, 30, 28, 26, 25, 24, 1]",0.027066450567260942,0.47,0.4369459044821383,0.37682319758936444,0.5363659727576459,0.19999999999999996
"[8586, 8498, 8487, 8441, 8330, 8128, 8117, 8046, 7789, 7654, 7514, 7145, 6981, 6976, 6967, 6920, 6631, 6362, 6179, 6027, 5974, 5940, 5739, 5639, 5452, 5082, 4991, 4936, 4834, 4707, 4488, 4487, 4485, 4484, 4483, 4482, 4481, 4448, 4351, 4197, 4083, 4072, 3900, 3417, 3327, 3117, 3104, 3026, 2983, 2950, 2916, 2878, 2820, 2796, 2787, 2783, 2776, 2745, 2592, 2537, 2507, 2401, 2316, 2035, 2006, 1916, 1875, 1627, 1514, 1443, 1421, 1414, 1379, 1354, 1307, 1274, 1233, 1128, 1022, 920, 904, 856, 816, 790, 772, 738, 734, 675, 614, 600, 590, 442, 429, 392, 231, 214, 208, 132, 97, 75]",0.028445241954156056,0.01,0.429015469723662,0.6062032450505225,0.6702647134412747,0.19999999999999996
"[7439, 6793, 5639, 2951, 676, 294]",0.001630006946052327,0.95,0.18752925882467697,0.2602096236080149,0.9902338730403495,0.6
"[7514, 6274, 5975, 5974, 5452, 5083, 5070, 4936, 4487, 4483, 4482, 4481, 4480, 4478, 4469, 4437, 3536, 3417, 3227, 3026, 2953, 2507, 2506, 2250, 2054, 2006, 1907, 1904, 1878, 1873, 1697, 1694, 1627, 1547, 1546, 1404, 1354, 1332, 1305, 1296, 1277, 1231, 1199, 1184, 1128, 880, 856, 824, 806, 790, 734, 665, 627, 624, 614, 600, 529, 458, 370, 343, 318, 294, 290, 283, 219, 201, 200, 173, 172, 165, 163, 162, 144, 141, 138, 132, 31, 30, 28, 26, 25, 24]",0.033265802269043764,0.19,0.4445666714643407,0.4437007149238067,0.46466204060652794,0.0
"[8586, 8574, 8498, 8487, 8427, 8302, 8061, 8046, 7916, 7429, 7122, 7107, 7101, 7095, 7072, 6920, 6579, 6535, 6362, 6027, 6013, 5975, 5835, 5495, 5078, 4995, 4991, 4461, 4451, 4448, 4071, 4028, 3506, 3454, 3037, 2983, 2972, 2950, 2916, 2820, 2796, 2787, 2776, 2479, 2401, 2347, 2250, 2019, 1953, 1894, 1873, 1866, 1797, 1795, 1781, 1740, 1712, 1532, 1454, 1450, 1421, 1379, 1319, 1307, 1277, 1274, 1231, 1199, 1128, 902, 816, 772, 734, 614, 495, 446, 442, 433, 385, 291, 222, 220, 219, 214, 209, 201, 173, 172, 165, 141, 87, 86, 2]",0.027447325769854133,0.08,0.5058637013345375,0.6641950682100501,0.6779748136725777,0.19999999999999996
"[8574, 8427, 8376, 7916, 7347, 7072, 6920, 6535, 6362, 6349, 6309, 6195, 6013, 5975, 5684, 5639, 4834, 4451, 4448, 4071, 3724, 3454, 3327, 3149, 2972, 2916, 2820, 2796, 2787, 2776, 2479, 2401, 2316, 2250, 1953, 1836, 1781, 1740, 1636, 1582, 1547, 1546, 1454, 1450, 1421, 1379, 1319, 1277, 1274, 1231, 1199, 1068, 772, 734, 564, 553, 529, 385, 291, 231, 229, 222, 220, 219, 214, 209, 200, 165, 87, 62, 59, 54, 40, 36, 1]",0.02516670525584626,0.26,0.4811652921949694,0.5662945844146404,0.686969930609098,0.19999999999999996
"[4487, 2102, 1582, 1547, 1546, 1068, 582, 564, 553, 529, 361, 59, 54, 40, 38, 36, 35, 32, 31, 30, 28, 26, 25, 24, 1]",0.0159805510534846,0.76,0.3747076282258003,0.30504739515601187,0.7756360832690825,0.19999999999999996
"[8574, 8117, 8061, 8046, 7654, 7514, 7145, 7107, 7101, 7095, 7072, 7050, 6631, 6274, 6013, 5975, 5974, 5624, 5495, 5452, 5083, 5078, 5070, 4991, 4936, 4600, 4476, 4475, 4469, 4451, 4448, 4437, 4083, 4072, 4071, 4028, 3536, 3454, 3424, 3417, 3284, 3037, 3026, 2916, 2507, 2506, 2479, 2401, 2054, 2035, 2019, 2018, 2006, 1953, 1907, 1894, 1875, 1873, 1627, 1547, 1546, 1532, 1514, 1499, 1454, 1450, 1379, 1354, 1002, 920, 856, 790, 665, 529, 495, 458, 446, 442, 433, 385, 343, 163, 144, 141, 138, 132, 31, 30, 28, 26, 25, 24]",0.029616809446631167,0.09,0.4255122218833145,0.5925715411055681,0.6522744795682344,0.0
"[8215, 8195, 8128, 8117, 8104, 7976, 7086, 6967, 6920, 6362, 5634, 5083, 4648, 4351, 3900, 3724, 3506, 3227, 3198, 3117, 3026, 2987, 2983, 2796, 2316, 2126, 2102, 2035, 2006, 1873, 1697, 1687, 1582, 1532, 1443, 1442, 1332, 1296, 1274, 1231, 1215, 1184, 1128, 1092, 1068, 851, 824, 816, 734, 614, 600, 596, 590, 588, 582, 553, 529, 318, 290, 283, 231, 201, 200, 173, 165, 162, 144, 141, 87, 86, 78, 76, 73, 64, 62, 59, 54, 40, 38, 36, 35, 32, 31, 30, 28, 26, 25, 24, 8]",0.03414100486223663,0.12,0.4987108957074725,0.5594022813603637,0.425597532767926,0.0
"[8427, 8302, 8061, 8046, 7916, 7429, 6946, 6920, 6362, 6274, 5975, 5835, 5495, 4448, 3227, 2916, 2796, 2787, 2776, 2401, 2250, 1894, 1873, 1866, 1795, 1781, 1740, 1556, 1555, 1553, 1546, 1379, 1319, 1277, 1231, 1199, 864, 734, 665, 614, 529, 458, 291, 231, 229, 222, 220, 219, 214, 209, 201, 173, 172, 165, 147, 141, 132, 87, 86, 30, 28, 26, 25, 24, 15, 2]",0.025721231766612642,0.35,0.4801078541911309,0.5282543955187486,0.6291441788743254,0.19999999999999996
"[8330, 8117, 7667, 4492, 2250, 2102, 2028, 1582, 1332, 1199, 1184, 1098, 1094, 1092, 1068, 806, 590, 582, 564, 416, 294, 201, 173, 172, 165, 162, 76, 64, 62, 59, 54, 40, 38]",0.019396851122945126,0.68,0.3905045202627454,0.3625154528648783,0.7383705988177847,0.0
"[8586, 8195, 6027, 5634, 4483, 4469, 3400, 920, 442, 8, 4]",0.006537392915026626,0.9,0.264241305224173,0.2812201380731073,0.9372911847854022,0.19999999999999996
"[8441, 8330, 7372, 6274, 5639, 4991, 4478, 4477, 4475, 3227, 2126, 2102, 1873, 1697, 1694, 1582, 1443, 1404, 1332, 1274, 1231, 1184, 1128, 1098, 1094, 1092, 1068, 1022, 920, 851, 824, 806, 734, 627, 624, 614, 600, 596, 590, 582, 564, 553, 442, 429, 392, 318, 290, 201, 200, 173, 172, 165, 141, 138, 132, 87, 86, 76, 73, 64, 62, 59, 55, 54, 40, 38, 36, 35, 32, 31, 30, 26, 25, 24]",0.03434475573049317,0.27,0.45217838056469317,0.40756934195640404,0.38756103829349786,0.0
"[8330, 8117, 6806, 4492, 2028, 665, 76, 28]",0.004360963185922668,0.93,0.23480631445847844,0.2814190904039885,0.9637625289128758,0.19999999999999996
"[8574, 8427, 8291, 7916, 7526, 7514, 7278, 7122, 7107, 7101, 7095, 7072, 6920, 6579, 6535, 6349, 6236, 6013, 5975, 5739, 5731, 5704, 5482, 5460, 5234, 5078, 4834, 4497, 4451, 4448, 4199, 4072, 4071, 4038, 4028, 3724, 3454, 3402, 3327, 3056, 3037, 2972, 2916, 2820, 2796, 2787, 2661, 2479, 2401, 2316, 2250, 2148, 2142, 2019, 1953, 1873, 1866, 1781, 1740, 1627, 1532, 1514, 1454, 1450, 1421, 1379, 1319, 1277, 1274, 1231, 1199, 1133, 772, 738, 734, 495, 474, 446, 433, 429, 385, 291, 231, 229, 225, 222, 220, 219, 209, 201, 200, 173, 172, 165, 87]",0.028226441305857837,0.06,0.448223981100479,0.6388327676679117,0.6944230274993575,0.0
"[8586, 8195, 6806, 6027, 5634, 4483, 1953, 920, 665, 389, 162, 97, 32, 31, 28, 24, 8, 4]",0.010328779810141237,0.83,0.31400206129267816,0.32657375165896607,0.8948856335132357,0.19999999999999996
"[4995, 4475, 4469, 3383, 2820, 2423, 590, 132, 53]",0.004949062282935865,0.92,0.2265327963692486,0.26691707444264035,0.9547674119763557,0.19999999999999996
"[8427, 7916, 6274, 5974, 4232, 4203, 3417, 3327, 3323, 2796, 2054, 1687, 1546, 1274, 856, 734, 665, 553, 529, 477, 343, 229, 222, 144, 141, 138, 132, 40, 38, 36, 35, 32, 31, 30, 28, 26, 25, 24]",0.017390599675850892,0.63,0.41260975702592095,0.3832575139231662,0.7643279362631714,0.19999999999999996
"[6274, 4232, 3227, 2126, 2054, 1826, 1712, 1697, 1694, 1687, 1680, 1546, 1443, 1404, 1305, 1296, 1231, 1199, 1184, 1128, 1098, 1068, 734, 665, 627, 624, 614, 600, 596, 590, 553, 529, 442, 429, 290, 283, 278, 231, 219, 201, 200, 184, 173, 172, 165, 162, 141, 138, 132, 87, 86, 76, 75, 73, 40, 38, 36, 35, 32, 31, 30, 28, 26, 25, 24]",0.03081963417457745,0.36,0.4600144715680653,0.41806864470236205,0.4651760472886147,0.19999999999999996
"[8574, 8117, 8061, 8046, 7107, 7101, 7095, 7072, 6579, 6274, 6013, 5624, 5495, 5227, 5078, 4991, 4451, 4232, 4071, 4028, 3454, 3424, 3227, 3183, 3037, 2916, 2479, 2126, 2102, 2054, 2019, 1953, 1894, 1873, 1697, 1687, 1582, 1532, 1499, 1454, 1450, 1379, 1231, 1098, 1094, 1092, 1068, 920, 876, 734, 665, 627, 624, 614, 600, 596, 590, 582, 564, 553, 529, 495, 458, 446, 442, 433, 385, 231, 219, 209, 201, 172, 162, 144, 141, 138, 132, 86, 78, 76, 73, 64, 59, 54, 40, 38, 36, 35, 32, 31, 30, 28, 26, 25, 24]",0.03474762676545497,0.06,0.5051613630353995,0.5514136842211242,0.42199948599331794,0.19999999999999996
"[8488, 8467, 8465, 8464, 8456, 8427, 8237, 8128, 8117, 8104, 7916, 7086, 6967, 6920, 6802, 6706, 6362, 5639, 5537, 5452, 5397, 5328, 5127, 5083, 4834, 4707, 4648, 4492, 4475, 4469, 4264, 3900, 3506, 3491, 3394, 3327, 3270, 3183, 3026, 2983, 2820, 2796, 2787, 2709, 2316, 2035, 2006, 1916, 1907, 1904, 1873, 1872, 1790, 1712, 1697, 1672, 1585, 1558, 1532, 1319, 1305, 1274, 1231, 1188, 935, 880, 817, 816, 808, 772, 734, 600, 583, 414, 359, 318, 291, 290, 283, 240, 229, 222, 220, 214, 209, 208, 87, 86, 70]",0.0287473952303774,0.12,0.3965574669395331,0.5427742202864405,0.6622976098689283,0.0
"[8487, 8441, 8427, 8376, 7925, 7514, 6967, 6920, 6861, 6362, 5639, 4834, 4492, 4488, 4487, 4485, 4484, 4483, 4482, 4481, 4480, 4476, 4351, 4306, 4071, 3900, 3754, 3227, 2796, 2787, 2776, 2745, 2316, 1916, 1873, 1836, 1697, 1694, 1443, 1414, 1332, 1307, 1231, 1184, 1022, 920, 904, 851, 824, 816, 806, 734, 442, 429, 392, 318, 290, 231, 229, 222, 220, 214, 201, 200, 173, 172, 165, 77]",0.02608589951377634,0.33,0.4297224449272765,0.4539020348675802,0.6155230017990234,0.19999999999999996
"[6274, 4488, 4483, 4297, 2126, 2054, 1547, 1546, 1443, 1404, 1098, 904, 790, 614, 600, 596, 590, 529, 442, 429, 392, 278, 132, 87, 86, 76, 75, 73, 36, 35, 32, 31, 28, 26, 25, 24]",0.020549895809215096,0.65,0.3924665458230512,0.3426299183349082,0.7085582112567463,0.0
"[4492, 4469, 3755, 3227, 1697, 1694, 1556, 1555, 1553, 1546, 1184, 920, 665, 529, 162, 147, 141, 132, 38, 36, 35, 32, 31, 30, 28, 26, 25, 15]",0.01871961102106969,0.73,0.3768813495222195,0.29927834115716057,0.748650732459522,0.0
"[8117, 7859, 5004, 4475, 3383, 2423, 1404, 920, 407, 53]",0.0045126186617272515,0.91,0.24724739856081113,0.29035940764223245,0.9599074787972244,0.19999999999999996
"[8586, 8498, 8330, 8117, 7789, 6027, 5974, 5940, 5739, 5082, 4995, 4834, 4707, 4492, 4197, 3327, 3323, 3026, 2983, 2950, 2820, 2787, 2507, 2006, 1421, 1354, 1274, 817, 772, 675, 590, 343, 208, 132, 97, 75]",0.011867330400555685,0.65,0.34516538089910076,0.5060634312273753,0.8948856335132357,0.19999999999999996
"[8586, 6806, 6027, 4492, 665, 389, 162, 144, 141, 138, 31, 28, 24, 8, 4]",0.009093540171335956,0.86,0.28600367457416564,0.26524084637964884,0.9079928039064508,0.19999999999999996
"[8586, 8467, 8465, 8464, 8456, 7514, 6536, 6274, 6027, 5624, 5227, 5083, 5070, 4995, 4497, 4487, 4485, 4480, 4478, 4477, 4476, 4475, 4469, 4448, 4288, 4232, 3417, 3227, 3026, 2951, 2950, 2126, 1941, 1907, 1904, 1873, 1872, 1790, 1697, 1694, 1687, 1627, 1563, 1450, 1404, 1354, 1332, 1305, 1296, 1231, 1184, 1098, 1094, 1092, 920, 906, 880, 851, 817, 808, 736, 734, 665, 627, 624, 614, 600, 596, 590, 582, 458, 442, 407, 386, 385, 359, 343, 318, 290, 283, 231, 219, 209, 201, 190, 173, 172, 165, 162, 144, 141, 138, 132, 86, 78, 76, 73]",0.0370861310488539,0.04,0.4359926318829612,0.41996443272806383,0.36725777435106655,0.19999999999999996
"[8376, 7514, 7347, 7122, 7107, 7101, 7095, 7011, 6848, 6579, 6309, 6236, 6143, 6097, 5947, 5704, 5684, 5639, 5634, 5460, 5444, 5078, 4995, 4806, 4448, 4038, 4028, 3767, 3417, 3402, 3287, 3204, 3037, 2951, 2239, 2142, 2019, 1884, 1873, 1866, 1836, 1627, 1532, 738, 596, 495, 474, 446, 433, 429, 225, 214, 201, 173, 172]",0.014203519333178977,0.46,0.4273340579800685,0.5386752949909014,0.8586481624261115,0.19999999999999996
"[8051, 7733, 7219, 6687, 6097, 5229, 4995, 3089, 3056, 2951, 2682, 1941, 343]",0.002204213938411669,0.88,0.22452060126191797,0.34338631802964426,0.9804677460806991,0.8
"[8237, 6806, 6706, 6446, 5639, 4707, 1672, 1585, 920, 665, 600, 583, 97, 87, 86, 70, 31, 28, 24]",0.00888284325075249,0.82,0.35957579274155516,0.35144291140768513,0.8995116936520174,0.19999999999999996
"[8291, 8117, 7978, 7514, 6848, 6097, 5947, 5731, 5704, 5460, 5444, 4934, 4806, 4038, 3417, 3402, 2239, 2142, 1627, 738, 474, 442, 225]",0.004984950219958324,0.78,0.2955672008853386,0.4096259513690014,0.95733744538679,0.4
"[4475, 2074, 1556, 1555, 1404, 1068, 564, 553, 38, 36, 35, 31, 30, 28, 15, 8]",0.012183375781430887,0.85,0.3295247119198714,0.26763557904348667,0.8555641223335904,0.19999999999999996
"[8586, 6806, 6027, 2111, 1555, 1553, 1546, 920, 665, 529, 97, 32, 31, 28, 24, 15, 13, 8]",0.010929613336420467,0.83,0.3776466227525789,0.2841376217882944,0.8614751991775893,0.19999999999999996
"[8586, 8498, 8487, 7072, 6027, 4995, 3506, 2983, 2972, 2950, 2820, 2209, 1953, 1797, 1795, 1712, 1421, 1307, 1229, 816, 772]",0.00444663116462144,0.8,0.2964206902531261,0.43362496551188257,0.9635055255718324,0.4
"[8302, 8181, 8061, 8046, 7145, 6274, 5495, 5083, 4990, 4599, 4448, 1907, 1904, 1894, 1556, 1555, 1553, 1546, 1450, 1404, 1379, 920, 880, 614, 529, 385, 87, 86, 30, 28, 26, 25, 24, 15, 2]",0.016141467932391757,0.66,0.430535883437714,0.42950463585873977,0.7825751734772552,0.19999999999999996
"[8586, 8467, 8465, 8464, 8456, 8061, 8046, 7514, 6981, 5975, 5974, 5624, 5452, 4995, 4936, 4497, 4487, 4485, 4477, 4476, 4475, 4469, 4448, 4437, 3417, 3227, 2950, 2916, 2878, 2683, 2401, 2250, 1941, 1916, 1907, 1904, 1894, 1875, 1873, 1872, 1790, 1697, 1694, 1687, 1627, 1546, 1404, 1379, 1354, 1332, 1305, 1296, 1277, 1231, 1199, 1184, 1166, 906, 881, 880, 856, 851, 824, 817, 808, 806, 790, 736, 734, 665, 527, 458, 442, 407, 392, 370, 359, 343, 318, 294, 290, 283, 240, 231, 219, 209, 201, 200, 173, 172, 165, 162, 144, 141, 138, 20]",0.035846260708497335,0.05,0.4299165452475081,0.44498735468623707,0.4369056797738371,0.19999999999999996
"[8586, 8488, 8479, 8237, 8148, 8128, 8117, 8104, 8061, 8046, 7916, 7595, 7514, 7339, 7086, 6967, 6920, 6802, 6706, 6362, 6027, 5975, 5974, 5716, 5639, 5537, 5495, 5452, 5397, 5328, 5127, 5083, 4707, 4648, 4492, 4448, 4437, 4264, 3920, 3900, 3724, 3491, 3417, 3394, 3327, 3270, 3208, 3026, 2983, 2943, 2916, 2820, 2796, 2787, 2709, 2401, 2316, 2035, 2006, 1933, 1894, 1712, 1697, 1679, 1672, 1585, 1532, 1527, 1487, 1379, 1319, 1274, 1231, 1188, 935, 856, 816, 772, 734, 600, 414, 291, 222, 220, 214, 209, 208, 86, 70]",0.023288955776800183,0.12,0.43227928235913304,0.69137607515609,0.7823181701362117,0.0
"[4492, 3130]",0.0016705255846260708,0.99,0.15411338458931279,0.19034095272836227,0.990490876381393,0.4
"[8586, 8574, 8128, 8117, 8061, 8046, 7654, 7514, 7145, 7107, 7101, 7095, 7072, 7050, 6631, 6027, 6013, 5975, 5974, 5624, 5495, 5452, 5083, 5078, 5070, 4995, 4991, 4990, 4936, 4600, 4476, 4475, 4469, 4451, 4448, 4437, 4083, 4072, 4071, 4028, 3536, 3454, 3424, 3417, 3284, 3037, 3026, 2951, 2916, 2507, 2506, 2479, 2401, 2035, 2018, 2006, 1953, 1907, 1894, 1875, 1873, 1627, 1532, 1514, 1499, 1454, 1450, 1379, 1354, 1262, 1002, 920, 856, 495, 458, 446, 442, 433, 385, 343, 163, 31, 30, 28]",0.02452766844176893,0.17,0.408875707591869,0.6215088859108913,0.7455666923670008,0.19999999999999996
"[8467, 8128, 8117, 8051, 7733, 7330, 7219, 7086, 6687, 6097, 5639, 5229, 4995, 4475, 4469, 3506, 3204, 3089, 3056, 3026, 2951, 2682, 2035, 2006, 1941, 1907, 1904, 1873, 1872, 1532, 1332, 1305, 880, 817, 808, 359, 318, 290, 283]",0.014389905070618198,0.62,0.3274482457222808,0.46093365395339514,0.8398869185299409,0.19999999999999996
"[8498, 8467, 8465, 8464, 8456, 8128, 6981, 6976, 6967, 6576, 6362, 6274, 5974, 5452, 4936, 4437, 3920, 3900, 3506, 3287, 3227, 2878, 2820, 2776, 2745, 2054, 1875, 1873, 1797, 1795, 1717, 1694, 1547, 1546, 1354, 1305, 1296, 816, 665, 590, 343, 283, 214, 208, 132, 32, 31]",0.017402176429729105,0.54,0.3418197978152989,0.42835242489867076,0.8095605242868158,0.19999999999999996
"[8586, 8498, 8487, 8405, 8051, 7789, 7278, 7095, 7085, 7072, 6687, 6579, 6097, 6027, 5229, 5083, 5070, 4995, 4798, 4469, 3804, 3506, 3026, 2983, 2972, 2950, 2880, 2820, 2796, 2625, 2507, 2479, 2006, 1953, 1907, 1904, 1797, 1712, 1694, 1454, 1450, 1421, 1404, 1307, 1229, 1199, 1098, 880, 851, 816, 772, 669, 627, 624, 614, 600, 590, 442, 433, 370, 231, 165, 87, 86, 76, 64, 59, 54]",0.02485181755035888,0.33,0.45132217458486235,0.5626259695497797,0.7021331277306605,0.0
"[8487, 8441, 8427, 8315, 8302, 7916, 7789, 6981, 6976, 6967, 6362, 6243, 5739, 4936, 4834, 3327, 3287, 3037, 2983, 2878, 2796, 2787, 2783, 2776, 2745, 2506, 2226, 2126, 1712, 1582, 1555, 1354, 1274, 1098, 1094, 1068, 816, 614, 600, 596, 590, 582, 529, 495, 229, 214, 208, 155, 86, 78, 76, 73, 21]",0.017835147024774255,0.48,0.4243453285320218,0.5025924030204193,0.799023387304035,0.19999999999999996
"[8586, 8498, 8487, 8405, 8237, 8051, 7789, 7654, 7095, 7085, 7072, 6802, 6706, 6631, 6579, 6097, 6027, 5639, 5083, 5070, 4995, 4798, 4707, 4469, 4083, 4072, 3804, 3506, 3056, 3026, 2983, 2972, 2950, 2880, 2820, 2796, 2709, 2507, 2479, 2006, 1953, 1907, 1904, 1797, 1795, 1712, 1697, 1694, 1672, 1585, 1514, 1454, 1450, 1421, 1404, 1307, 1229, 1199, 1002, 880, 851, 816, 772, 627, 624, 600, 583, 442, 433, 370, 231, 165, 87, 86, 70]",0.02390252373234545,0.26,0.4402849751771051,0.6091089141439238,0.7340015420200463,0.0
"[8330, 5639, 5004, 4475, 2951, 2423, 1404, 920, 738]",0.003864320444547349,0.92,0.2382834057859854,0.29746707575455766,0.965047545618093,0.19999999999999996
"[8061, 8046, 7514, 7145, 6631, 5495, 5083, 4991, 4448, 4083, 3417, 3026, 2054, 2035, 1894, 1627, 1547, 1546, 1532, 1379, 1354, 790, 726, 665, 529, 343, 144, 141, 138, 132, 26, 25, 24]",0.01202245890252373,0.68,0.3976212446993601,0.4371802362631182,0.8653302492932409,0.19999999999999996
"[6027, 4487, 4469, 1547, 1546, 529, 442, 277, 25, 24, 1]",0.007968279694373697,0.9,0.2874566251778916,0.2768930099062247,0.9095348239527113,0.19999999999999996
"[6274, 4028, 2102, 2054, 1582, 1547, 1546, 1068, 790, 582, 564, 553, 529, 361, 144, 141, 138, 59, 54, 31, 30, 28, 26, 25, 24]",0.014257930076406576,0.76,0.38635810562903405,0.31416989993811095,0.8152145977897712,0.19999999999999996
"[8586, 8128, 8117, 8104, 8061, 8046, 7976, 7514, 7145, 7086, 6967, 6920, 6647, 6631, 6362, 6027, 5495, 5083, 4995, 4991, 4990, 4600, 4599, 4448, 4351, 4083, 3900, 3722, 3506, 3417, 3227, 3198, 3026, 2987, 2983, 2957, 2951, 2796, 2683, 2316, 2126, 2036, 2035, 2006, 1894, 1873, 1697, 1687, 1627, 1532, 1514, 1443, 1442, 1379, 1354, 1332, 1296, 1274, 1231, 1215, 1184, 1128, 851, 824, 816, 734, 614, 600, 596, 590, 588, 343, 318, 290, 283, 231, 201, 200, 173, 172, 165, 162, 144, 141, 87, 86, 78, 76, 73]",0.029913174345913403,0.12,0.5076476245875451,0.637853059521583,0.603443844769982,0.19999999999999996
"[8586, 8498, 8330, 8117, 7789, 7107, 7101, 7095, 7050, 6027, 5974, 5940, 5739, 5624, 5082, 5078, 4995, 4834, 4707, 4492, 4197, 4071, 4028, 3424, 3327, 3323, 3026, 2983, 2950, 2820, 2787, 2507, 2019, 2006, 1532, 1499, 1421, 1354, 1274, 1256, 817, 772, 675, 590, 495, 446, 442, 433, 343, 208, 132, 97, 75]",0.016481824496411206,0.48,0.38995534872293003,0.5549195373999997,0.8388589051657671,0.19999999999999996
"[8498, 8487, 8441, 8405, 8051, 7995, 7789, 6967, 6920, 6687, 6362, 5229, 4995, 4991, 4798, 4488, 4487, 4485, 4484, 4483, 4482, 4481, 4480, 4478, 4469, 4351, 3900, 3804, 3117, 2950, 2880, 2820, 2796, 2776, 2745, 2625, 2316, 2126, 2102, 1907, 1904, 1873, 1797, 1795, 1712, 1694, 1687, 1582, 1443, 1414, 1404, 1332, 1307, 1274, 1231, 1229, 1199, 1128, 1098, 1092, 1068, 1022, 920, 904, 880, 851, 824, 816, 806, 772, 734, 627, 624, 614, 600, 596, 590, 582, 442, 429, 392, 370, 318, 290, 231, 201, 200, 173, 165, 162, 87, 86, 76, 73, 64, 62, 59, 54]",0.035875202593192865,0.03,0.46849597178592606,0.5005373959147478,0.39861218195836545,0.19999999999999996
"[8574, 8117, 8061, 8046, 7654, 7514, 7145, 7107, 7101, 7095, 7072, 7050, 6631, 6013, 5975, 5974, 5624, 5452, 5083, 5078, 5070, 4991, 4936, 4600, 4487, 4476, 4475, 4469, 4451, 4448, 4437, 4083, 4072, 4071, 4028, 3536, 3454, 3424, 3417, 3284, 3037, 3026, 2916, 2507, 2506, 2479, 2401, 2035, 2019, 2018, 2006, 1953, 1907, 1894, 1875, 1873, 1627, 1547, 1546, 1532, 1514, 1499, 1454, 1450, 1379, 1354, 1002, 920, 856, 665, 529, 495, 458, 446, 442, 433, 385, 343, 163, 40, 38, 36, 35, 32, 31, 30, 28, 26, 25, 24, 1]",0.0296897429960639,0.1,0.42514615490710217,0.5692438027114901,0.6224620920071962,0.0
"[7568, 1417]",0.0003716137994906228,0.99,0.1016033118150943,0.18391538186035294,0.9951169365201747,1.0
"[8128, 8117, 8104, 7086, 6925, 6274, 5083, 4492, 4469, 3506, 3491, 3227, 3183, 3026, 2983, 2953, 2321, 2250, 2126, 2102, 2035, 2006, 1907, 1904, 1873, 1697, 1694, 1687, 1582, 1532, 1332, 1305, 1296, 1277, 1231, 1199, 1184, 1128, 1098, 1094, 1092, 1068, 935, 880, 824, 806, 790, 734, 665, 627, 624, 614, 600, 596, 590, 582, 564, 553, 370, 318, 294, 290, 283, 219, 201, 200, 173, 172, 165, 162, 144, 141, 138, 132, 87, 86, 76, 73, 64, 62, 59, 40, 38, 36, 35, 33, 32, 31, 28]",0.03654086594119009,0.12,0.45936071550853175,0.48519119591109294,0.3739398612181959,0.19999999999999996
"[7087, 5947, 5444, 5004, 4806, 4230, 4038, 2423, 2239, 442]",0.002506367214633017,0.91,0.23318381707483693,0.2802267697399585,0.9789257260344384,0.4
"[8586, 7654, 7095, 7085, 7072, 6631, 6579, 6097, 6027, 5083, 5070, 4469, 4083, 4072, 3506, 3056, 3026, 2983, 2972, 2507, 2479, 2126, 2102, 2006, 1953, 1907, 1904, 1694, 1582, 1556, 1555, 1553, 1546, 1514, 1454, 1450, 1421, 1404, 1098, 1094, 1092, 1068, 1022, 1002, 880, 627, 624, 614, 600, 590, 564, 553, 529, 442, 433, 231, 165, 155, 87, 86, 76, 73, 64, 62, 54, 40, 36, 35, 32, 31, 30, 28, 25, 22, 15, 13]",0.031046538550590416,0.25,0.4568955842786664,0.4833687360718034,0.5158057054741712,0.0
"[8479, 8427, 8237, 7916, 6920, 6802, 6706, 6362, 5500, 5397, 5328, 5127, 4834, 4707, 4648, 4264, 3327, 3270, 2820, 2796, 2787, 2709, 2316, 1712, 1697, 1672, 1556, 1274, 1231, 1188, 772, 734, 600, 583, 291, 229, 222, 220, 214, 209, 208, 87, 86, 70]",0.014546191247974068,0.57,0.4198716841690666,0.5241825825439328,0.8370598817784631,0.19999999999999996
"[8427, 8376, 8330, 7925, 7514, 6967, 6362, 5639, 5004, 4834, 4476, 4475, 4306, 4071, 3900, 3754, 2951, 2796, 2787, 2776, 2745, 2423, 2250, 1916, 1873, 1836, 1697, 1687, 1404, 1332, 1305, 1296, 1277, 1231, 1199, 920, 851, 824, 816, 806, 790, 738, 734, 665, 442, 429, 318, 283, 231, 229, 222, 220, 219, 214, 208, 201, 200, 173, 172, 162, 144, 77]",0.025487381338272747,0.39,0.4147428459582395,0.5212001556126055,0.6630686198920586,0.0
"[8586, 8498, 8487, 8427, 8302, 7916, 7429, 7107, 7101, 7095, 7072, 6920, 6579, 6362, 6027, 5975, 5835, 5078, 4995, 4455, 4448, 4071, 4028, 3506, 3037, 2983, 2972, 2950, 2820, 2796, 2787, 2776, 2479, 2401, 2250, 2019, 1953, 1873, 1866, 1797, 1795, 1781, 1740, 1712, 1532, 1454, 1450, 1421, 1379, 1319, 1307, 1277, 1274, 1231, 1229, 1199, 816, 772, 734, 614, 495, 446, 442, 433, 291, 231, 229, 222, 220, 219, 214, 209, 201, 173, 172, 165, 141, 87, 86, 2]",0.025456124102801573,0.21,0.48952403172262915,0.6008245082243653,0.6931380107941403,0.19999999999999996
"[8586, 8574, 8498, 8487, 8427, 8302, 8046, 7916, 7905, 7450, 7429, 7122, 7107, 7101, 7095, 7072, 6920, 6734, 6579, 6535, 6362, 6027, 6013, 5975, 5835, 5495, 5078, 4995, 4991, 4461, 4451, 4448, 4071, 4028, 3454, 3037, 2983, 2972, 2950, 2916, 2820, 2796, 2787, 2776, 2479, 2401, 2347, 2250, 2109, 2019, 1953, 1894, 1873, 1866, 1797, 1795, 1781, 1740, 1712, 1532, 1454, 1450, 1421, 1379, 1307, 1277, 1274, 1199, 1128, 902, 816, 734, 614, 495, 446, 442, 433, 385, 291, 272, 222, 220, 219, 214, 209, 201, 173, 172, 165, 141, 87, 86]",0.026714517249363277,0.09,0.4998589183829144,0.6469514287868974,0.7036751477769211,0.19999999999999996
"[8586, 8574, 8195, 8061, 8046, 7122, 6806, 6535, 6027, 6013, 5634, 5495, 4991, 4483, 4451, 3454, 2916, 1953, 1894, 920, 902, 665, 390, 389, 162, 97, 32, 31, 28, 24, 8, 4]",0.012522574670062514,0.69,0.34019528577142755,0.4721564895970447,0.8771524029812388,0.19999999999999996
"[8586, 4995, 4480, 4478, 2951, 2950, 1658, 385]",0.0032773790229219724,0.93,0.1908828804044007,0.2517471779230491,0.9742996658956566,0.19999999999999996
"[6274, 5991, 4488, 4487, 4485, 4484, 4483, 4482, 4481, 4480, 4478, 4469, 3227, 2734, 2373, 2250, 2102, 1907, 1904, 1873, 1697, 1694, 1687, 1582, 1547, 1546, 1443, 1414, 1404, 1332, 1330, 1305, 1296, 1277, 1231, 1199, 1184, 1128, 1098, 1094, 1092, 1068, 1022, 920, 904, 880, 851, 824, 806, 790, 734, 665, 627, 624, 600, 596, 590, 582, 564, 553, 529, 442, 429, 392, 370, 318, 294, 290, 283, 219, 201, 200, 172, 165, 162, 144, 141, 138, 132, 87, 86, 76, 64, 62, 59, 54, 40, 38, 36, 35, 32, 31, 30, 28, 26, 25, 24, 1]",0.039730261634637644,0.03,0.4775626732227112,0.3765979410698469,0.1912104857363146,0.19999999999999996
"[8061, 8046, 7514, 7145, 7087, 6027, 5495, 5083, 5070, 4990, 4599, 4448, 3417, 3026, 1907, 1904, 1894, 1884, 1627, 1563, 1450, 1404, 1354, 920, 880, 851, 343]",0.007967122018985875,0.74,0.36171008187816345,0.44194609040265176,0.9064507838601902,0.19999999999999996
"[7514, 6274, 5975, 5974, 4487, 4469, 3417, 3227, 2250, 2102, 1904, 1873, 1697, 1694, 1627, 1547, 1546, 1332, 1305, 1296, 1277, 1231, 1199, 1184, 1128, 1068, 880, 856, 824, 806, 790, 734, 665, 627, 624, 614, 600, 564, 529, 343, 318, 294, 290, 283, 219, 201, 200, 173, 172, 165, 162, 144, 141, 138, 132, 59, 54, 40, 38, 36, 35, 32, 31, 30, 28, 26, 25, 24, 1]",0.03162074554294975,0.32,0.43906560138853723,0.4243113506557731,0.4680030840400925,0.19999999999999996
"[8466, 8051, 7733, 7219, 6687, 6097, 5639, 5229, 4995, 3204, 3089, 3056, 2951, 2682, 1941, 1332, 1305, 817, 808, 318, 290, 283]",0.008297059504514934,0.79,0.2932763942652401,0.38859413505506346,0.9218709843227962,0.19999999999999996
"[7568, 3227, 2250, 2126, 1873, 1697, 1417, 1277, 1231, 1184, 1128, 1098, 1094, 1092, 1022, 734, 627, 624, 613, 600, 596, 590, 582, 219, 201, 200, 87, 86, 76]",0.01634406112526048,0.72,0.42830352885620426,0.3200645254368166,0.7653559496273452,0.19999999999999996
"[4492, 4483, 3390, 2326, 1546, 2]",0.00443736976151887,0.95,0.22145009901418644,0.22819191101463343,0.9557954253405294,0.19999999999999996
"[8574, 8427, 8302, 8061, 8046, 7916, 7722, 7429, 7107, 7101, 6920, 6535, 6362, 6054, 6013, 5975, 5835, 5495, 5078, 4991, 4469, 4451, 4448, 4071, 4028, 3454, 3037, 2951, 2916, 2796, 2787, 2776, 2401, 2250, 2019, 1894, 1873, 1866, 1781, 1740, 1687, 1627, 1547, 1532, 1379, 1319, 1277, 1274, 1231, 1199, 920, 902, 734, 614, 529, 495, 446, 442, 416, 385, 294, 291, 231, 229, 222, 220, 219, 214, 209, 201, 173, 172, 165, 141, 132, 87, 86, 25]",0.02714980319518407,0.23,0.4524237769701258,0.616093025003337,0.6676946800308404,0.0
"[8498, 8487, 8405, 8237, 8051, 7789, 7654, 7095, 7085, 7072, 6706, 6631, 6579, 6097, 5083, 5070, 4798, 4707, 4469, 4083, 4072, 3804, 3506, 3056, 3026, 2983, 2972, 2880, 2796, 2507, 2479, 2006, 1953, 1907, 1904, 1795, 1712, 1697, 1585, 1556, 1555, 1553, 1546, 1514, 1454, 1450, 1404, 1229, 1199, 1002, 880, 851, 816, 627, 624, 614, 600, 583, 529, 442, 433, 370, 231, 165, 87, 86, 70, 30, 28, 26, 25, 24, 15, 2]",0.02746237554989581,0.27,0.4567554360814845,0.5538174707856812,0.6363402724235415,0.0
"[4492, 3227, 2321, 2250, 2126, 2102, 1873, 1697, 1687, 1582, 1332, 1277, 1231, 1199, 1184, 1128, 1098, 1094, 1092, 1068, 806, 734, 627, 624, 614, 600, 596, 590, 582, 564, 549, 219, 201, 200, 173, 172, 165, 162, 144, 141, 138, 87, 86, 76, 64, 62, 35, 33, 32, 31, 28]",0.026859226672840936,0.5,0.44558533692741475,0.3838558936783244,0.5731174505268568,0.0
"[8586, 8574, 8427, 8302, 8117, 8061, 8046, 7916, 7429, 7107, 7101, 7095, 7072, 6946, 6920, 6802, 6790, 6579, 6362, 6274, 6027, 6013, 5975, 5835, 5639, 5624, 5495, 5078, 4995, 4991, 4451, 4448, 4071, 4028, 3454, 3424, 3227, 3037, 2950, 2916, 2820, 2796, 2787, 2776, 2709, 2479, 2401, 2250, 2019, 1953, 1894, 1873, 1866, 1797, 1795, 1781, 1740, 1672, 1532, 1499, 1454, 1450, 1421, 1379, 1319, 1307, 1277, 1231, 1199, 920, 772, 734, 665, 495, 458, 446, 442, 433, 385, 291, 231, 229, 222, 220, 219, 214, 209, 201, 173, 172, 165, 147, 141, 132, 87, 86]",0.029219726788608475,0.05,0.5094893221609982,0.6369569488818747,0.6499614494988435,0.19999999999999996
"[8046, 8043, 6274, 6013, 5495, 5227, 5083, 4487, 4483, 4482, 4481, 4480, 4478, 4469, 4451, 4232, 3454, 3227, 3183, 2953, 2916, 2126, 2102, 2054, 2006, 1907, 1904, 1894, 1873, 1697, 1687, 1582, 1404, 1379, 1231, 1098, 1094, 1092, 1068, 880, 876, 734, 665, 627, 624, 614, 600, 596, 590, 582, 564, 553, 529, 370, 231, 219, 209, 201, 172, 162, 144, 141, 138, 132, 86, 78, 76, 73, 64, 59, 54, 40, 38, 36, 35, 32, 31, 30, 28, 26, 25, 24]",0.03380990970131975,0.19,0.4394663223270514,0.4135473536012685,0.40786430223592907,0.19999999999999996
"[8586, 8574, 8427, 8128, 8061, 8046, 7916, 7654, 7514, 7429, 7145, 7101, 6920, 6631, 6535, 6362, 6027, 6013, 5975, 5974, 5495, 5452, 5083, 5070, 4995, 4991, 4990, 4451, 4448, 4437, 4083, 3536, 3454, 3417, 3026, 2951, 2916, 2888, 2796, 2787, 2776, 2507, 2506, 2401, 2035, 2018, 2006, 1941, 1894, 1875, 1873, 1866, 1772, 1627, 1532, 1443, 1379, 1354, 1319, 1277, 1274, 1231, 1002, 902, 856, 807, 734, 458, 446, 442, 429, 385, 343, 291, 231, 229, 222, 220, 219, 214, 209, 163, 31, 30, 28]",0.025555684186154202,0.16,0.4839767453383047,0.6214770007719591,0.7162683114880494,0.19999999999999996
"[8051, 7219, 6687, 6097, 3089, 3056, 2682, 2054, 1941, 876, 529, 343]",0.003279694373697615,0.89,0.2671389742655046,0.34944969176560603,0.9704446157800052,0.4
"[8586, 8498, 8330, 8128, 8117, 7789, 7667, 6027, 5940, 5739, 5639, 4707, 4197, 3104, 2983, 2950, 2820, 2507, 2250, 2031, 1421, 1354, 1098, 772, 738, 675, 590, 582, 201, 132, 97, 76, 75]",0.011486455197962491,0.68,0.36729540045245845,0.48971320544508123,0.8846054998714983,0.19999999999999996
"[7862, 2271]",0.0003669830979393378,0.99,0.08880531794636692,0.1818556585318305,0.9971729632485222,1.0
"[8574, 8117, 8061, 7514, 7107, 7101, 7095, 7072, 6579, 6274, 5975, 5974, 5624, 5078, 4991, 4071, 4028, 3424, 3417, 3227, 2479, 2250, 2102, 2019, 1953, 1873, 1697, 1694, 1627, 1582, 1547, 1546, 1532, 1499, 1454, 1450, 1332, 1305, 1296, 1277, 1256, 1231, 1199, 1184, 1128, 1068, 920, 856, 824, 806, 790, 734, 665, 627, 624, 614, 600, 564, 529, 495, 458, 446, 442, 433, 385, 343, 318, 294, 290, 283, 219, 201, 200, 173, 172, 165, 162, 144, 141, 138, 132, 59, 54, 40, 38, 36, 35, 32, 31, 30, 28, 26, 25, 24, 1]",0.036537392915026626,0.06,0.48735913939238784,0.5399485012069776,0.3927011051143665,0.0
"[8376, 8291, 8178, 7924, 7789, 7526, 7514, 7278, 6848, 6774, 6715, 6274, 6236, 6143, 6133, 6097, 5947, 5739, 5731, 5704, 5684, 5460, 5444, 5229, 4990, 4868, 4806, 4725, 4488, 4483, 4199, 4083, 4072, 4038, 3950, 3567, 3417, 3402, 3056, 2796, 2661, 2239, 2159, 2148, 2142, 2054, 1905, 1627, 1547, 1546, 1514, 904, 738, 474, 392, 225, 132]",0.014269506830284788,0.44,0.3455753399114734,0.5699049134008382,0.8745823695708044,0.19999999999999996
"[8586, 8498, 8488, 8479, 8330, 8128, 8117, 8104, 8061, 8046, 7789, 7514, 7107, 7101, 7095, 7086, 7050, 6967, 6027, 5975, 5974, 5940, 5739, 5537, 5495, 5452, 5397, 5083, 5082, 5078, 4995, 4834, 4707, 4492, 4448, 4197, 4028, 3920, 3900, 3506, 3491, 3417, 3394, 3327, 3323, 3026, 2983, 2951, 2950, 2949, 2916, 2820, 2787, 2507, 2401, 2035, 2019, 2006, 1894, 1875, 1873, 1532, 1499, 1421, 1379, 1354, 1319, 1274, 1256, 935, 856, 817, 816, 772, 675, 590, 446, 442, 433, 414, 343, 291, 208, 132, 97, 75]",0.02305510534846029,0.15,0.4310593474339074,0.6824229593613227,0.7800051400668209,0.19999999999999996
"[8586, 8128, 8061, 8046, 7654, 7568, 7514, 6631, 6366, 6027, 5975, 5974, 5495, 5083, 5070, 4995, 4448, 4437, 4072, 3536, 3506, 3417, 3026, 2950, 2507, 2401, 2006, 1916, 1894, 1875, 1873, 1717, 1417, 1379, 856, 343]",0.00790692289881917,0.65,0.3372711089075351,0.4873479049293017,0.9293240812130558,0.19999999999999996
"[8586, 8128, 8117, 8061, 8046, 7514, 7446, 7145, 6758, 6647, 6631, 6027, 5495, 5083, 4995, 4991, 4990, 4600, 4599, 4487, 4483, 4482, 4481, 4480, 4478, 4469, 4448, 4083, 4046, 3417, 3227, 2957, 2953, 2951, 2683, 2596, 2250, 2036, 1907, 1904, 1894, 1873, 1697, 1694, 1627, 1532, 1514, 1404, 1354, 1332, 1296, 1277, 1231, 1199, 1184, 880, 806, 790, 734, 370, 343, 318, 294, 290, 283, 219, 201, 172, 171, 165]",0.025203750868256544,0.31,0.41521326797555613,0.510041717646234,0.6808018504240555,0.19999999999999996
"[8586, 8051, 7733, 6687, 6097, 5639, 4995, 4171, 3056, 2950, 2820, 1797, 1795, 1672, 772]",0.003060893725399398,0.86,0.2612607027037279,0.3804175340030179,0.9742996658956566,0.4
"[3227, 2250, 2126, 2102, 1873, 1697, 1694, 1687, 1582, 1547, 1546, 1332, 1305, 1296, 1277, 1231, 1199, 1184, 1128, 1098, 1094, 1092, 1068, 1022, 806, 790, 734, 665, 627, 624, 614, 600, 596, 590, 582, 564, 553, 529, 294, 290, 283, 219, 201, 200, 173, 172, 165, 162, 144, 141, 138, 132, 87, 86, 76, 73, 64, 62, 59, 54, 40, 38, 36, 35, 32, 31, 30, 28, 26, 25, 24, 1]",0.03340588099097013,0.29,0.46795775749564184,0.4001681140874572,0.3744538679002827,0.0
"[8128, 8117, 8104, 7086, 6925, 6274, 5957, 5083, 4487, 4483, 4469, 3506, 3491, 3227, 3183, 3026, 2983, 2953, 2250, 2126, 2102, 2035, 2006, 1907, 1904, 1873, 1697, 1694, 1597, 1582, 1532, 1332, 1305, 1296, 1277, 1231, 1199, 1184, 1128, 1098, 1094, 1092, 1082, 1068, 1022, 935, 880, 824, 806, 790, 734, 665, 627, 624, 614, 600, 596, 590, 582, 564, 553, 370, 318, 294, 290, 283, 219, 201, 200, 173, 172, 165, 162, 132, 87, 86, 76, 73, 64, 62, 59, 54, 40, 38, 36]",0.0353542486686733,0.16,0.45584490644901954,0.47401605716156514,0.4230274993574916,0.19999999999999996
"[8467, 8465, 8464, 8456, 8215, 7439, 5632, 4991, 4477, 4476, 4475, 4469, 3227, 3198, 2987, 2102, 1916, 1907, 1904, 1873, 1872, 1790, 1697, 1694, 1687, 1582, 1547, 1442, 1404, 1332, 1305, 1296, 1231, 1213, 1184, 1092, 1068, 880, 824, 817, 808, 736, 734, 665, 588, 582, 529, 318, 294, 290, 283, 240, 231, 219, 209, 201, 200, 173, 172, 165, 155, 144, 141, 138, 78, 73, 64, 62, 59, 54, 40, 38, 35, 32, 31, 30, 28, 26, 25, 24, 17]",0.03445820791849965,0.2,0.4123055838763695,0.39049902493359145,0.41814443587766637,0.0
"[8586, 8467, 8465, 8464, 8456, 6648, 6027, 5624, 4600, 4497, 4487, 4485, 4477, 4476, 4475, 4469, 3227, 2126, 2102, 2018, 1941, 1907, 1904, 1873, 1872, 1790, 1697, 1694, 1687, 1582, 1556, 1555, 1553, 1546, 1421, 1404, 1332, 1305, 1296, 1231, 1184, 1098, 1094, 1092, 1068, 920, 906, 880, 817, 808, 736, 734, 665, 627, 624, 614, 600, 590, 564, 553, 529, 458, 442, 407, 386, 359, 318, 290, 283, 240, 231, 219, 209, 201, 173, 172, 165, 162, 155, 144, 141, 138, 87, 86, 76, 73, 64, 62, 54, 40, 36, 35, 32, 31, 30, 28, 25, 22, 15, 13]",0.04052674230145867,0.01,0.44490757638974454,0.37977135253117067,0.21870984322796194,0.19999999999999996
"[8467, 8117, 7859, 6818, 5227, 4991, 4487, 4477, 4476, 4475, 4469, 3383, 3227, 2423, 2126, 2102, 1916, 1907, 1904, 1873, 1872, 1790, 1697, 1694, 1687, 1547, 1546, 1404, 1332, 1305, 1231, 1184, 1128, 1098, 1094, 1092, 880, 817, 808, 736, 734, 665, 627, 624, 614, 600, 596, 590, 529, 407, 359, 318, 290, 283, 240, 231, 219, 209, 201, 173, 172, 165, 162, 155, 87, 86, 76, 73, 64, 62, 59, 54, 53, 25, 24, 1]",0.033236860384348234,0.25,0.4284998044053592,0.4204923428716959,0.4543819069647905,0.0
"[8574, 8427, 8302, 8061, 8046, 7916, 7862, 7429, 7122, 7107, 7101, 7095, 6920, 6579, 6535, 6362, 6013, 5975, 5835, 5758, 5495, 5078, 4991, 4451, 4448, 4071, 4028, 3454, 3037, 2916, 2796, 2776, 2401, 2271, 2250, 2019, 1894, 1873, 1866, 1781, 1740, 1532, 1379, 1319, 1277, 1274, 1231, 1199, 902, 734, 614, 495, 446, 442, 385, 291, 231, 229, 222, 220, 219, 214, 209, 201, 173, 172, 165, 141, 87, 86, 2]",0.023211391525816163,0.3,0.46857670120712047,0.594085568928719,0.7293754818812644,0.19999999999999996
"[8574, 8427, 8215, 8117, 8061, 8046, 7916, 7439, 7429, 7107, 7101, 7095, 7072, 6946, 6920, 6579, 6362, 6013, 5975, 5632, 5624, 5495, 5078, 4991, 4451, 4448, 4071, 4028, 3454, 3424, 3227, 3198, 3037, 2987, 2916, 2796, 2787, 2776, 2479, 2401, 2019, 1953, 1894, 1873, 1866, 1795, 1781, 1740, 1547, 1532, 1499, 1454, 1450, 1442, 1379, 1319, 1296, 1277, 1231, 1184, 920, 734, 665, 588, 529, 495, 458, 446, 442, 433, 385, 294, 291, 283, 231, 229, 222, 220, 219, 214, 209, 201, 173, 172, 165, 144, 141, 40, 31, 30, 28, 26, 25, 24]",0.0308335262792313,0.07,0.49446662243861983,0.5866409272651734,0.5934207144692881,0.0
"[8224, 7789, 7362, 5739, 4834, 4707, 4197, 2787, 2126, 2102, 1916, 1547, 1546, 1098, 1094, 1092, 600, 596, 590, 529, 162, 97, 87, 86, 76, 73, 64, 62, 59, 54, 53, 25, 24, 1]",0.01697615188701088,0.67,0.4267914999160962,0.39704852706176874,0.7746080699049087,0.0
"[8128, 8117, 7087, 5083, 4475, 4469, 3506, 3026, 2745, 2035, 2006, 1907, 1904, 1873, 1872, 1532, 1332, 880, 817, 359, 318]",0.009739523037740217,0.8,0.3030890471453642,0.36028646262472275,0.8930866101259316,0.19999999999999996
"[8586, 8128, 8061, 8046, 7654, 7568, 7514, 7122, 7109, 7101, 7095, 6631, 6579, 6366, 6027, 5975, 5974, 5495, 5083, 5078, 5070, 4995, 4448, 4437, 4072, 4028, 3536, 3506, 3417, 3037, 3026, 2950, 2507, 2401, 2019, 2006, 1916, 1894, 1875, 1873, 1866, 1717, 1532, 1417, 1379, 856, 495, 446, 429, 343, 173, 172]",0.012612873350312572,0.49,0.40185851068148737,0.5736018927154507,0.8781804163454126,0.19999999999999996
"[8467, 8465, 8464, 8456, 6274, 5227, 4232, 3227, 3183, 2152, 2102, 2054, 1790, 1697, 1687, 1582, 1546, 1305, 1231, 1098, 1094, 1092, 1068, 808, 736, 734, 665, 627, 624, 614, 600, 596, 590, 582, 564, 553, 529, 290, 283, 240, 231, 219, 209, 201, 172, 162, 144, 141, 138, 132, 86, 78, 76, 73, 64, 59, 54, 40, 38, 36, 35, 32, 31, 30, 28, 26, 25, 24]",0.030813845797638344,0.33,0.41047606707593143,0.3650819450816377,0.4708301207915703,0.19999999999999996
"[8586, 8498, 8427, 8315, 8302, 8128, 8117, 8104, 8061, 8046, 7789, 7514, 7107, 7101, 7095, 7086, 7050, 6967, 6362, 6027, 5974, 5739, 5704, 5537, 5495, 5452, 5083, 5082, 5078, 4995, 4834, 4492, 4448, 4197, 4028, 3920, 3900, 3506, 3491, 3417, 3327, 3287, 3026, 2983, 2951, 2950, 2949, 2916, 2886, 2820, 2787, 2783, 2776, 2745, 2507, 2401, 2035, 2019, 2006, 1894, 1875, 1873, 1712, 1627, 1532, 1499, 1421, 1379, 1354, 1274, 935, 856, 816, 772, 614, 590, 446, 442, 433, 414, 343, 229, 214, 208, 97, 75]",0.02233618893262329,0.15,0.42500148238292634,0.688028002714665,0.7910562837316886,0.19999999999999996
"[8586, 8376, 8061, 8046, 7514, 7347, 7122, 7107, 7101, 7095, 7011, 6848, 6579, 6236, 6143, 6097, 5947, 5704, 5684, 5495, 5460, 5444, 5078, 4995, 4990, 4806, 4448, 4038, 4028, 3767, 3417, 3402, 3287, 3037, 2951, 2239, 2142, 2019, 1894, 1884, 1873, 1866, 1627, 1532, 1379, 738, 596, 495, 474, 446, 343, 225, 214, 201]",0.01239754572817782,0.47,0.4118189195829357,0.5748886071003827,0.883834489848368,0.19999999999999996
"[8488, 8427, 8237, 7916, 6967, 6920, 6802, 6706, 6362, 5975, 5974, 5452, 5397, 5328, 4834, 4707, 4437, 4264, 3920, 3900, 3394, 3327, 3270, 2820, 2796, 2787, 2709, 2316, 2126, 1875, 1873, 1826, 1712, 1697, 1672, 1585, 1404, 1319, 1274, 1231, 1188, 1128, 966, 856, 816, 772, 734, 627, 624, 614, 600, 596, 583, 291, 231, 229, 222, 220, 219, 214, 209, 208, 87, 86, 70]",0.022348923361889327,0.36,0.4584239820604006,0.5590189574529423,0.7417116422513492,0.19999999999999996
"[8237, 6706, 5639, 2951, 676]",0.0007432275989812456,0.96,0.11560066028537874,0.24431357009744914,0.9951169365201747,1.0
"[8498, 8128, 6981, 6976, 6967, 6920, 6362, 6274, 5974, 5452, 4936, 4600, 4437, 3920, 3900, 3506, 3287, 2983, 2878, 2820, 2776, 2745, 2506, 2316, 2054, 2018, 1875, 1873, 1797, 1795, 1717, 1712, 1547, 1546, 1354, 1307, 816, 809, 790, 776, 590, 529, 458, 442, 343, 214, 208, 141, 140, 138, 132]",0.015948136142625607,0.5,0.4270763281531309,0.5377233299007775,0.8288357748650732,0.19999999999999996
"[7439, 6793, 5639, 2917, 676, 294, 138]",0.0025225746700625142,0.94,0.22989856157602717,0.2637232238715551,0.9820097661269597,0.4
"[8426, 8302, 6802, 6274, 5639, 3227, 2709, 1672, 147, 141, 132, 87, 86]",0.005391294281083584,0.88,0.3108005404554427,0.332070984697292,0.938319198149576,0.19999999999999996
"[8586, 8498, 8488, 8487, 8479, 8441, 8330, 8128, 8061, 8046, 7916, 7789, 7654, 7514, 6981, 6976, 6967, 6920, 6631, 6027, 5975, 5974, 5940, 5739, 5495, 5452, 5397, 5083, 5070, 4995, 4936, 4834, 4707, 4448, 4437, 4197, 4072, 3920, 3900, 3536, 3506, 3417, 3394, 3327, 3323, 3026, 2983, 2950, 2878, 2820, 2796, 2787, 2507, 2506, 2401, 2316, 2006, 1916, 1894, 1875, 1873, 1872, 1797, 1795, 1717, 1379, 1354, 1319, 1307, 1274, 1256, 856, 817, 816, 776, 772, 675, 590, 343, 291, 208, 132, 97, 75]",0.02005209539245196,0.17,0.4562864998749798,0.6414934927780498,0.8111025443330764,0.19999999999999996
"[8291, 7916, 7526, 7514, 7278, 6309, 6236, 6097, 5739, 5731, 5704, 5639, 5634, 5460, 4995, 4477, 4199, 4072, 4038, 3567, 3402, 3327, 3204, 3096, 3056, 2951, 2796, 2661, 2148, 2142, 1781, 1627, 1514, 1274, 1022, 738, 474, 443, 231, 225]",0.010191016438990508,0.61,0.32154000223372947,0.5198216068580186,0.9151888974556669,0.19999999999999996
"[7701, 4497]",0.0015454966427413752,0.99,0.13964362963367083,0.19070046041922595,0.9917758930866101,0.4
"[6925, 6274, 5083, 3227, 3183, 3026, 2250, 2126, 2102, 1907, 1904, 1697, 1694, 1582, 1332, 1305, 1296, 1277, 1231, 1199, 1184, 1128, 1098, 1094, 1092, 1082, 1068, 880, 824, 806, 790, 734, 665, 627, 624, 614, 600, 596, 590, 582, 564, 553, 318, 294, 290, 283, 219, 201, 200, 173, 172, 165, 162, 132, 86, 76, 73, 64, 62, 59, 54, 40, 38, 36]",0.030116925214169945,0.37,0.4534278362273426,0.4096132791557193,0.5008995116936521,0.0
"[8302, 8291, 8178, 7924, 7789, 7526, 7514, 7278, 6848, 6774, 6236, 6143, 6133, 6097, 5835, 5739, 5731, 5704, 5460, 5444, 5229, 4995, 4990, 4806, 4725, 4199, 4083, 4072, 4038, 3950, 3567, 3402, 3056, 2796, 2661, 2250, 2159, 2148, 2142, 1905, 1712, 1627, 1514, 1199, 738, 614, 474, 310, 225, 201, 173, 172, 165, 141, 87, 86, 2]",0.016056957629080805,0.44,0.4289990948442848,0.5421752200610694,0.831662811616551,0.19999999999999996
"[8574, 8427, 8376, 7916, 7347, 7072, 6920, 6535, 6362, 6349, 6309, 6195, 6013, 5975, 5684, 5639, 4834, 4451, 4448, 4071, 3724, 3454, 3327, 3149, 2972, 2916, 2820, 2796, 2787, 2776, 2479, 2401, 2316, 2250, 1953, 1873, 1836, 1781, 1740, 1636, 1582, 1547, 1546, 1454, 1450, 1421, 1379, 1277, 1274, 1231, 1199, 1068, 772, 734, 564, 553, 529, 433, 385, 291, 231, 229, 222, 220, 219, 214, 209, 201, 200, 165, 87, 86, 62, 59, 54, 40, 36, 1]",0.02707339661958787,0.23,0.49339437370998684,0.5694401456333613,0.6440503726548445,0.0
"[8586, 8467, 8195, 8128, 8117, 7859, 7107, 7101, 6818, 6027, 5974, 5634, 5227, 4991, 4487, 4483, 4477, 4476, 4475, 4469, 3383, 3227, 2908, 2507, 2423, 2006, 1953, 1916, 1907, 1904, 1873, 1872, 1790, 1697, 1694, 1687, 1627, 1404, 1354, 1332, 1330, 1305, 1231, 1184, 1128, 880, 817, 808, 736, 734, 665, 627, 624, 614, 590, 446, 407, 359, 318, 290, 283, 240, 231, 219, 209, 201, 173, 172, 165, 162, 155, 75, 71, 8, 4]",0.03013197499421162,0.26,0.4140910643352187,0.4759212137500589,0.5738884605499872,0.19999999999999996
"[8107, 2074, 1556, 1555, 38, 36, 35, 31, 30, 15, 8]",0.008433665200277841,0.9,0.332068390298751,0.233786935532182,0.8987406836288871,0.19999999999999996
"[8498, 8128, 8028, 6981, 6976, 6967, 6362, 5974, 5452, 4936, 4437, 3920, 3900, 3506, 3287, 2983, 2878, 2776, 2745, 2506, 2316, 2074, 1875, 1873, 1717, 1712, 1556, 1555, 1547, 1354, 1307, 816, 809, 790, 590, 529, 343, 214, 208, 144, 141, 138, 35, 32, 31, 30, 28, 15]",0.017203056263023847,0.53,0.4242217247636202,0.512498806722357,0.8054484708301208,0.19999999999999996
"[8427, 8376, 8330, 7925, 7514, 6967, 6362, 5639, 5004, 4834, 4476, 4475, 4306, 4071, 3900, 3754, 2796, 2787, 2776, 2745, 2423, 2250, 1916, 1873, 1836, 1697, 1687, 1546, 1404, 1332, 1305, 1296, 1277, 1231, 1199, 1128, 920, 851, 824, 816, 806, 790, 734, 665, 442, 429, 318, 283, 231, 222, 220, 219, 214, 208, 201, 200, 173, 172, 162, 144, 77, 1]",0.02648413984718685,0.39,0.4148443266047147,0.5058629319394131,0.6347982523772808,0.0
"[6806, 6446, 2102, 1547, 1546, 920, 665, 600, 529, 87, 86, 59, 55, 54, 53, 31, 25, 24, 1]",0.011360268580689973,0.82,0.3943975365064082,0.3297111694508118,0.8493960421485479,0.19999999999999996
"[8051, 7219, 6687, 6097, 5495, 4600, 4495, 4475, 4469, 3089, 3056, 2682, 2054, 1941, 876, 529, 343]",0.005827737902292198,0.84,0.22616474080560633,0.3408643089024893,0.9444872783346183,0.19999999999999996
"[8574, 8427, 8302, 8128, 8117, 8061, 8046, 8044, 7916, 7429, 7072, 6946, 6920, 6362, 6274, 6013, 5975, 5835, 5495, 5083, 4991, 4451, 4448, 3454, 3227, 3026, 2916, 2796, 2787, 2776, 2479, 2401, 2250, 2035, 2006, 1953, 1894, 1873, 1866, 1795, 1781, 1740, 1597, 1556, 1555, 1553, 1546, 1532, 1454, 1450, 1379, 1319, 1277, 1231, 1199, 1022, 920, 734, 665, 614, 529, 385, 291, 231, 229, 222, 220, 219, 214, 209, 201, 173, 172, 165, 147, 141, 132, 87, 86, 30, 28, 26, 25, 24, 15, 2]",0.030169020606621907,0.15,0.5082897836690913,0.6104047296081733,0.5815985607812901,0.19999999999999996
"[8586, 8498, 8330, 8128, 8117, 7789, 7654, 7514, 7145, 6631, 6179, 6027, 5974, 5940, 5739, 5639, 5082, 4834, 4707, 4485, 4484, 4483, 4482, 4481, 4197, 4083, 4072, 3417, 3327, 3104, 3026, 2983, 2950, 2916, 2820, 2796, 2787, 2783, 2592, 2537, 2507, 2035, 2006, 1916, 1627, 1514, 1421, 1414, 1354, 1233, 790, 772, 738, 734, 675, 614, 590, 429, 231, 214, 208, 132, 97, 75]",0.01942000463070155,0.37,0.37507662099997263,0.5564219811259654,0.8015934207144693,0.19999999999999996
"[6274, 4487, 4469, 1547, 1546, 442, 277, 25, 24, 1]",0.007536466774716369,0.91,0.28154625012035484,0.24883975456910623,0.9167309175019275,0.19999999999999996
"[6274, 3227, 2250, 2126, 2102, 1907, 1904, 1697, 1694, 1687, 1582, 1547, 1546, 1404, 1305, 1296, 1277, 1231, 1199, 1184, 1128, 1098, 1094, 1092, 1068, 920, 880, 851, 806, 790, 778, 734, 665, 627, 624, 614, 600, 596, 590, 582, 564, 553, 529, 294, 290, 283, 219, 201, 200, 173, 172, 165, 162, 144, 141, 138, 132, 87, 76, 73, 64, 62, 59, 54, 40, 38, 36, 35, 32, 31, 30, 28, 26, 25, 24, 1]",0.03392567724010188,0.25,0.4652300493712813,0.40634151282434683,0.3605756874839373,0.19999999999999996
"[6274, 5947, 5444, 4806, 4230, 4038, 2423, 2239, 1795]",0.0016137994906228292,0.92,0.18213383534098715,0.2936581739055072,0.988177846312002,0.8
"[8586, 8574, 8117, 8061, 8046, 7429, 7107, 7101, 7095, 7072, 6946, 6920, 6790, 6579, 6027, 6013, 5975, 5624, 5495, 5227, 5078, 4995, 4991, 4451, 4448, 4071, 4028, 3683, 3454, 3424, 3227, 3037, 2950, 2916, 2820, 2796, 2479, 2401, 2074, 2019, 1953, 1894, 1873, 1866, 1797, 1795, 1781, 1556, 1555, 1532, 1499, 1454, 1450, 1421, 1379, 1319, 1307, 1277, 1231, 1094, 1092, 1068, 920, 772, 734, 665, 564, 553, 495, 458, 446, 442, 433, 385, 291, 231, 219, 209, 201, 173, 172, 165, 141, 87, 86, 64, 62, 59, 54, 38, 36, 35, 32, 31, 30, 28, 15]",0.032918499652697386,0.04,0.5088165793988827,0.6024843160393063,0.5319969159599075,0.19999999999999996
"[8586, 8488, 8479, 8427, 8237, 8128, 8117, 8104, 8061, 8046, 7916, 7514, 7298, 7086, 6967, 6920, 6802, 6706, 6362, 6027, 5975, 5974, 5639, 5537, 5495, 5452, 5397, 5328, 5127, 5083, 4834, 4707, 4648, 4492, 4448, 4437, 4264, 3920, 3900, 3506, 3491, 3417, 3394, 3327, 3270, 3026, 2983, 2951, 2949, 2916, 2820, 2796, 2787, 2709, 2401, 2316, 2035, 2006, 1894, 1875, 1873, 1712, 1697, 1672, 1585, 1532, 1379, 1319, 1231, 1188, 935, 856, 816, 772, 734, 600, 583, 414, 291, 229, 222, 220, 214, 209, 208, 87, 86, 15]",0.02459597128965038,0.13,0.4542241274428066,0.7177160121672328,0.7584168594191725,0.0
"[8046, 7199, 6274, 6013, 5495, 5227, 4478, 4469, 4451, 4232, 3227, 2916, 2126, 2102, 2054, 1907, 1904, 1894, 1873, 1697, 1687, 1582, 1404, 1379, 1231, 1098, 1094, 1092, 1068, 880, 876, 734, 665, 627, 624, 614, 600, 596, 590, 582, 564, 553, 529, 370, 231, 219, 209, 201, 172, 162, 144, 141, 138, 132, 86, 78, 76, 73, 64, 59, 54, 40, 38, 36, 35, 32, 31, 30, 28, 26, 25, 24]",0.03201203982403334,0.29,0.44047085709839995,0.4505899696022433,0.4592649704446158,0.19999999999999996
"[8330, 6981, 6917, 6657, 6274, 5855, 5639, 4889, 4469, 2951, 2878, 2412, 2250, 2126, 2102, 2045, 1907, 1904, 1873, 1697, 1694, 1687, 1582, 1443, 1404, 1332, 1305, 1296, 1277, 1231, 1199, 1184, 1128, 1098, 1094, 1092, 1068, 920, 880, 851, 824, 806, 790, 738, 734, 665, 624, 600, 596, 590, 582, 564, 553, 442, 429, 392, 370, 318, 294, 290, 283, 219, 201, 200, 173, 172, 165, 162, 144, 141, 138, 132, 87, 86, 76, 73, 64, 62, 59, 54, 40, 38, 36, 35, 32, 31, 30, 26, 25, 24]",0.03762560777957861,0.11,0.4736048179759016,0.43498145490708473,0.309432022616294,0.0
"[8467, 8465, 8464, 8456, 5227, 4679, 4475, 4469, 3227, 2126, 2102, 1941, 1873, 1872, 1790, 1697, 1694, 1687, 1582, 1556, 1555, 1553, 1546, 1332, 1305, 1296, 1231, 1184, 1128, 1098, 1094, 1092, 1068, 817, 808, 736, 734, 665, 627, 624, 614, 600, 596, 590, 564, 553, 529, 359, 318, 290, 283, 240, 231, 219, 209, 201, 173, 172, 165, 162, 144, 141, 138, 87, 86, 76, 73, 64, 62, 59, 54, 40, 36, 35, 32, 31, 30, 28, 25, 22, 15, 13]",0.03667631396156518,0.19,0.4330696673007872,0.36580460483093646,0.3407864302235929,0.19999999999999996
"[6274, 4488, 4487, 4485, 4484, 4483, 4481, 4480, 4478, 4475, 4469, 3227, 2250, 2126, 2102, 2054, 1907, 1904, 1873, 1697, 1694, 1687, 1582, 1547, 1546, 1443, 1414, 1404, 1332, 1305, 1296, 1277, 1231, 1199, 1184, 1128, 1098, 1094, 1092, 1068, 920, 904, 880, 851, 824, 806, 734, 665, 627, 624, 614, 600, 596, 590, 582, 564, 553, 529, 442, 429, 392, 370, 318, 294, 290, 283, 231, 219, 201, 200, 173, 172, 165, 162, 144, 141, 138, 132, 87, 86, 76, 73, 64, 62, 59, 54, 40, 38, 36, 35, 32, 31, 30, 28, 26, 25, 24]",0.039798564482519096,0.04,0.4733826839121016,0.35986193375798536,0.16808018504240552,0.19999999999999996
"[8586, 8498, 8487, 7429, 7107, 7101, 7095, 7072, 6920, 6579, 6027, 5975, 5078, 4995, 4448, 4071, 4028, 3506, 3037, 2983, 2972, 2950, 2820, 2479, 2401, 2019, 1953, 1873, 1866, 1797, 1795, 1582, 1556, 1555, 1553, 1546, 1532, 1454, 1450, 1421, 1379, 1319, 1307, 1231, 1068, 816, 772, 734, 614, 564, 553, 529, 495, 446, 442, 433, 295, 291, 231, 219, 209, 201, 173, 172, 165, 141, 87, 86, 54, 40, 36, 35, 32, 31, 30, 28, 25, 22, 15, 13]",0.029613336420467703,0.21,0.5006607378070095,0.5516830506327131,0.5728604471858134,0.0
"[8467, 8465, 8464, 8456, 6274, 5227, 4492, 3227, 3183, 2152, 1790, 1750, 1697, 1687, 1305, 1231, 808, 736, 734, 665, 627, 624, 614, 600, 596, 590, 290, 283, 240, 231, 219, 209, 201, 172, 162, 144, 141, 138, 132, 86, 78]",0.020727020143551746,0.6,0.3594009012274212,0.3287278406345664,0.7229503983551786,0.0
"[8427, 7916, 7514, 5975, 5974, 5624, 5500, 5452, 4936, 4707, 4448, 4435, 3424, 3417, 3327, 3284, 2796, 2787, 2401, 1875, 1873, 1627, 1547, 1546, 1354, 1274, 856, 665, 529, 343, 229, 163, 40, 38, 36, 35, 32, 31, 30, 28, 26, 25, 24, 1]",0.01693679092382496,0.57,0.41595622512896846,0.42693682990829107,0.7836031868414289,0.19999999999999996
"[2102, 2054, 1582, 1546, 1098, 1094, 1092, 1068, 582, 564, 553, 529, 76, 73, 64, 59, 54, 40, 38, 36, 35, 32, 31, 30, 26, 25, 24]",0.016714517249363278,0.74,0.40951038658266625,0.29323393756257987,0.7450526856849139,0.19999999999999996
"[8574, 8427, 8117, 8061, 8046, 7916, 7439, 7429, 7107, 7101, 7095, 7072, 6946, 6920, 6579, 6362, 6013, 5975, 5624, 5078, 4991, 4451, 4448, 4071, 4028, 3454, 3424, 3227, 3037, 2987, 2916, 2796, 2787, 2776, 2479, 2401, 2019, 1953, 1894, 1873, 1866, 1795, 1781, 1547, 1546, 1532, 1499, 1454, 1450, 1442, 1379, 1319, 1296, 1277, 1231, 1184, 920, 734, 665, 553, 529, 495, 458, 446, 442, 433, 385, 294, 291, 283, 231, 229, 222, 220, 219, 201, 173, 172, 165, 144, 141, 40, 38, 36, 35, 32, 31, 30, 28, 26, 25, 24, 1]",0.031156517712433433,0.08,0.49287833031504913,0.5682721713432679,0.5409920328964277,0.19999999999999996
"[8498, 8405, 8117, 8061, 8051, 7995, 7789, 7654, 7145, 7107, 7101, 7095, 7072, 7050, 6687, 6631, 5229, 5083, 5078, 5070, 4995, 4991, 4798, 4600, 4487, 4469, 4083, 4072, 4071, 4028, 3804, 3536, 3454, 3213, 3037, 3026, 2950, 2880, 2820, 2796, 2625, 2507, 2506, 2479, 2035, 2019, 2018, 2006, 1953, 1907, 1904, 1873, 1795, 1712, 1694, 1532, 1514, 1499, 1454, 1450, 1404, 1229, 1199, 1098, 1068, 1002, 920, 880, 851, 772, 627, 624, 614, 600, 590, 495, 458, 446, 442, 433, 385, 370, 231, 173, 165, 87, 86, 76, 64, 59, 54]",0.031165779115536002,0.1,0.4621071120074748,0.5783181727362575,0.6003598046774608,0.0
"[8376, 8330, 7514, 6967, 5639, 5004, 4475, 3754, 2951, 2423, 1916, 1836, 1697, 1404, 1354, 1332, 920, 816, 806, 738, 429, 208, 173, 172]",0.009960639036814078,0.77,0.34480929772417934,0.445514445503882,0.8882035466461065,0.19999999999999996
"[6120, 4492]",0.0015779115536003706,0.99,0.13824392797132679,0.19043546688561708,0.9915188897455667,0.4
"[8302, 6848, 5835, 2250, 1712, 1199, 614, 201, 173, 172, 165, 141, 87, 86, 26]",0.008862005093771707,0.86,0.36308572969657815,0.31718755864111703,0.8959136468774094,0.19999999999999996
"[8586, 8427, 8128, 8061, 8046, 7925, 7514, 7145, 6631, 6362, 6027, 5495, 5083, 4995, 4991, 4990, 4834, 4476, 4448, 4083, 4071, 3417, 3026, 2951, 2796, 2787, 2776, 2445, 2250, 2035, 1894, 1687, 1627, 1532, 1379, 1354, 1305, 1296, 1277, 1199, 851, 790, 734, 665, 343, 283, 231, 229, 222, 220, 219, 162, 144]",0.01764644593655939,0.48,0.3649402307546594,0.5423982333559807,0.8134155744024673,0.19999999999999996
"[8586, 8128, 7568, 6806, 6446, 6027, 4995, 3536, 3506, 2950, 2910, 2507, 1873, 1717, 1417, 600, 31, 28, 24]",0.0068268117619819406,0.82,0.3340660773659593,0.33988077433136377,0.9303520945772294,0.19999999999999996
"[8286, 8056, 6979, 6793, 5639, 4902, 3919]",0.0010615883306320907,0.94,0.13955602598784878,0.2681802801286082,0.9935749164739142,0.8
"[8128, 8117, 5083, 4492, 4475, 4469, 3506, 3026, 2035, 2006, 1907, 1904, 1873, 1872, 1532, 1332, 880, 407, 359, 318, 15]",0.011080111136837231,0.8,0.31443761482443233,0.33781387455949197,0.8735543562066307,0.19999999999999996
"[8586, 8574, 8427, 8376, 8128, 7916, 7568, 7347, 7072, 6920, 6535, 6362, 6349, 6309, 6027, 6013, 5975, 5070, 4995, 4834, 4451, 4448, 4071, 3724, 3536, 3506, 3454, 3327, 3149, 3026, 2972, 2950, 2916, 2820, 2796, 2787, 2776, 2507, 2479, 2401, 2316, 2250, 1953, 1875, 1873, 1836, 1781, 1740, 1717, 1636, 1454, 1450, 1421, 1417, 1379, 1277, 1274, 1231, 1199, 772, 734, 433, 385, 291, 231, 229, 222, 220, 219, 209, 201, 200, 165, 87, 86, 62, 59, 8]",0.024329705950451492,0.23,0.4862093619599821,0.6041053555471549,0.7144692881007453,0.19999999999999996
"[8586, 8498, 8487, 8464, 8456, 8427, 7916, 7429, 7107, 7101, 7095, 7072, 6920, 6579, 6362, 6274, 6027, 5975, 5835, 5078, 4995, 4455, 4448, 4071, 4028, 3506, 3037, 2983, 2972, 2950, 2820, 2796, 2787, 2776, 2479, 2401, 2250, 2054, 2019, 1953, 1873, 1866, 1797, 1795, 1789, 1740, 1712, 1547, 1546, 1532, 1454, 1450, 1421, 1379, 1319, 1307, 1296, 1277, 1274, 1231, 1229, 1199, 816, 772, 734, 495, 446, 442, 433, 291, 231, 229, 222, 220, 219, 214, 209, 201, 173, 132]",0.02485181755035888,0.21,0.4326377644794658,0.5525036314047452,0.7111282446671807,0.19999999999999996
"[8586, 8498, 8487, 8441, 8427, 8128, 8061, 8046, 7916, 7654, 7514, 6981, 6976, 6967, 6920, 6631, 6362, 6027, 5975, 5974, 5495, 5452, 5083, 5070, 4995, 4936, 4834, 4480, 4478, 4448, 4437, 4254, 4072, 3920, 3900, 3536, 3506, 3417, 3327, 3287, 3026, 2983, 2951, 2950, 2878, 2820, 2796, 2787, 2783, 2776, 2745, 2507, 2506, 2401, 2316, 2006, 1916, 1894, 1875, 1873, 1797, 1795, 1717, 1658, 1379, 1354, 1307, 1274, 856, 816, 776, 772, 385, 343, 229, 214, 208]",0.018238018059736048,0.24,0.3705445355312589,0.6447474641082502,0.8483680287843742,0.19999999999999996
"[8427, 8215, 7916, 7439, 7429, 6946, 6920, 6362, 5975, 5632, 4451, 4448, 3424, 3227, 3198, 2916, 2796, 2787, 2776, 2401, 1894, 1873, 1866, 1795, 1781, 1740, 1547, 1379, 1319, 1296, 1277, 1231, 1184, 734, 665, 588, 529, 294, 291, 283, 231, 229, 222, 220, 219, 209, 201, 173, 172, 165, 144, 141, 40, 31, 30, 28, 26, 25, 24, 8]",0.02283283167399861,0.41,0.45046462261413167,0.4976268011246141,0.6910819840657929,0.0
"[6274, 2126, 2102, 1804, 1687, 1582, 1547, 1546, 1128, 1098, 1094, 1092, 1068, 665, 627, 624, 614, 600, 596, 590, 582, 553, 529, 144, 141, 138, 132, 87, 86, 76, 73, 64, 62, 59, 54, 40, 38, 36, 35, 32, 31, 30, 28, 26, 25, 24, 1]",0.023801805973605,0.54,0.4503681949580044,0.3337871153427632,0.5893086610125932,0.19999999999999996
"[8498, 8487, 8441, 8427, 8315, 8302, 8061, 8046, 7916, 7789, 7514, 6981, 6976, 6967, 6920, 6362, 5975, 5974, 5739, 5704, 5495, 5452, 4995, 4936, 4834, 4448, 4437, 4197, 4072, 3920, 3900, 3417, 3327, 3287, 2983, 2878, 2820, 2796, 2787, 2776, 2772, 2745, 2401, 2316, 1916, 1894, 1875, 1873, 1797, 1795, 1717, 1712, 1627, 1379, 1354, 1307, 1274, 856, 816, 776, 772, 614, 590, 343, 229, 214, 208, 97, 75]",0.01677818939569345,0.32,0.43210151281635345,0.621962715659535,0.8465690053970701,0.19999999999999996
"[8586, 8128, 8061, 8046, 7654, 7568, 7514, 7122, 7109, 7101, 7095, 6631, 6579, 6366, 6027, 5975, 5974, 5495, 5083, 5078, 5070, 4995, 4650, 4448, 4437, 4072, 4028, 3536, 3506, 3417, 3026, 2950, 2507, 2401, 2006, 1916, 1894, 1875, 1873, 1717, 1417, 1379, 856, 446, 343]",0.009656170409817087,0.56,0.3610765698022429,0.5314748337104411,0.9159599074787972,0.19999999999999996
"[8330, 8128, 8117, 5639, 5083, 4475, 4469, 3506, 3026, 2820, 2745, 2035, 2006, 1907, 1904, 1532, 1055, 880, 772, 738, 675, 359]",0.007997221579069229,0.79,0.2798720956046742,0.425193298431238,0.9234130043690568,0.19999999999999996
"[7862, 7737, 106]",0.0004144477888400093,0.98,0.06376808681521529,0.19936275120621672,0.9982009766126959,1.0
"[8586, 8488, 8479, 8427, 8237, 8128, 8117, 8104, 8061, 8046, 7916, 7514, 7086, 6967, 6920, 6802, 6706, 6362, 6027, 5975, 5974, 5639, 5537, 5495, 5452, 5397, 5328, 5127, 5083, 4834, 4707, 4648, 4543, 4492, 4448, 4437, 4264, 3920, 3900, 3506, 3491, 3417, 3394, 3327, 3270, 3026, 2983, 2951, 2949, 2916, 2820, 2796, 2787, 2709, 2401, 2316, 2035, 2006, 1894, 1875, 1873, 1712, 1697, 1672, 1585, 1532, 1379, 1319, 1274, 1231, 1188, 935, 856, 816, 772, 734, 600, 583, 414, 291, 229, 222, 220, 214, 209, 208, 87, 86, 15]",0.02491433202130123,0.12,0.43486660973200364,0.7188815868254192,0.7530197892572603,0.19999999999999996
"[8586, 8498, 8487, 8441, 8128, 8117, 8046, 7789, 7654, 7514, 7145, 6981, 6976, 6967, 6920, 6631, 6362, 6179, 6027, 5974, 5940, 5739, 5495, 5452, 5082, 4991, 4990, 4936, 4834, 4707, 4488, 4487, 4485, 4484, 4483, 4482, 4481, 4448, 4351, 4197, 4072, 3900, 3417, 3327, 3117, 3104, 3026, 2983, 2950, 2916, 2878, 2820, 2796, 2787, 2783, 2776, 2745, 2592, 2537, 2507, 2401, 2316, 2035, 2006, 1916, 1894, 1875, 1627, 1514, 1443, 1421, 1414, 1379, 1354, 1307, 1274, 1233, 1128, 1022, 920, 904, 856, 816, 790, 734, 675, 614, 600, 590, 442, 429, 392, 343, 332, 231, 214, 208, 132, 97, 75]",0.0283607316508451,0.01,0.4229315980360254,0.6047523410648511,0.6712927268054485,0.19999999999999996
"[8044, 6274, 5991, 5083, 3227, 3026, 2734, 2373, 2250, 2102, 2035, 2006, 1904, 1873, 1697, 1694, 1687, 1582, 1547, 1546, 1532, 1332, 1330, 1305, 1296, 1277, 1231, 1199, 1184, 1128, 1098, 1094, 1092, 1068, 1022, 920, 917, 880, 851, 824, 806, 734, 665, 627, 624, 600, 596, 590, 582, 564, 553, 529, 370, 318, 294, 290, 283, 219, 201, 200, 172, 165, 162, 144, 141, 138, 132, 87, 86, 76, 64, 62, 59, 54, 40, 38, 36, 35, 32, 31, 30, 28, 26, 25, 24, 1]",0.03656054642278305,0.15,0.48935974751313527,0.4568224488527779,0.3325623233102031,0.19999999999999996
"[8574, 8427, 7916, 7429, 7101, 6925, 6920, 6535, 6274, 6013, 5083, 4451, 4036, 3454, 3227, 3183, 3026, 2796, 2250, 2126, 2102, 1941, 1866, 1772, 1697, 1694, 1582, 1443, 1332, 1319, 1305, 1296, 1277, 1274, 1231, 1199, 1184, 1128, 1098, 1094, 1092, 1082, 1068, 902, 824, 807, 806, 790, 734, 665, 614, 600, 596, 590, 582, 564, 553, 446, 442, 429, 385, 318, 294, 291, 283, 231, 229, 219, 201, 200, 173, 172, 165, 162, 132, 86, 76, 73, 64, 62, 59, 54, 40, 38, 36]",0.03404260245427182,0.16,0.48343436097468095,0.5264081370877355,0.460549987149833,0.0
"[8465, 8464, 8461, 8128, 8117, 7733, 7330, 7086, 5634, 4995, 4475, 4469, 3096, 3026, 2035, 2006, 1907, 1904, 1873, 1872, 1694, 1687, 1532, 1332, 1305, 920, 880, 817, 808, 665, 407, 359, 318, 290, 283, 155, 144, 141]",0.018000694605232695,0.63,0.3485044990143331,0.3818693375694574,0.7751220765869956,0.19999999999999996
"[8051, 7219, 6687, 6097, 5495, 4600, 4495, 4491, 4475, 3089, 3056, 2682, 1941, 876, 582, 529, 343]",0.006238712664968743,0.84,0.23889161284494664,0.3408643089024893,0.9408892315600103,0.19999999999999996
"[8427, 8376, 8302, 8061, 8046, 7347, 6946, 6920, 6362, 6309, 6195, 5975, 5835, 5684, 5639, 5507, 5495, 4448, 4071, 2916, 2796, 2787, 2776, 2401, 2250, 1894, 1873, 1866, 1836, 1781, 1740, 1636, 1582, 1547, 1546, 1379, 1319, 1277, 1231, 1199, 1068, 864, 734, 614, 564, 553, 529, 458, 291, 231, 229, 222, 220, 219, 214, 209, 201, 173, 172, 165, 87, 86, 40, 36, 30, 1]",0.024257930076406576,0.35,0.4780471536481915,0.546501867676221,0.6795168337188384,0.19999999999999996
"[8586, 8427, 8061, 8046, 7925, 7514, 7145, 6806, 6676, 6631, 6362, 6027, 5495, 5083, 4991, 4990, 4834, 4476, 4448, 4083, 4071, 3417, 3026, 2796, 2787, 2776, 2445, 2250, 2035, 1894, 1627, 1555, 1553, 1546, 1532, 1379, 851, 734, 665, 529, 343, 231, 229, 222, 220, 219, 97, 32, 31, 28, 24, 15, 13, 8]",0.019549664274137533,0.47,0.3895001170302552,0.5411834620217044,0.7722950398355178,0.19999999999999996
"[8128, 8117, 7733, 7330, 7086, 4475, 4469, 3026, 2035, 2006, 1907, 1904, 1873, 1872, 1694, 1532, 1332, 880, 817, 808, 359, 290, 155]",0.011181986570965502,0.78,0.3251317068604104,0.3842027158061583,0.8768953996401954,0.19999999999999996
"[4995, 4492, 3383, 2950, 2423, 1404, 920, 407, 53]",0.004439685112294513,0.92,0.25143549309214364,0.29648767006392707,0.9575944487278335,0.19999999999999996
"[6274, 4488, 4487, 4485, 4484, 4483, 4481, 4480, 4478, 4475, 4469, 3227, 2250, 2126, 2102, 1907, 1904, 1873, 1697, 1694, 1687, 1582, 1547, 1546, 1443, 1414, 1404, 1332, 1305, 1296, 1277, 1231, 1199, 1128, 1098, 1094, 1092, 1068, 920, 904, 880, 851, 824, 806, 734, 665, 627, 624, 614, 600, 596, 590, 582, 564, 553, 529, 442, 429, 392, 370, 318, 294, 290, 283, 231, 219, 201, 200, 173, 172, 165, 162, 144, 141, 138, 132, 87, 86, 76, 73, 64, 62, 59, 54, 40, 38, 36, 35, 32, 31, 30, 28, 26, 25, 24, 1]",0.03968511229451262,0.05,0.47441968495313613,0.3599691983148522,0.1719352351580571,0.19999999999999996
"[5670, 4497]",0.0016589488307478582,0.99,0.16653201125000705,0.19138054688542872,0.9897198663582627,0.4
"[8330, 8128, 8117, 5639, 5083, 5004, 4475, 3506, 3026, 2951, 2035, 2006, 1907, 1904, 1532, 1404, 1332, 920, 359, 15]",0.00882843250752489,0.81,0.3196967582497423,0.4064030198953109,0.9038807504497558,0.19999999999999996
"[8574, 8427, 8302, 8128, 8117, 8061, 8046, 7916, 7429, 7392, 7072, 6946, 6920, 6362, 6013, 5975, 5835, 5495, 4991, 4488, 4487, 4485, 4484, 4483, 4482, 4481, 4480, 4478, 4469, 4451, 4448, 3454, 3227, 2916, 2796, 2787, 2776, 2479, 2401, 2250, 1953, 1907, 1894, 1873, 1866, 1795, 1781, 1740, 1597, 1556, 1555, 1553, 1546, 1454, 1450, 1443, 1414, 1404, 1379, 1319, 1277, 1231, 1199, 1022, 920, 904, 734, 665, 614, 529, 442, 429, 392, 385, 291, 231, 229, 222, 220, 219, 214, 209, 201, 173, 172, 165, 147, 141, 132, 87, 86, 30, 28, 26, 25, 24, 15, 2]",0.03471868488075943,0.03,0.46072994492027575,0.4973664133425585,0.44153173991261885,0.19999999999999996
"[8427, 7916, 7439, 7429, 6946, 6920, 6362, 5975, 4451, 4448, 3424, 3227, 3198, 2916, 2796, 2787, 2776, 2401, 1894, 1873, 1866, 1795, 1772, 1740, 1379, 1319, 1296, 1277, 1231, 1184, 1002, 734, 665, 588, 294, 291, 283, 231, 229, 222, 220, 219, 209, 201, 173, 172, 165, 144, 141, 40, 31, 8]",0.020548738133827276,0.49,0.44076926124439986,0.46702877843840807,0.7358005654073503,0.19999999999999996
"[8456, 8291, 7916, 7526, 7514, 7278, 6309, 6236, 6097, 5739, 5732, 5704, 5639, 5460, 5004, 4477, 4199, 4072, 4038, 3567, 3402, 3327, 3204, 3056, 2951, 2796, 2661, 2148, 2142, 1781, 1627, 1514, 1274, 1022, 738, 474, 443, 231, 225, 138]",0.010847418383885159,0.61,0.30730605234392105,0.4951111769771266,0.9077358005654074,0.19999999999999996
"[8464, 8456, 5495, 5227, 4600, 4478, 4476, 4475, 3227, 2524, 2126, 2102, 2074, 2035, 1907, 1873, 1790, 1697, 1687, 1556, 1555, 1332, 1184, 1128, 1098, 1094, 1092, 627, 624, 614, 600, 596, 590, 582, 564, 553, 386, 318, 240, 173, 165, 144, 141, 138, 87, 86, 76, 73, 64, 62, 59, 54, 38, 36, 35, 32, 31, 30, 28, 15]",0.0296515397082658,0.41,0.40655609410474725,0.36672552781172707,0.5101516319712156,0.19999999999999996
"[8302, 6274, 2126, 2102, 1804, 1687, 1597, 1556, 1555, 1553, 1546, 1128, 1098, 1094, 1092, 1068, 665, 627, 624, 614, 600, 596, 590, 582, 553, 529, 433, 147, 144, 141, 138, 132, 87, 86, 76, 73, 64, 62, 59, 54, 30, 28, 26, 25, 24, 15, 2]",0.024145635563787914,0.54,0.45258610931781784,0.3333139356770718,0.6121819583654587,0.19999999999999996
"[8586, 8574, 8498, 8487, 8427, 8302, 8046, 7916, 7905, 7450, 7429, 7122, 7107, 7101, 7095, 7072, 6920, 6734, 6579, 6535, 6362, 6027, 6013, 5975, 5835, 5495, 5078, 4995, 4991, 4461, 4451, 4448, 4071, 4028, 3454, 3037, 2983, 2972, 2950, 2916, 2820, 2796, 2787, 2776, 2479, 2401, 2250, 2019, 1953, 1894, 1873, 1866, 1797, 1795, 1781, 1740, 1712, 1532, 1454, 1450, 1421, 1379, 1307, 1277, 1274, 1199, 1128, 902, 816, 734, 614, 495, 446, 442, 433, 385, 291, 272, 222, 220, 219, 214, 209, 201, 173, 172, 165, 141, 87, 86, 1]",0.026727251678629313,0.1,0.4997208227054274,0.6334514310693216,0.6946800308404009,0.19999999999999996
"[8215, 5632, 1547, 529, 54, 30, 28, 26, 25]",0.005372771474878444,0.92,0.3044467856465387,0.2722042609565738,0.941917244924184,0.19999999999999996
"[7916, 7514, 6309, 6236, 6097, 5704, 5639, 5634, 5460, 4995, 4477, 4038, 3402, 3327, 3227, 3204, 3096, 2951, 2142, 2102, 1781, 1697, 1687, 1627, 1332, 1184, 1128, 1022, 738, 627, 624, 614, 600, 474, 443, 318, 290, 283, 231, 225, 201, 173, 165, 162, 144, 141, 138, 87, 86]",0.020394767307247045,0.52,0.41195590686515193,0.4737305966744686,0.7419686455923927,0.0
"[8464, 8456, 5227, 3227, 2524, 2250, 2126, 2102, 2074, 1873, 1790, 1697, 1687, 1582, 1556, 1555, 1332, 1305, 1277, 1231, 1199, 1184, 1128, 1098, 1094, 1092, 1068, 1022, 806, 734, 627, 624, 614, 600, 596, 590, 582, 553, 386, 318, 294, 290, 283, 240, 219, 201, 200, 173, 172, 165, 162, 144, 141, 138, 87, 86, 76, 73, 64, 62, 59, 54, 40, 38, 36, 35, 32, 31, 30, 28, 15]",0.03335725862468164,0.3,0.4429772393092958,0.39493596171394874,0.4070932922127988,0.0
"[8586, 8128, 7568, 6027, 5083, 5070, 4995, 4475, 4469, 3536, 3506, 3026, 2507, 2035, 2006, 1907, 1880, 1717, 1532, 1417, 1055, 880]",0.007433433665200277,0.79,0.2709579502448315,0.389188330019658,0.9326651246466204,0.19999999999999996
"[8467, 8465, 3227, 2126, 2102, 1697, 1694, 1687, 1547, 1546, 1332, 1305, 1296, 1184, 1128, 1094, 1092, 808, 790, 665, 627, 624, 614, 600, 596, 590, 564, 553, 529, 290, 283, 201, 173, 165, 162, 144, 141, 138, 132, 87, 86, 76, 73, 64, 62, 59, 54, 38, 36, 35, 32, 31, 30, 28, 26, 24, 1]",0.02890946978467238,0.44,0.42345461567642795,0.35012479556482734,0.5047545618093034,0.0
"[8441, 8427, 8291, 8061, 8046, 7916, 7654, 7526, 7514, 7278, 6631, 6362, 6309, 6236, 6097, 5975, 5974, 5739, 5731, 5704, 5639, 5634, 5495, 5460, 5449, 5083, 5070, 4834, 4478, 4477, 4448, 4437, 4254, 4199, 4072, 4038, 3920, 3567, 3536, 3417, 3402, 3327, 3287, 3204, 3096, 3026, 2951, 2796, 2787, 2783, 2776, 2661, 2401, 2148, 2142, 2006, 1916, 1894, 1875, 1873, 1781, 1658, 1627, 1514, 1379, 1274, 1022, 856, 738, 474, 443, 343, 231, 229, 225, 214, 208]",0.018909469784672377,0.24,0.37483016352208554,0.6213599517528545,0.8347468517090723,0.19999999999999996
"[8574, 8427, 8302, 8117, 8061, 8046, 7916, 7429, 7072, 6946, 6920, 6362, 6274, 6013, 5975, 5835, 5495, 4991, 4451, 4448, 3454, 3227, 2916, 2796, 2787, 2776, 2401, 2250, 2067, 1894, 1873, 1866, 1795, 1781, 1740, 1597, 1556, 1555, 1553, 1546, 1319, 1277, 1231, 1199, 920, 734, 665, 614, 529, 385, 291, 231, 229, 222, 220, 219, 214, 209, 201, 173, 172, 165, 147, 141, 132, 87, 86, 30, 28, 26, 25, 24, 15, 2]",0.02702014355174809,0.27,0.4852401435145234,0.5450666689571263,0.621177075301979,0.19999999999999996
"[8051, 7733, 7219, 6687, 6097, 5639, 5229, 5089, 4995, 4083, 3204, 3089, 3056, 2951, 2682, 2035, 1941, 1532, 1354]",0.0031477193794859923,0.82,0.24585650910023904,0.3921986063438614,0.9755846826008738,0.6
"[8574, 8427, 8117, 8061, 8046, 7916, 7439, 7429, 7107, 7101, 7095, 7072, 6946, 6920, 6579, 6362, 6013, 5975, 5624, 5078, 4991, 4451, 4448, 4071, 4028, 3454, 3424, 3227, 3037, 2987, 2916, 2796, 2787, 2776, 2524, 2479, 2401, 2074, 2019, 1953, 1873, 1866, 1795, 1781, 1556, 1555, 1532, 1499, 1488, 1454, 1450, 1442, 1379, 1319, 1296, 1277, 1231, 1184, 920, 734, 665, 564, 553, 495, 458, 446, 442, 433, 385, 294, 291, 283, 231, 229, 222, 220, 219, 201, 173, 172, 165, 144, 141, 40, 38, 36, 35, 32, 31, 30, 28, 26, 15]",0.03169136374160685,0.08,0.48873773988962743,0.5720386176932484,0.5461320997172963,0.19999999999999996
"[5296, 2054, 1546, 529, 32, 31, 30, 28, 26, 25, 24]",0.007510997916184301,0.9,0.3361662502082491,0.2508674794278969,0.908763813929581,0.19999999999999996
"[8330, 8117, 4492, 2423, 1068, 53]",0.002910395924982635,0.95,0.2005736095344821,0.2619065382467284,0.9789257260344384,0.19999999999999996
"[8586, 8574, 8498, 8330, 8128, 8117, 8061, 8046, 7789, 7654, 7145, 7107, 7101, 7095, 7072, 6920, 6790, 6579, 6362, 6179, 6027, 6013, 5974, 5940, 5739, 5639, 5624, 5495, 5246, 5082, 5078, 4995, 4991, 4834, 4707, 4451, 4448, 4197, 4083, 4072, 4071, 4028, 3454, 3424, 3327, 3104, 3037, 3026, 2983, 2950, 2916, 2820, 2796, 2787, 2783, 2776, 2592, 2537, 2507, 2479, 2401, 2035, 2019, 2006, 1953, 1916, 1894, 1627, 1532, 1499, 1454, 1421, 1379, 1354, 1307, 1233, 1128, 920, 772, 738, 734, 675, 614, 590, 495, 458, 446, 442, 433, 385, 231, 214, 208, 132, 97, 75]",0.02527089604075017,0.05,0.49263021684630237,0.6784376712983972,0.7453096890259574,0.19999999999999996
"[8586, 8574, 8427, 8302, 8117, 8061, 8046, 7916, 7429, 7107, 7101, 7095, 7072, 6946, 6920, 6802, 6790, 6579, 6362, 6182, 6027, 6013, 5975, 5835, 5639, 5624, 5495, 5078, 4995, 4991, 4451, 4448, 4071, 4028, 3454, 3424, 3227, 3037, 2950, 2916, 2820, 2796, 2787, 2776, 2479, 2401, 2250, 2019, 1953, 1894, 1873, 1866, 1797, 1795, 1781, 1740, 1547, 1546, 1532, 1499, 1454, 1450, 1421, 1379, 1319, 1307, 1277, 1231, 1199, 920, 772, 734, 665, 529, 495, 458, 446, 442, 433, 385, 291, 231, 229, 222, 220, 219, 214, 209, 201, 173, 172, 165, 147, 87, 86, 1]",0.02934475573049317,0.05,0.5115805644633881,0.6483988558517071,0.6407093292212799,0.19999999999999996
"[8467, 8465, 8464, 8456, 5624, 5227, 4600, 4497, 4492, 4487, 4485, 4477, 4476, 4475, 4469, 3227, 2126, 2102, 2018, 1941, 1907, 1904, 1873, 1872, 1790, 1697, 1694, 1687, 1582, 1556, 1555, 1553, 1404, 1332, 1305, 1296, 1231, 1184, 1128, 1098, 1094, 1092, 1068, 920, 906, 880, 817, 808, 736, 734, 665, 627, 624, 614, 600, 596, 590, 564, 553, 529, 458, 442, 407, 386, 359, 318, 290, 283, 240, 231, 219, 209, 201, 173, 172, 165, 162, 144, 141, 138, 87, 86, 76, 73, 64, 62, 59, 54, 40, 36, 32, 31, 30, 28, 25, 22, 15, 13]",0.04048390831210928,0.03,0.44734828915121416,0.3650343948832452,0.21999485993317913,0.19999999999999996
"[8237, 6706, 5704, 2951]",0.0006471405417920815,0.97,0.09638054272043273,0.23580247884317085,0.9956309432022616,1.0
"[8586, 8128, 8061, 8046, 7654, 7568, 7514, 7122, 7101, 7095, 6631, 6579, 6366, 6207, 6027, 5975, 5974, 5495, 5083, 5078, 5070, 4995, 4980, 4650, 4437, 4072, 4028, 3786, 3536, 3506, 3417, 3026, 2950, 2507, 2401, 2006, 1916, 1894, 1875, 1873, 1717, 1379, 446, 343]",0.009211623060893724,0.57,0.3527074180078076,0.5212529858788568,0.920585967617579,0.19999999999999996
"[8330, 6274, 5639, 4469, 3827, 3227, 2126, 2102, 1907, 1697, 1694, 1687, 1582, 1184, 1128, 1098, 1094, 1092, 1068, 880, 665, 627, 624, 614, 600, 596, 590, 582, 564, 553, 173, 172, 162, 144, 141, 138, 132, 87, 86, 76, 73, 64, 62, 59, 54, 40, 38, 36, 35, 32, 31, 30, 28, 26, 25, 24]",0.02776800185228062,0.45,0.43520655711116507,0.37560865601250537,0.5309689025957338,0.0
"[8586, 8195, 8128, 8117, 7733, 7330, 7086, 6179, 6027, 5634, 4483, 4475, 4469, 3026, 2035, 2006, 1953, 1907, 1904, 1872, 1694, 1532, 1332, 1330, 1305, 1094, 920, 880, 817, 808, 359, 318, 290, 283, 162, 155, 8, 4]",0.016918268117619817,0.63,0.3588278838881094,0.43162547071933544,0.8005654073502956,0.19999999999999996
"[8586, 8488, 8479, 8427, 8237, 8128, 8117, 8104, 8061, 8046, 7916, 7774, 7514, 7086, 6920, 6802, 6706, 6027, 5975, 5974, 5639, 5537, 5495, 5452, 5397, 5328, 5127, 5035, 4899, 4834, 4707, 4648, 4543, 4492, 4448, 4437, 3920, 3900, 3620, 3506, 3491, 3417, 3394, 3327, 3270, 3026, 2983, 2951, 2949, 2916, 2820, 2796, 2787, 2709, 2401, 2316, 2035, 2006, 1894, 1875, 1873, 1712, 1697, 1672, 1585, 1532, 1379, 1319, 1274, 1231, 1188, 935, 856, 816, 772, 734, 600, 583, 414, 291, 229, 222, 220, 214, 209, 208, 87, 86, 15]",0.024562398703403564,0.12,0.45051607736791344,0.6938015098605277,0.7507067591878694,0.19999999999999996
"[5639, 5634, 4995, 3204, 2423, 1922]",0.001252604769622598,0.95,0.18168660685956795,0.271895790475982,0.988177846312002,0.6
"[8051, 7219, 7122, 7107, 7101, 7095, 6687, 6579, 6097, 5495, 5078, 4600, 4495, 4491, 4475, 4028, 3089, 3056, 3037, 2682, 2479, 2019, 1941, 1873, 1866, 1532, 1454, 1450, 1254, 876, 582, 529, 495, 433, 429, 343, 201, 173, 172]",0.013368835378559853,0.62,0.330484644073773,0.48931534035963464,0.8535080956052429,0.19999999999999996
"[5624, 5227, 4475, 4469, 3202, 2126, 2102, 1907, 1904, 1873, 1872, 1582, 1556, 1555, 1553, 1546, 1332, 1128, 1098, 1094, 1092, 1068, 880, 624, 614, 600, 596, 590, 564, 553, 529, 407, 359, 318, 141, 138, 87, 86, 76, 73, 64, 62, 59, 54, 40, 36, 35, 32, 31, 30, 28, 25, 22, 15, 13]",0.028251910164389903,0.46,0.4361031483040697,0.34107262873536026,0.5296838858905166,0.0
"[8427, 8376, 8051, 7925, 7514, 7219, 6967, 6362, 6097, 4834, 4476, 4475, 4306, 4071, 3900, 3089, 3056, 2796, 2787, 2776, 2745, 2682, 2423, 2250, 1941, 1916, 1873, 1697, 1687, 1404, 1332, 1305, 1296, 1277, 1231, 1199, 1128, 992, 876, 851, 824, 790, 734, 665, 582, 529, 442, 429, 343, 318, 283, 231, 222, 220, 219, 214, 201, 200, 173, 162, 144, 77]",0.025116925214169947,0.39,0.3951852038035589,0.4944345856985458,0.6756617836031868,0.0
"[8586, 6518, 5639, 5229, 4995, 3204, 3089, 2951]",0.0012595508219495255,0.93,0.16051375020669856,0.2887740686456829,0.9907478797224364,0.8
"[8237, 6706, 5639, 3363, 3227, 2951, 2126, 1697, 1687, 1332, 1184, 1128, 676, 627, 624, 614, 600, 596, 590, 318, 290, 283, 201, 173, 165, 162, 144, 141, 138, 87, 86]",0.016228293586478353,0.7,0.4169086164762359,0.34025680755938503,0.7761500899511693,0.19999999999999996
"[8586, 8488, 8427, 8128, 7916, 7568, 6967, 6920, 6566, 6362, 6027, 5975, 5974, 5452, 5328, 5070, 4995, 4834, 4475, 4469, 4437, 3920, 3900, 3536, 3506, 3394, 3327, 3026, 2820, 2796, 2787, 2316, 2126, 2035, 1907, 1880, 1875, 1873, 1826, 1717, 1532, 1417, 1404, 1319, 1274, 1231, 1128, 1055, 880, 856, 816, 772, 734, 627, 624, 614, 596, 291, 231, 229, 222, 220, 219, 214, 209]",0.022017828200972447,0.36,0.3966923402615903,0.5614364750277028,0.7643279362631714,0.19999999999999996
"[8117, 6508, 4488, 4487, 4485, 4484, 4482, 4481, 4480, 4478, 4469, 3227, 2734, 2373, 2250, 2102, 1907, 1904, 1873, 1697, 1694, 1582, 1443, 1414, 1404, 1332, 1305, 1277, 1231, 1199, 1184, 1128, 1098, 1094, 1092, 1068, 1022, 920, 904, 880, 851, 824, 806, 734, 665, 627, 624, 600, 596, 590, 582, 564, 553, 442, 429, 392, 370, 318, 294, 290, 283, 219, 201, 200, 172, 165, 162, 87, 86, 76, 64, 62, 59, 54, 40, 38, 36, 35, 32, 31]",0.035501273442926605,0.21,0.4597224600086963,0.3629736421767821,0.33487535337959395,0.19999999999999996
"[8330, 8117, 7916, 7514, 6309, 6236, 6097, 5460, 4492, 4477, 4038, 3402, 3327, 3227, 3096, 2951, 2142, 2102, 1781, 1697, 1687, 1627, 1332, 1184, 1128, 1068, 1022, 738, 627, 624, 619, 614, 600, 474, 443, 318, 290, 283, 231, 225, 201, 173, 165, 162, 144, 141, 138, 87, 86]",0.021435517480898357,0.52,0.40365324073633746,0.45439007004187737,0.7278334618350039,0.19999999999999996
"[8498, 8487, 8441, 8427, 8315, 8302, 8061, 8046, 7916, 7789, 6981, 6976, 6967, 6961, 6920, 6362, 5975, 5974, 5739, 5639, 5495, 5452, 4995, 4936, 4834, 4448, 4437, 4197, 4072, 3920, 3900, 3417, 3327, 3287, 2983, 2878, 2820, 2796, 2787, 2776, 2772, 2745, 2401, 2316, 1916, 1894, 1875, 1873, 1797, 1795, 1717, 1712, 1627, 1379, 1354, 1307, 1274, 856, 816, 776, 772, 676, 614, 590, 343, 229, 214, 208, 97]",0.016045380875202592,0.32,0.44354661159067943,0.6113868391679479,0.8537650989462863,0.19999999999999996
"[8586, 8427, 8046, 7925, 7514, 7145, 6806, 6631, 6362, 6027, 5495, 5083, 4834, 4476, 4448, 4083, 4071, 3417, 3227, 3026, 2796, 2787, 2776, 2445, 2035, 1907, 1904, 1894, 1697, 1694, 1687, 1627, 1555, 1553, 1546, 1532, 1404, 1379, 1305, 1296, 1277, 1231, 1199, 1184, 920, 880, 851, 806, 790, 734, 665, 529, 343, 294, 290, 283, 231, 229, 222, 220, 219, 201, 200, 173, 172, 165, 162, 97, 32, 31, 28, 24, 15, 13, 8]",0.03008451030331095,0.26,0.4398777217624025,0.5496503130562639,0.5654073502955539,0.0
"[8498, 8487, 8441, 8427, 8315, 8302, 8061, 8046, 7916, 7789, 7514, 6981, 6976, 6967, 6920, 6790, 6362, 5974, 5739, 5704, 5495, 5452, 4995, 4936, 4834, 4448, 4437, 4197, 4072, 3920, 3900, 3417, 3327, 3287, 2983, 2878, 2820, 2796, 2787, 2776, 2772, 2745, 2401, 2316, 1916, 1894, 1875, 1873, 1797, 1795, 1717, 1712, 1627, 1532, 1379, 1354, 1307, 1274, 940, 856, 816, 776, 772, 614, 590, 343, 229, 214, 208, 97, 75]",0.01714980319518407,0.3,0.43976718253293245,0.6230284809727851,0.8447699820097662,0.19999999999999996
"[8586, 8195, 7107, 7101, 7051, 6179, 6027, 5634, 4483, 2111, 1953, 1330, 665, 446, 162, 97, 8, 4]",0.00748205603148877,0.83,0.2834643421749654,0.37074940690244285,0.936006168080185,0.19999999999999996
"[8586, 8487, 8441, 8427, 8302, 8117, 8046, 7916, 7514, 7429, 6981, 6976, 6967, 6946, 6920, 6802, 6631, 6362, 6274, 6027, 5975, 5835, 5639, 5452, 4991, 4936, 4488, 4487, 4485, 4484, 4483, 4482, 4481, 4448, 4351, 3900, 3417, 3227, 3117, 2950, 2916, 2878, 2820, 2796, 2787, 2776, 2745, 2709, 2401, 2316, 2250, 1875, 1873, 1866, 1797, 1795, 1781, 1740, 1672, 1514, 1443, 1421, 1414, 1379, 1319, 1307, 1277, 1274, 1231, 1199, 1022, 920, 904, 856, 816, 790, 772, 734, 665, 600, 442, 429, 392, 291, 231, 229, 222, 220, 219, 214, 209, 201, 173, 172, 165, 147, 141, 132, 87, 86]",0.03190206066219032,0.01,0.43970136420700356,0.5576069862534878,0.5769725006425084,0.19999999999999996
"[8376, 8330, 8061, 8046, 7654, 7514, 6967, 6631, 6590, 6366, 5639, 5495, 5083, 5004, 4448, 4072, 3754, 2951, 2423, 2401, 2006, 1916, 1894, 1836, 1697, 1404, 1379, 1354, 1332, 920, 816, 806, 738, 429, 208, 173, 172]",0.011342903449872656,0.64,0.40787461969469574,0.5265703047526479,0.874325366229761,0.19999999999999996
"[6802, 6706, 5397, 5083, 4707, 4264, 3270, 2709, 2006, 1712, 1697, 1672, 1585, 1188, 966, 600, 583, 208, 87, 86, 70]",0.007536466774716369,0.8,0.353683233665795,0.4193791127525678,0.9149318941146235,0.19999999999999996
"[8376, 8330, 8061, 8046, 7654, 7514, 6967, 6631, 6366, 5639, 5495, 5083, 5078, 5004, 4650, 4475, 4448, 4072, 3754, 2951, 2423, 2401, 2006, 1916, 1894, 1836, 1697, 1404, 1379, 1354, 1332, 920, 906, 816, 806, 738, 429, 208, 173, 172]",0.012845566103264644,0.61,0.3850172082816965,0.556888455475576,0.8576201490619378,0.19999999999999996
"[6759, 6366, 2126, 2102, 1873, 1582, 1547, 1546, 1098, 1094, 1092, 1068, 596, 590, 582, 564, 553, 529, 86, 76, 73, 64, 62, 59, 54, 40, 38, 36, 35, 32, 31, 30, 26, 25, 24, 1]",0.019583236860384347,0.65,0.436272461591961,0.3370416025302525,0.6725777435106657,0.19999999999999996
"[8586, 8574, 8498, 8487, 8427, 8302, 8046, 7916, 7905, 7450, 7429, 7095, 7072, 6920, 6734, 6579, 6535, 6362, 6027, 6013, 5975, 5835, 5495, 4995, 4991, 4461, 4451, 4448, 3908, 3454, 2983, 2972, 2950, 2916, 2820, 2796, 2787, 2776, 2479, 2401, 2250, 1953, 1894, 1873, 1866, 1797, 1795, 1781, 1740, 1712, 1454, 1450, 1421, 1379, 1307, 1277, 1274, 1199, 1128, 902, 816, 734, 614, 442, 433, 385, 291, 272, 222, 220, 219, 214, 209, 201, 173, 172, 165, 141, 87, 86, 1]",0.024653855059041444,0.2,0.489257611751892,0.596323260749279,0.7129272680544847,0.19999999999999996
"[8586, 8194, 6027, 5634, 4483, 1953, 8, 4]",0.00436327853669831,0.93,0.23142063408518243,0.27949876838905996,0.9660755589822667,0.19999999999999996
"[8574, 8302, 8117, 8061, 8046, 7107, 7101, 7095, 7072, 6579, 6274, 6013, 5624, 5078, 5030, 4991, 4451, 4071, 4028, 3454, 3424, 3227, 3037, 2987, 2916, 2479, 2401, 2126, 2102, 2019, 1953, 1804, 1687, 1597, 1556, 1555, 1553, 1546, 1532, 1499, 1488, 1454, 1450, 1442, 1379, 1128, 1098, 1094, 1092, 1068, 920, 665, 627, 624, 614, 600, 596, 590, 582, 553, 529, 495, 458, 446, 442, 433, 385, 283, 147, 144, 141, 138, 132, 87, 86, 76, 73, 64, 62, 59, 54, 30, 28, 26, 25, 24, 15, 2]",0.03302616346376476,0.13,0.49761779807500806,0.5521326285515686,0.48625032125417633,0.19999999999999996
"[8586, 8427, 8376, 8128, 7925, 7568, 7347, 6362, 6309, 6027, 5975, 5070, 4995, 4834, 4476, 4475, 4448, 4071, 3724, 3536, 3506, 3149, 3026, 2950, 2796, 2787, 2776, 2507, 2423, 2401, 2250, 2144, 1916, 1875, 1873, 1836, 1717, 1636, 1417, 1404, 1379, 1332, 1305, 1296, 1277, 1231, 1199, 790, 734, 283, 231, 222, 220, 219, 201, 200, 165, 144, 87, 86, 62, 59]",0.02351586015281315,0.39,0.40383550395505974,0.515772630108668,0.7175533281932664,0.0
"[8128, 8117, 7733, 7330, 7086, 4475, 4469, 3026, 2619, 2035, 2006, 1907, 1904, 1873, 1872, 1694, 1532, 1332, 880, 817, 808, 654, 596, 359, 290, 155]",0.012175272053716138,0.75,0.3444676098818994,0.4033822660900206,0.8650732459521974,0.19999999999999996
"[8044, 6362, 6274, 5083, 3227, 3198, 3026, 2787, 2776, 2734, 2373, 2250, 2102, 2035, 2006, 1904, 1873, 1740, 1697, 1694, 1582, 1532, 1332, 1305, 1296, 1277, 1231, 1199, 1184, 1128, 1098, 1094, 1092, 1068, 1022, 1002, 920, 880, 851, 824, 806, 734, 665, 627, 624, 600, 596, 590, 588, 582, 564, 553, 370, 318, 294, 290, 283, 231, 229, 222, 220, 219, 209, 201, 200, 173, 172, 162, 144, 141, 87, 86, 76, 64, 62, 59, 54, 40, 38, 36, 35, 32, 31, 30, 28, 8]",0.03565755962028247,0.15,0.48302881288507826,0.453450519222259,0.35594962734515545,0.0
"[8586, 8574, 7122, 7107, 7101, 7095, 7072, 6579, 6535, 6274, 6027, 6013, 5991, 5078, 4995, 4991, 4071, 4028, 3454, 3037, 2983, 2972, 2950, 2479, 2250, 2102, 2019, 1953, 1873, 1694, 1687, 1582, 1547, 1546, 1532, 1454, 1450, 1421, 1332, 1330, 1296, 1277, 1199, 1161, 1094, 1092, 1068, 902, 806, 790, 734, 665, 582, 564, 553, 529, 495, 446, 442, 433, 385, 294, 290, 283, 219, 201, 172, 165, 162, 144, 141, 138, 132, 87, 86, 64, 62, 59, 54, 40, 38, 36, 35, 32, 31, 30, 28, 26, 25, 24, 1]",0.03359110905302153,0.1,0.5137264729317064,0.5510879151421046,0.4556669236700077,0.19999999999999996
"[8427, 7916, 7439, 7429, 6946, 6920, 6362, 5975, 4448, 2796, 2787, 2776, 2524, 2074, 1873, 1866, 1795, 1781, 1556, 1555, 1319, 1296, 1277, 1231, 1184, 734, 665, 564, 553, 433, 294, 291, 231, 229, 222, 220, 219, 201, 173, 172, 165, 144, 141, 40, 38, 36, 35, 32, 31, 28, 26, 15]",0.022537624450104193,0.49,0.4357873159309623,0.4514716796139008,0.681058853765099,0.19999999999999996
"[8586, 8574, 8427, 8302, 8117, 8061, 8046, 7916, 7429, 7107, 7101, 7095, 7072, 6946, 6920, 6802, 6790, 6579, 6362, 6182, 6027, 6013, 5975, 5835, 5639, 5624, 5495, 5078, 4995, 4991, 4461, 4451, 4448, 4071, 4028, 3454, 3424, 3037, 2983, 2950, 2916, 2820, 2796, 2787, 2776, 2479, 2401, 2250, 2019, 1953, 1894, 1873, 1866, 1797, 1795, 1781, 1740, 1547, 1532, 1499, 1454, 1450, 1421, 1379, 1319, 1307, 1277, 1231, 1199, 920, 772, 734, 665, 529, 495, 458, 446, 442, 433, 385, 291, 231, 229, 222, 220, 219, 214, 209, 201, 173, 172, 165, 147, 87, 86]",0.028254225515165547,0.06,0.5058180876138597,0.6484289350362826,0.6707787201233616,0.0
"[8586, 8574, 8498, 8487, 8427, 8302, 8061, 8046, 7916, 7429, 7122, 7107, 7101, 7095, 7072, 6920, 6579, 6535, 6362, 6027, 6013, 5975, 5835, 5495, 5078, 4995, 4991, 4451, 4448, 4071, 4028, 3506, 3454, 3037, 2972, 2950, 2916, 2796, 2787, 2776, 2479, 2401, 2347, 2250, 2019, 1953, 1894, 1873, 1866, 1797, 1795, 1781, 1740, 1712, 1546, 1532, 1454, 1450, 1421, 1379, 1319, 1307, 1277, 1274, 1231, 1199, 1128, 902, 816, 772, 734, 614, 495, 446, 442, 433, 385, 291, 222, 220, 219, 214, 209, 201, 173, 172, 165, 141, 87, 86, 2, 1]",0.028278536698309795,0.09,0.4996073501772149,0.6621524220227282,0.6584425597532768,0.19999999999999996
"[8586, 7107, 7101, 7051, 6179, 6027, 5639, 4483, 2102, 1953, 1330, 676, 665, 446, 162, 97, 8, 4]",0.008051632322296828,0.83,0.2860094179251056,0.3665346591420029,0.930609097918273,0.19999999999999996
"[8376, 7347, 6946, 6309, 6274, 6195, 5684, 5639, 4488, 4487, 4485, 4484, 4483, 4482, 4481, 4480, 4478, 4469, 4071, 3227, 2250, 2126, 1907, 1904, 1873, 1836, 1697, 1694, 1687, 1636, 1582, 1547, 1546, 1443, 1414, 1404, 1332, 1305, 1296, 1277, 1231, 1199, 1184, 1128, 1098, 1094, 1092, 1068, 1022, 920, 904, 880, 851, 824, 806, 790, 775, 734, 665, 627, 624, 614, 600, 596, 590, 582, 564, 553, 529, 442, 429, 392, 370, 318, 294, 290, 283, 219, 201, 200, 173, 172, 165, 162, 144, 141, 138, 132, 87, 76, 73, 64, 62, 59, 40, 36, 30, 1]",0.03881685575364668,0.03,0.4730527304082568,0.4100696818168057,0.26214340786430224,0.19999999999999996
"[8586, 8128, 7568, 7109, 7101, 7095, 6579, 6027, 5070, 4995, 4028, 3506, 2950, 2507, 1827, 1826, 1717, 1417, 1305, 1296, 1231, 668, 446, 290, 283, 231, 219, 200, 162, 132]",0.012198425561472563,0.71,0.33911313123258136,0.40029509406730956,0.8797224363916731,0.19999999999999996
"[8117, 8061, 8046, 7654, 7514, 6631, 6366, 5495, 5083, 4471, 4448, 4072, 2423, 2401, 1894, 1404, 1379, 906, 738]",0.005163232229682797,0.82,0.24922972337049876,0.44397764417258,0.9578514520688769,0.19999999999999996
"[8376, 8178, 7924, 7789, 7619, 7526, 7514, 7347, 7278, 6848, 6774, 6715, 6661, 6309, 6236, 6143, 6133, 6097, 5947, 5739, 5731, 5704, 5684, 5639, 5634, 5495, 5460, 5444, 5229, 4995, 4990, 4806, 4725, 4647, 4199, 4083, 4072, 4038, 3950, 3895, 3767, 3567, 3417, 3204, 3056, 2951, 2796, 2661, 2491, 2159, 2148, 2142, 1905, 1627, 1514, 474, 225]",0.009752257467006252,0.44,0.3490536256096469,0.5839606573163998,0.9290670778720124,0.4
"[1547, 1546, 1404, 920, 529, 366, 26, 25, 24, 1]",0.0073593424403797176,0.91,0.35034171928670277,0.28809279836918733,0.9139038807504498,0.19999999999999996
"[8237, 8195, 6706, 6389, 5634, 3363, 3227, 2951, 2126, 1697, 1687, 1332, 1184, 1128, 627, 624, 614, 600, 596, 590, 318, 290, 283, 201, 173, 165, 162, 144, 141, 138, 87, 86]",0.01655938874739523,0.69,0.4186415728794777,0.35932305383719065,0.7753790799280391,0.19999999999999996
"[8586, 8498, 8487, 8441, 8128, 8117, 7789, 7654, 7145, 6981, 6976, 6967, 6920, 6631, 6362, 6179, 6027, 5974, 5940, 5452, 5082, 4936, 4834, 4707, 4492, 4488, 4487, 4485, 4484, 4483, 4482, 4481, 4351, 4197, 4072, 3900, 3327, 3227, 3117, 3026, 2983, 2916, 2878, 2796, 2787, 2783, 2776, 2745, 2592, 2537, 2507, 2401, 2316, 2035, 2006, 1916, 1875, 1556, 1555, 1553, 1546, 1514, 1443, 1420, 1414, 1354, 1307, 1274, 1233, 1128, 1022, 920, 904, 856, 816, 790, 734, 665, 614, 600, 590, 529, 442, 429, 392, 332, 231, 214, 208, 147, 141, 132, 97, 75, 32, 31, 30, 28, 26, 25]",0.03299259087751794,0.01,0.44204276171907164,0.571142223247104,0.5510151631971216,0.0
"[8117, 6301, 5639, 5634, 4995, 3204, 2423, 1922, 1305]",0.0030979393378096783,0.92,0.20854638840055173,0.3108905855460903,0.9745566692367,0.19999999999999996
"[8062, 7862, 4976, 1122]",0.0006309330863625839,0.97,0.0798272451793659,0.21939987837314645,0.9969159599074788,1.0
"[8237, 6706, 6687, 379, 59]",0.0015871729567029406,0.96,0.21153376625873221,0.24715197419306578,0.9866358262657414,0.4
"[7862, 7122, 7107, 7101, 7095, 6579, 5078, 4028, 3037, 2019, 1873, 1866, 1532, 1254, 629, 495, 433, 429, 201, 173, 172]",0.007404491780504747,0.8,0.35165013966522485,0.3933501035203355,0.9193009509123619,0.19999999999999996
"[8467, 8465, 8464, 8456, 5624, 5227, 4476, 4475, 4469, 3227, 2132, 2126, 2102, 1907, 1904, 1873, 1872, 1790, 1694, 1687, 1582, 1556, 1555, 1553, 1546, 1404, 1332, 1305, 1296, 1231, 1128, 1098, 1094, 1092, 1068, 880, 817, 808, 736, 734, 665, 627, 624, 614, 600, 596, 590, 564, 553, 529, 359, 318, 290, 283, 240, 231, 219, 209, 201, 173, 172, 165, 162, 144, 141, 138, 87, 86, 76, 73, 64, 62, 59, 54, 40, 36, 35, 32, 31, 30, 28, 25, 22, 15, 13]",0.037405649455892566,0.16,0.43602942936360034,0.36234165056294965,0.3186841428938576,0.0
"[8586, 6806, 6366, 6027, 3227, 2126, 1873, 1697, 1694, 1687, 1555, 1553, 1546, 1305, 1296, 1184, 1098, 1094, 1019, 920, 790, 665, 596, 590, 582, 529, 86, 76, 73, 32, 31, 28, 24, 15, 13, 8]",0.0210893725399398,0.65,0.4140988132111929,0.3815610746321273,0.695965047545618,0.0
"[7101, 6925, 6274, 4036, 3227, 2250, 2126, 2102, 1697, 1694, 1582, 1332, 1305, 1296, 1231, 1199, 1184, 1098, 1094, 1092, 1082, 1068, 993, 824, 806, 790, 665, 590, 582, 564, 553, 446, 318, 294, 283, 201, 200, 173, 165, 162, 132, 76, 73, 64, 62, 59, 54, 40, 38, 36]",0.0253160453808752,0.51,0.42301210645816045,0.40411464441090394,0.6196350552557184,0.0
"[8427, 8376, 8330, 7925, 7514, 6967, 6362, 5639, 5006, 4834, 4488, 4487, 4485, 4484, 4476, 4475, 4306, 4071, 3900, 3754, 2796, 2787, 2776, 2745, 2423, 2250, 1916, 1873, 1836, 1697, 1687, 1546, 1443, 1414, 1404, 1332, 1305, 1296, 1277, 1231, 1199, 1128, 920, 904, 851, 824, 816, 806, 790, 734, 665, 442, 429, 392, 318, 283, 231, 222, 220, 219, 214, 208, 201, 200, 173, 172, 162, 144, 77, 1]",0.02873581847649919,0.31,0.4359093313170169,0.47240196417179114,0.5692624004112053,0.0
"[8586, 7568, 6274, 6027, 4995, 4488, 4487, 4485, 4483, 4482, 4481, 4480, 4478, 4469, 3506, 3227, 2950, 2250, 2126, 2102, 1907, 1904, 1873, 1697, 1694, 1687, 1582, 1443, 1417, 1414, 1404, 1332, 1305, 1296, 1277, 1231, 1199, 1184, 1128, 1098, 1094, 1092, 1068, 1022, 920, 904, 880, 851, 824, 806, 790, 734, 665, 627, 624, 614, 600, 596, 590, 582, 564, 553, 442, 429, 392, 370, 318, 294, 290, 283, 219, 201, 200, 173, 172, 165, 162, 144, 141, 138, 132, 87, 86, 76, 73, 64, 62, 59, 54, 40, 38, 36, 35, 32, 31, 30, 28]",0.0394281083584163,0.04,0.4780900782340547,0.38759964180067574,0.22076586995630942,0.19999999999999996
"[8330, 4492, 2028]",0.0021880064829821718,0.98,0.1704387603745796,0.21209681892936494,0.9866358262657414,0.19999999999999996
"[7347, 6309, 5684, 5639, 5002, 3227, 2250, 2126, 2102, 1873, 1836, 1697, 1694, 1687, 1582, 1547, 1546, 1332, 1305, 1296, 1277, 1199, 1184, 1128, 1098, 1094, 1092, 1068, 1022, 806, 790, 734, 665, 627, 624, 614, 600, 596, 590, 582, 564, 553, 529, 294, 290, 283, 219, 201, 200, 173, 172, 165, 162, 144, 141, 138, 132, 87, 86, 76, 73, 64, 62, 59, 54, 40, 38, 36, 35, 32, 30, 1]",0.03283398934938643,0.29,0.471912997906771,0.437497659770255,0.4176304291955796,0.0
"[8427, 8291, 8061, 8046, 7916, 7526, 7514, 6631, 6362, 6312, 6236, 6097, 5731, 5704, 5639, 5634, 5495, 5460, 5449, 5083, 4991, 4834, 4477, 4448, 4199, 4038, 3417, 3402, 3327, 3204, 3096, 3026, 2951, 2796, 2787, 2776, 2661, 2445, 2148, 2142, 1894, 1781, 1627, 1379, 1274, 1022, 738, 474, 443, 343, 231, 229, 225]",0.012595508219495254,0.48,0.3334302056051428,0.5415399518061043,0.8982266769468004,0.19999999999999996
"[7439, 7429, 6946, 6920, 2074, 1795, 1556, 1555, 1296, 1184, 665, 144, 141, 32, 31, 26, 15]",0.009821717990275527,0.84,0.3559629379853948,0.30461538608341776,0.887946543305063,0.19999999999999996
"[8487, 8128, 8117, 7733, 7330, 7086, 6981, 6976, 6967, 5452, 4936, 4475, 4469, 3900, 3026, 2878, 2776, 2745, 2401, 2316, 2035, 2006, 1907, 1904, 1875, 1873, 1872, 1694, 1532, 1480, 1332, 1307, 1274, 880, 856, 817, 816, 808, 359, 290, 155]",0.01451146098633943,0.6,0.3539389067614396,0.4965715864156004,0.848882035466461,0.19999999999999996
"[8128, 8117, 8061, 8046, 7733, 7654, 7514, 7330, 7086, 6631, 6366, 5975, 5974, 5495, 5083, 5078, 4980, 4475, 4469, 4196, 4072, 3026, 2401, 2035, 2006, 1916, 1907, 1904, 1894, 1873, 1872, 1694, 1532, 1379, 1332, 880, 817, 808, 359, 343, 290, 155]",0.014422319981477194,0.59,0.3555135151575609,0.5127710894079964,0.8560781290156771,0.19999999999999996
"[7862, 3037, 2701, 2019, 1873, 1866, 1532, 429, 392, 173, 172]",0.004540402871034962,0.9,0.3094494429921645,0.2950984113360213,0.9447442816756618,0.19999999999999996
"[8586, 6027, 2408, 1953, 1553, 529, 15, 2]",0.004952535309099329,0.93,0.3042682211027953,0.2731603770686091,0.9465433050629658,0.19999999999999996
"[8586, 8574, 8427, 8128, 7916, 7122, 7109, 7107, 7101, 7095, 7072, 6920, 6579, 6535, 6349, 6027, 6013, 5975, 5078, 5070, 4995, 4451, 4448, 4028, 3724, 3506, 3454, 3327, 3037, 2972, 2950, 2916, 2820, 2796, 2787, 2507, 2479, 2401, 2316, 2250, 2019, 1953, 1873, 1866, 1827, 1826, 1781, 1740, 1717, 1532, 1454, 1450, 1421, 1417, 1379, 1319, 1305, 1296, 1277, 1274, 1231, 1199, 772, 734, 668, 495, 446, 433, 429, 385, 291, 290, 283, 231, 229, 219, 209, 201, 200, 173, 172, 165, 162, 132, 87]",0.027497105811530448,0.16,0.4499449335619109,0.6214901795384219,0.6900539707016191,0.0
"[6508, 4488, 4487, 4485, 4484, 4482, 4481, 4480, 4478, 4469, 3227, 2734, 2373, 2250, 2102, 2054, 1904, 1873, 1697, 1582, 1546, 1443, 1414, 1404, 1332, 1305, 1277, 1231, 1199, 1184, 1128, 1098, 1094, 1092, 1068, 1022, 920, 904, 880, 851, 824, 806, 734, 665, 627, 624, 600, 596, 590, 582, 564, 553, 442, 429, 392, 370, 318, 294, 290, 283, 219, 201, 200, 172, 165, 162, 87, 86, 76, 64, 62, 59, 54, 40, 38, 36, 35, 32, 31]",0.03516670525584626,0.22,0.4576539713688773,0.3546356551878783,0.33359033667437676,0.19999999999999996
"[8376, 7347, 7101, 7095, 6579, 6362, 6309, 6195, 5684, 5639, 4834, 4071, 4028, 3149, 2776, 1836, 1636, 1582, 1547, 1546, 1231, 1068, 564, 553, 529, 446, 231, 222, 220, 219, 214, 200, 86, 62, 59, 54, 40, 32, 1]",0.016812919657328083,0.62,0.4276330361927856,0.4201102622521078,0.7828321768182986,0.19999999999999996
"[8586, 8427, 8302, 7916, 7466, 6802, 6362, 6274, 6027, 5975, 5835, 5639, 4995, 4834, 4476, 4475, 4448, 4071, 3227, 2950, 2796, 2787, 2776, 2709, 2423, 2401, 2250, 2144, 1916, 1873, 1836, 1795, 1781, 1740, 1672, 1404, 1379, 1332, 1305, 1296, 1277, 1231, 1199, 790, 734, 665, 283, 231, 229, 222, 220, 219, 214, 209, 201, 173, 172, 165, 147, 141, 132, 87, 86]",0.02448136142625608,0.38,0.40593155681875137,0.5320364284207089,0.7008481110254433,0.0
"[8128, 8117, 7514, 5083, 4990, 4475, 4448, 3026, 2951, 2035, 2006, 1907, 1904, 1627, 1532, 1404, 1332, 359, 343]",0.007100023153507756,0.82,0.2950135828453183,0.390468662775015,0.9282960678488821,0.19999999999999996
"[5639, 4492, 4469, 4354, 3755, 3227, 1697, 1694, 1556, 1555, 1553, 1184, 920, 676, 665, 529, 162, 147, 141, 38, 36, 35, 32, 31, 30, 28, 26, 25, 15]",0.018038897893030793,0.72,0.37029063978796695,0.3250220712243921,0.7684399897198664,0.19999999999999996
"[8376, 7347, 6946, 6312, 6309, 6274, 6195, 5684, 5639, 4478, 4469, 4071, 3227, 2250, 2126, 1907, 1904, 1873, 1836, 1697, 1694, 1687, 1636, 1582, 1547, 1546, 1404, 1332, 1305, 1296, 1277, 1231, 1199, 1184, 1128, 1098, 1094, 1092, 1068, 920, 880, 851, 824, 806, 775, 734, 665, 627, 624, 614, 600, 596, 590, 582, 564, 553, 529, 370, 318, 294, 290, 283, 219, 201, 200, 173, 172, 165, 162, 144, 141, 138, 132, 87, 76, 73, 64, 62, 59, 40, 36, 30, 1]",0.03541213243806437,0.18,0.4511923008596238,0.44695102631721406,0.38936006168080184,0.19999999999999996
"[8128, 7789, 7665, 7362, 7107, 7101, 6687, 5974, 5739, 4995, 4834, 4707, 4473, 4197, 3096, 2908, 2787, 2625, 2507, 2006, 1916, 1627, 1354, 1098, 665, 590, 446, 97, 76, 75, 71, 64, 59, 54]",0.013517017828200972,0.67,0.3523410924224184,0.47157685240132086,0.8655872526342843,0.19999999999999996
"[8586, 7107, 7101, 7051, 6179, 6027, 5639, 4483, 3227, 2250, 2102, 1966, 1953, 1907, 1904, 1697, 1687, 1404, 1330, 1305, 1296, 1277, 1231, 1199, 1184, 920, 880, 851, 806, 790, 734, 676, 665, 446, 294, 290, 283, 219, 201, 200, 173, 172, 165, 162, 144, 141, 97, 8, 4]",0.023764760361194723,0.52,0.4136265211937934,0.44098212113949686,0.6751477769211,0.19999999999999996
"[8574, 8427, 8376, 7916, 7347, 7122, 7107, 7101, 7095, 7072, 6920, 6716, 6579, 6535, 6362, 6349, 6309, 6195, 6013, 5975, 5684, 5639, 5078, 4834, 4451, 4448, 4071, 4028, 3724, 3454, 3327, 2972, 2916, 2820, 2796, 2787, 2776, 2479, 2401, 2316, 2250, 1953, 1836, 1781, 1740, 1636, 1582, 1547, 1546, 1454, 1450, 1421, 1379, 1319, 1277, 1274, 1231, 1199, 1068, 772, 734, 564, 553, 529, 446, 433, 385, 291, 231, 229, 222, 220, 219, 214, 209, 201, 200, 165, 87, 86, 62, 59, 54, 40, 36, 1]",0.027964806668210235,0.15,0.49575331213882723,0.582047225701348,0.6435363659727577,0.0
"[8117, 8014, 6301, 5639, 5634, 4995, 4476, 3204, 2423, 1922, 1532, 1404, 1305, 1277]",0.005188701088214865,0.87,0.22888914115829384,0.3267971040780655,0.9529683885890516,0.19999999999999996
"[5227, 4469, 2074, 1934, 1907, 1556, 1555, 1409, 1092, 1068, 880, 553, 386, 76, 73, 64, 62, 59, 54, 38, 36, 35, 32, 31, 30, 28, 15]",0.01688122250520954,0.74,0.36629360729579996,0.32300499392164217,0.7712670264713442,0.19999999999999996
"[6793, 3227, 2951, 2537, 1827, 1826, 1712, 1697, 1694, 1687, 1546, 1305, 1296, 1231, 1199, 1184, 665, 290, 283, 231, 219, 201, 200, 184, 173, 172, 165, 162, 132, 15, 13]",0.017289881917110443,0.7,0.38646074480925974,0.35156410144178585,0.7710100231303008,0.19999999999999996
"[8498, 8405, 8330, 8117, 8061, 8051, 7995, 7789, 7654, 7145, 7107, 7101, 7095, 7072, 7050, 6631, 5639, 5229, 5083, 5078, 5070, 5006, 4995, 4991, 4798, 4600, 4487, 4469, 4083, 4072, 4071, 4028, 3804, 3536, 3454, 3213, 3037, 3026, 2950, 2880, 2820, 2796, 2567, 2507, 2506, 2479, 2035, 2019, 2018, 2006, 1953, 1907, 1904, 1873, 1795, 1712, 1694, 1546, 1532, 1514, 1499, 1454, 1450, 1404, 1229, 1199, 1068, 1002, 920, 880, 851, 806, 772, 627, 624, 614, 600, 590, 495, 458, 446, 442, 433, 385, 370, 231, 173, 165, 87, 86, 76, 1]",0.030918036582542253,0.09,0.46104484958975245,0.610993690339809,0.6024158314058083,0.19999999999999996
"[8586, 8488, 8479, 8427, 8128, 8117, 8104, 8061, 8046, 7916, 7514, 7086, 6967, 6925, 6920, 6362, 6274, 6027, 5975, 5974, 5537, 5495, 5452, 5397, 5328, 5083, 4834, 4543, 4492, 4448, 4437, 4264, 4036, 3920, 3900, 3506, 3491, 3417, 3394, 3327, 3270, 3227, 3026, 2983, 2951, 2949, 2917, 2820, 2796, 2787, 2401, 2316, 2035, 2006, 1894, 1875, 1873, 1712, 1697, 1694, 1532, 1379, 1319, 1305, 1296, 1274, 1231, 1184, 935, 856, 816, 790, 772, 734, 665, 600, 414, 291, 283, 229, 222, 220, 214, 209, 208, 162, 132, 86, 36]",0.027411437832831675,0.12,0.43236407732244697,0.689827922294085,0.7070161912104858,0.0
"[8586, 8488, 8479, 8427, 8128, 8117, 8104, 8061, 8046, 7916, 7862, 7774, 7737, 7514, 7086, 6967, 6920, 6362, 6027, 5975, 5974, 5537, 5495, 5452, 5397, 5328, 5035, 4899, 4834, 4543, 4492, 4448, 4437, 3920, 3900, 3620, 3506, 3491, 3417, 3394, 3327, 3270, 3026, 2983, 2951, 2949, 2916, 2820, 2796, 2787, 2401, 2316, 2035, 2006, 1904, 1894, 1875, 1873, 1712, 1532, 1379, 1332, 1319, 1305, 1296, 1274, 1231, 942, 935, 856, 851, 824, 816, 772, 734, 414, 318, 291, 290, 283, 231, 229, 222, 220, 219, 214, 209, 208, 201]",0.026433202130122714,0.12,0.4307918941779887,0.6616920050854406,0.7270624518118736,0.19999999999999996
"[6274, 2126, 2102, 1547, 1546, 1128, 1098, 1094, 1092, 1068, 817, 778, 665, 627, 624, 614, 600, 596, 590, 582, 564, 553, 529, 162, 138, 132, 87, 76, 73, 64, 62, 59, 54, 40, 38, 36, 35, 32, 31, 30, 28, 26, 25, 24, 1]",0.022708960407501737,0.56,0.44186852666677523,0.33502410206020306,0.6214340786430224,0.19999999999999996
"[8427, 7916, 6362, 6361, 5975, 5639, 5634, 4995, 4448, 3204, 2796, 2787, 2776, 2524, 2423, 1922, 1873, 1866, 1781, 1319, 1277, 1231, 564, 553, 433, 294, 291, 231, 229, 222, 220, 219, 201, 173, 172, 165, 40, 38, 36, 35]",0.016904376012965964,0.61,0.41776527668188956,0.4140764953641466,0.7931123104600359,0.19999999999999996
"[8586, 8498, 8441, 8128, 8117, 7789, 7654, 7145, 6631, 6362, 6179, 6027, 5974, 5940, 5082, 4834, 4707, 4492, 4488, 4487, 4485, 4484, 4483, 4482, 4481, 4351, 4197, 4072, 3327, 3227, 3117, 3026, 2983, 2916, 2796, 2787, 2783, 2592, 2537, 2507, 2035, 2006, 1916, 1556, 1555, 1553, 1546, 1514, 1443, 1420, 1414, 1354, 1233, 1128, 1022, 920, 904, 790, 734, 665, 614, 600, 590, 529, 442, 429, 392, 332, 231, 214, 208, 147, 141, 132, 97, 75, 32, 31, 30, 28, 26, 25]",0.02973141931002547,0.19,0.4269129893299418,0.5188972920891322,0.578514520688769,0.19999999999999996
"[8467, 8465, 8464, 8456, 8128, 8117, 7733, 7330, 7086, 5624, 5227, 4476, 4475, 4469, 3227, 3026, 2132, 2126, 2035, 2006, 1907, 1904, 1873, 1872, 1790, 1694, 1687, 1532, 1404, 1372, 1332, 1305, 1296, 1231, 1128, 1098, 880, 817, 808, 736, 734, 665, 627, 624, 614, 596, 590, 359, 318, 290, 283, 240, 231, 219, 209, 201, 173, 172, 165, 162, 155, 144, 141, 138, 87, 86, 76, 73]",0.029843713822644134,0.33,0.39759705510154175,0.4198320478867298,0.559496273451555,0.19999999999999996
"[8586, 8488, 8479, 8456, 8427, 8237, 8128, 8117, 8104, 8061, 8046, 7916, 7514, 7086, 6967, 6920, 6802, 6706, 6362, 6027, 5975, 5974, 5537, 5495, 5452, 5397, 5328, 5127, 5083, 4834, 4707, 4648, 4543, 4492, 4448, 4437, 4264, 3920, 3900, 3866, 3506, 3491, 3417, 3394, 3327, 3270, 3026, 2983, 2951, 2949, 2916, 2820, 2796, 2787, 2709, 2401, 2316, 2035, 2006, 1894, 1875, 1873, 1712, 1697, 1672, 1585, 1532, 1379, 1319, 1274, 1231, 1188, 935, 856, 816, 772, 600, 583, 414, 291, 229, 222, 220, 214, 209, 208, 87, 86, 15]",0.02474068071312804,0.12,0.4210263517065437,0.7195318899369907,0.7553328193266513,0.19999999999999996
"[7862, 7122, 7107, 7101, 7095, 6579, 6274, 5078, 4488, 4487, 4485, 4484, 4483, 4482, 4481, 4480, 4478, 4469, 4028, 3227, 3037, 2250, 2126, 2102, 2019, 1907, 1904, 1873, 1697, 1694, 1687, 1582, 1532, 1443, 1414, 1404, 1332, 1305, 1296, 1277, 1254, 1231, 1199, 1184, 1128, 1098, 1094, 1092, 1068, 1022, 920, 904, 880, 851, 824, 806, 790, 734, 665, 629, 627, 624, 614, 605, 600, 596, 590, 582, 564, 553, 495, 442, 433, 429, 392, 370, 318, 294, 290, 283, 231, 219, 201, 200, 173, 172, 165, 162, 144, 141, 138, 132, 87, 86, 76, 73, 64, 62, 59, 54]",0.039172262097707806,0.01,0.4719133513377538,0.4207745225673225,0.2654844512978669,0.0
"[8574, 8427, 8302, 8046, 7916, 7429, 7122, 7107, 7101, 7095, 7072, 6946, 6920, 6802, 6579, 6535, 6362, 6349, 6274, 6013, 5975, 5835, 5639, 5078, 4834, 4451, 4448, 4071, 4028, 3724, 3546, 3454, 3424, 3327, 3227, 3149, 3037, 2972, 2916, 2820, 2796, 2787, 2776, 2709, 2479, 2401, 2316, 2250, 2019, 1953, 1894, 1873, 1866, 1797, 1795, 1781, 1740, 1672, 1532, 1454, 1450, 1379, 1319, 1307, 1277, 1274, 1231, 1199, 772, 734, 665, 495, 446, 433, 429, 385, 291, 231, 229, 222, 220, 219, 214, 209, 201, 200, 173, 172, 165, 147, 141, 132, 87, 86, 59]",0.028499652697383655,0.06,0.49843280921530875,0.6221463187438498,0.6584425597532768,0.19999999999999996
"[6274, 4469, 3227, 2250, 2126, 2102, 1907, 1904, 1873, 1697, 1694, 1687, 1582, 1547, 1546, 1404, 1332, 1305, 1296, 1277, 1231, 1199, 1184, 1128, 1098, 1094, 1092, 1068, 880, 851, 824, 806, 790, 734, 665, 627, 624, 614, 600, 596, 590, 582, 564, 553, 529, 370, 318, 294, 290, 283, 219, 201, 200, 172, 167, 165, 162, 144, 141, 138, 132, 87, 86, 76, 73, 64, 62, 59, 54, 40, 38, 36, 35, 32, 31, 30, 28, 26, 25, 24, 1]",0.03646098633943042,0.2,0.45849232260821127,0.40552223865413595,0.31277306604985866,0.0
"[7862, 370, 1]",0.002372076869645751,0.98,0.24778147594572952,0.1941507466343041,0.9809817527627859,0.4
"[7862, 1]",0.0015640194489465154,0.99,0.2043037851161743,0.1780919324762955,0.9889488563351324,0.4
"[8441, 8427, 8291, 8046, 7916, 7654, 7526, 7514, 7278, 6631, 6362, 6309, 6236, 6097, 5975, 5974, 5739, 5731, 5704, 5639, 5634, 5495, 5460, 5449, 5083, 5070, 4834, 4477, 4448, 4437, 4199, 4072, 4038, 3920, 3567, 3536, 3417, 3402, 3327, 3287, 3204, 3096, 3026, 2951, 2796, 2787, 2783, 2776, 2661, 2401, 2148, 2142, 2006, 1916, 1894, 1875, 1873, 1781, 1715, 1627, 1514, 1379, 1274, 1022, 856, 738, 474, 443, 343, 231, 229, 225, 214, 208]",0.017771474878444084,0.27,0.3830839759663275,0.6361771904500342,0.8463120020560267,0.19999999999999996
"[8498, 8487, 8441, 8405, 8051, 7995, 7789, 6967, 6920, 6687, 6362, 5229, 4995, 4991, 4798, 4487, 4485, 4484, 4483, 4482, 4481, 4480, 4478, 4469, 4351, 3900, 3804, 3117, 2950, 2880, 2820, 2796, 2776, 2745, 2625, 2316, 2126, 2102, 1907, 1904, 1873, 1797, 1795, 1712, 1694, 1687, 1582, 1443, 1404, 1332, 1307, 1274, 1254, 1231, 1229, 1199, 1128, 1098, 1092, 1068, 1022, 920, 880, 851, 824, 816, 806, 772, 734, 627, 624, 614, 600, 596, 590, 582, 442, 370, 318, 290, 231, 201, 200, 173, 165, 162, 87, 86, 76, 73, 64, 62, 54]",0.03473605001157676,0.08,0.4566388755518337,0.5004720518353083,0.44101773323053195,0.19999999999999996
"[8586, 8427, 8376, 8128, 8061, 7925, 7568, 7347, 6362, 6309, 6027, 5975, 5070, 4995, 4834, 4478, 4476, 4475, 4448, 4254, 4071, 3724, 3536, 3506, 3149, 3026, 2950, 2796, 2787, 2776, 2507, 2423, 2250, 2144, 1916, 1875, 1873, 1836, 1717, 1658, 1636, 1417, 1404, 1379, 1332, 1305, 1296, 1277, 1231, 1199, 790, 734, 283, 231, 222, 220, 219, 201, 200, 165, 144, 87, 86, 62, 59]",0.02404028710349618,0.36,0.40722752672303475,0.5026792765198284,0.7057311745052686,0.0
"[8051, 7733, 7219, 6687, 6429, 6097, 4995, 2625, 1941, 343, 64, 59, 54]",0.004601759666589488,0.88,0.3002622583504607,0.3275363809115909,0.955538421999486,0.19999999999999996
"[8574, 8467, 8465, 8427, 8061, 8046, 8018, 7916, 7122, 6535, 6013, 5495, 4991, 4451, 4448, 3454, 3227, 2916, 2787, 2401, 2126, 2102, 1894, 1697, 1694, 1687, 1547, 1546, 1379, 1332, 1305, 1296, 1184, 1128, 1094, 1092, 902, 808, 790, 665, 627, 624, 614, 600, 596, 590, 564, 553, 529, 385, 290, 283, 201, 173, 165, 162, 144, 141, 138, 132, 87, 86, 76, 73, 64, 62, 59, 54, 38, 36, 35, 32, 31, 30, 28, 26, 24, 1]",0.03269391062746006,0.23,0.43846591194920637,0.49200727749815576,0.4708301207915703,0.0
"[8330, 6274, 5639, 4492, 4469, 3827, 3227, 2126, 2102, 1907, 1697, 1694, 1687, 1582, 1184, 1128, 1098, 1094, 1092, 1068, 880, 665, 627, 614, 600, 596, 590, 582, 564, 553, 173, 172, 162, 144, 141, 138, 132, 87, 86, 76, 73, 64, 62, 59, 54, 40, 38, 36, 35, 32, 31, 30, 28, 26, 25]",0.02805278999768465,0.46,0.42856555806465535,0.36940526209720537,0.5389360061680801,0.19999999999999996
"[8467, 8465, 8464, 6274, 5991, 5624, 5227, 4476, 3227, 2798, 1873, 1790, 1694, 1687, 1582, 1547, 1546, 1532, 1404, 1372, 1332, 1330, 1305, 1296, 1231, 1128, 1068, 806, 790, 736, 734, 665, 627, 624, 614, 553, 529, 318, 294, 290, 283, 240, 231, 219, 209, 201, 173, 172, 165, 162, 144, 141, 138, 132, 87, 86, 40, 38, 36, 35, 32, 31, 30, 28, 26, 25, 24, 1]",0.03133827274832137,0.33,0.41945162169560624,0.39197614412403137,0.4993574916473914,0.0
"[7330, 1873, 1866, 1694, 1532, 808, 429, 173, 172, 155]",0.005329937485529058,0.91,0.3234839915593243,0.2824534812311452,0.9365201747622719,0.19999999999999996
"[8128, 8117, 5083, 4600, 4477, 4476, 4475, 4469, 3026, 2220, 2102, 2035, 2018, 2006, 1907, 1904, 1873, 1872, 1790, 1582, 1547, 1546, 1532, 1332, 1231, 1094, 1092, 1068, 880, 736, 734, 582, 564, 553, 529, 458, 442, 370, 359, 318, 240, 231, 219, 209, 201, 173, 172, 165, 144, 106, 64, 62, 59, 54, 40, 38, 36, 35, 32, 31, 30, 28, 26, 25, 24]",0.02924635332252836,0.36,0.4221851901996504,0.427309123564387,0.5199177589308661,0.19999999999999996
"[7347, 6309, 5684, 5639, 5002, 4995, 3227, 2250, 2126, 2102, 1873, 1836, 1697, 1694, 1687, 1582, 1547, 1546, 1332, 1305, 1296, 1277, 1199, 1184, 1128, 1098, 1094, 1092, 1068, 1022, 806, 790, 734, 665, 627, 624, 614, 600, 596, 590, 582, 564, 553, 529, 396, 294, 290, 283, 219, 201, 200, 173, 172, 165, 162, 144, 141, 138, 132, 87, 86, 76, 73, 64, 62, 59, 54, 40, 38, 36, 35, 32, 30]",0.0329358647835147,0.28,0.4801251834300003,0.43938657434961625,0.4235415060395785,0.0
"[8574, 8427, 8376, 8330, 7925, 7514, 7122, 7107, 7101, 7095, 7072, 6967, 6579, 6535, 6362, 6013, 5975, 5639, 5078, 5006, 4834, 4488, 4487, 4485, 4484, 4476, 4451, 4448, 4306, 4071, 4028, 3900, 3754, 3454, 3037, 2972, 2916, 2796, 2787, 2776, 2745, 2479, 2423, 2401, 2250, 2019, 1953, 1916, 1873, 1866, 1836, 1697, 1687, 1546, 1532, 1454, 1450, 1421, 1414, 1404, 1379, 1277, 1231, 1199, 1128, 920, 904, 851, 824, 816, 806, 790, 734, 665, 495, 446, 442, 433, 429, 392, 385, 231, 222, 219, 214, 208, 201, 200, 173, 172, 165, 162, 77, 1]",0.03175156286177356,0.07,0.4464329996906379,0.5802972540374853,0.5679773837059882,0.19999999999999996
"[7439, 7429, 6920, 3590, 2074, 1556, 1547, 1546, 1296, 665, 529, 144, 141, 31, 26, 15, 1]",0.00925214169946747,0.84,0.35989009095391067,0.3209705386839048,0.8851195065535852,0.19999999999999996
"[8464, 8456, 5495, 5227, 4600, 4478, 4476, 4475, 3227, 2524, 2348, 2126, 2102, 2035, 1907, 1873, 1790, 1697, 1687, 1556, 1555, 1546, 1332, 1184, 1128, 1098, 1094, 1092, 627, 624, 614, 600, 596, 590, 582, 564, 553, 386, 318, 240, 173, 165, 144, 141, 138, 87, 86, 76, 73, 64, 62, 59, 54, 36, 35, 32, 31, 30, 28, 15, 13]",0.029986107895346142,0.4,0.40639699990925837,0.3805748633330919,0.5006425083526086,0.0
"[8487, 8467, 8465, 8464, 8456, 8128, 8117, 7733, 7330, 7086, 6981, 6976, 6967, 5624, 5452, 4936, 4826, 4476, 4475, 4469, 3900, 3026, 2878, 2776, 2745, 2401, 2316, 2035, 1907, 1904, 1875, 1873, 1872, 1790, 1694, 1532, 1480, 1404, 1332, 1307, 1305, 1296, 1274, 880, 856, 817, 816, 808, 736, 359, 318, 290, 283, 240, 231, 155]",0.020297522574670063,0.45,0.339943975425961,0.43958994907665694,0.7638139295810845,0.19999999999999996
"[8586, 8427, 8376, 8128, 7925, 7568, 7347, 6362, 6309, 6027, 5975, 5070, 4834, 4476, 4475, 4448, 4071, 3724, 3536, 3506, 3218, 3149, 3026, 2950, 2796, 2787, 2776, 2507, 2423, 2401, 2250, 2144, 1916, 1875, 1873, 1836, 1717, 1636, 1417, 1404, 1379, 1332, 1305, 1296, 1277, 1231, 1199, 790, 734, 283, 231, 222, 220, 219, 201, 200, 165, 144, 87, 86, 62, 59, 1]",0.024027552674230148,0.38,0.40059039221116,0.505185209545514,0.7065021845283989,0.19999999999999996
"[8586, 8498, 8487, 8302, 7429, 7107, 7101, 7095, 7072, 6920, 6579, 6362, 6027, 5975, 5835, 5078, 4995, 4461, 4071, 4028, 3506, 3037, 2983, 2972, 2950, 2820, 2796, 2776, 2479, 2347, 2250, 2019, 1953, 1873, 1866, 1797, 1795, 1781, 1740, 1712, 1590, 1532, 1454, 1450, 1421, 1319, 1307, 1277, 1274, 1231, 1199, 1128, 816, 772, 734, 614, 495, 446, 442, 433, 291, 222, 220, 219, 214, 209, 201, 172, 165, 141, 87, 86, 2]",0.023644362120861313,0.28,0.4746449070687173,0.5893935696253478,0.7198663582626574,0.19999999999999996
"[8117, 7733, 7330, 7086, 1905, 1694, 1319, 1305, 817, 808, 665, 407, 290, 283, 155]",0.007425329937485529,0.86,0.29115698784822297,0.3463778557404704,0.9347211513749679,0.19999999999999996
"[8574, 8427, 8376, 7916, 7347, 7122, 7107, 7101, 7095, 7072, 6946, 6920, 6716, 6579, 6535, 6362, 6349, 6309, 6195, 6013, 5975, 5684, 5639, 5078, 4834, 4451, 4448, 4071, 4028, 3724, 3454, 3434, 3327, 2972, 2916, 2820, 2796, 2787, 2776, 2479, 2401, 2316, 2250, 1953, 1836, 1795, 1781, 1740, 1636, 1582, 1454, 1450, 1421, 1379, 1319, 1277, 1274, 1231, 1199, 1184, 1068, 772, 734, 564, 553, 446, 433, 385, 291, 231, 229, 222, 220, 219, 214, 209, 201, 200, 165, 87, 86, 62, 59, 54, 40, 36, 32]",0.027898819171104424,0.14,0.49645505938333945,0.5943009053085676,0.6486764327936263,0.19999999999999996
"[7568, 5168, 2758]",0.0005568418615420236,0.98,0.11078214525681218,0.19657557788164692,0.9940889231560011,1.0
"[5775, 294]",0.0013868951146098635,0.99,0.17806887108468283,0.18010868641176359,0.9925469031097405,0.4
"[8586, 8498, 8487, 8441, 8427, 8315, 8302, 8128, 8061, 7916, 7789, 6967, 6920, 6362, 6027, 5975, 5739, 5704, 5070, 4995, 4834, 4478, 4475, 4448, 4197, 3900, 3536, 3506, 3327, 3287, 3022, 2950, 2878, 2820, 2796, 2787, 2783, 2776, 2745, 2507, 2316, 1916, 1875, 1873, 1797, 1795, 1717, 1712, 1658, 1627, 1404, 1379, 1307, 1277, 1274, 816, 776, 772, 614, 590, 229, 214, 208, 97, 75]",0.017983329474415374,0.36,0.37439111345475296,0.6115766376514866,0.8314058082755076,0.19999999999999996
"[8051, 8046, 7733, 7654, 7514, 7219, 6687, 6631, 6429, 6366, 6097, 5495, 5083, 5078, 4995, 4650, 4448, 4072, 3417, 2625, 2401, 2006, 1941, 1916, 1894, 1379, 343, 64, 59, 54]",0.00768464922435749,0.71,0.34376707042648846,0.45124555187758686,0.9324081213055769,0.19999999999999996
"[7122, 7107, 5078, 3037, 2019, 1873, 1866, 1670, 1556, 1555, 1553, 1546, 1532, 529, 495, 433, 429, 173, 172, 24, 15, 2]",0.0109967585089141,0.79,0.388752835738991,0.37493315362334645,0.8558211256746338,0.19999999999999996
"[4483, 4481, 4480, 4478, 4475, 4469, 3227, 2250, 2126, 2102, 1907, 1873, 1697, 1694, 1582, 1547, 1546, 1404, 1332, 1305, 1296, 1277, 1231, 1199, 1184, 1128, 1098, 1094, 1092, 1068, 1022, 920, 880, 851, 824, 806, 790, 734, 665, 627, 624, 614, 600, 596, 590, 582, 564, 553, 529, 442, 429, 370, 318, 294, 290, 283, 219, 201, 200, 173, 172, 165, 162, 144, 141, 138, 132, 87, 86, 76, 73, 64, 62, 59, 54, 40, 38, 36, 35, 32, 31, 30, 28, 26, 25, 24, 1]",0.037758740449178055,0.14,0.463240624003017,0.37016848539933145,0.24826522744795687,0.19999999999999996
"[7862, 4477, 3327, 3026, 1022, 197, 1]",0.004048390831210928,0.94,0.22686855262768857,0.2366285385211211,0.9681315857106142,0.19999999999999996
"[6508, 6274, 4488, 4487, 4485, 4484, 4482, 4481, 4480, 4478, 4469, 3227, 2734, 2373, 2250, 2102, 1904, 1873, 1697, 1695, 1582, 1443, 1414, 1404, 1332, 1305, 1277, 1231, 1199, 1184, 1128, 1098, 1094, 1092, 1068, 1022, 920, 904, 880, 851, 824, 806, 734, 665, 627, 624, 600, 596, 590, 582, 564, 553, 442, 429, 392, 370, 318, 294, 290, 283, 219, 201, 200, 172, 165, 162, 132, 87, 86, 76, 64, 62, 59, 54, 40, 38, 36, 35, 32, 31]",0.035430655244269506,0.21,0.45614550118852615,0.35455128523644863,0.3392444101773323,0.19999999999999996
"[8128, 7789, 7665, 7362, 7107, 5974, 5739, 4995, 4834, 4707, 4473, 4197, 3096, 2908, 2787, 2625, 2507, 2006, 1916, 1627, 1354, 1098, 665, 590, 446, 97, 76, 75, 71, 64, 59, 54, 1]",0.013769391062746005,0.68,0.3657498419504909,0.4446406340452702,0.8576201490619378,0.19999999999999996
"[8253, 6312, 6274, 4478, 4469, 3227, 2250, 2126, 2102, 1907, 1904, 1873, 1697, 1694, 1687, 1582, 1547, 1546, 1404, 1332, 1305, 1296, 1277, 1231, 1199, 1184, 1128, 1098, 1094, 1092, 1068, 920, 880, 851, 824, 806, 775, 734, 665, 627, 624, 614, 600, 596, 590, 582, 564, 553, 529, 370, 318, 294, 290, 283, 219, 201, 200, 173, 172, 165, 162, 144, 141, 138, 132, 87, 76, 73, 64, 62, 59, 54, 40, 38, 36, 35, 32, 31, 30, 28, 26, 25, 24, 1]",0.0367862931234082,0.17,0.4568763913122258,0.4192444472349014,0.30403495245438195,0.0
"[8467, 8465, 8464, 8117, 5639, 5004, 1907, 1904, 1687, 1404, 1319, 1305, 1296, 1277, 920, 880, 851, 806, 790, 407, 294, 290, 283, 277, 219, 144, 141, 138]",0.015427182218106041,0.73,0.3398614124522552,0.3191969152218146,0.8036494474428167,0.19999999999999996
"[8427, 7925, 6362, 5975, 4834, 4492, 4476, 4475, 4448, 4071, 3218, 2796, 2787, 2776, 2422, 2401, 2144, 1636, 1404, 1379, 1277, 734, 231, 222, 220, 219, 87, 86]",0.011897429960639036,0.73,0.3148187636678835,0.3850190729995896,0.872526342842457,0.19999999999999996
"[8586, 8533, 8128, 8061, 8046, 7654, 7514, 7122, 7109, 7101, 7095, 6631, 6579, 6366, 6027, 5975, 5974, 5495, 5096, 5083, 5078, 5070, 4947, 4650, 4487, 4475, 4448, 4437, 4072, 4028, 3536, 3506, 3458, 3417, 3151, 3026, 2950, 2917, 2509, 2507, 2401, 2006, 1916, 1894, 1875, 1873, 1717, 1443, 1417, 1379, 1332, 1296, 1199, 904, 856, 392, 343, 283]",0.015786061588330635,0.43,0.35634645084933525,0.5713626221786726,0.8465690053970701,0.19999999999999996
"[6274, 4488, 4487, 4485, 4484, 4483, 4481, 4480, 4478, 4475, 4469, 3227, 2250, 2126, 2102, 1907, 1904, 1873, 1825, 1697, 1694, 1687, 1547, 1546, 1443, 1416, 1414, 1404, 1332, 1305, 1296, 1277, 1231, 1199, 1128, 1098, 1094, 1092, 1068, 920, 904, 880, 851, 824, 806, 734, 665, 627, 624, 614, 600, 596, 590, 582, 564, 553, 529, 442, 429, 392, 370, 318, 294, 290, 283, 231, 219, 201, 200, 173, 172, 165, 162, 144, 138, 132, 87, 86, 76, 73, 64, 62, 59, 54, 40, 38, 36, 35, 32, 31, 30, 28, 25, 24, 1]",0.039091224820560315,0.06,0.47441032114020376,0.3611657933293101,0.19660755589822665,0.19999999999999996
"[3227, 2250, 2102, 1966, 1907, 1904, 1697, 1687, 1547, 1546, 1532, 1404, 1305, 1296, 1277, 1231, 1199, 1184, 1068, 920, 880, 806, 790, 734, 553, 529, 294, 290, 283, 219, 201, 200, 173, 172, 165, 144, 106, 40, 38, 36, 35, 32, 31, 30, 28, 26, 25, 24]",0.02522227367446168,0.53,0.4387941912853969,0.409650468962489,0.6062708815214598,0.19999999999999996
"[8586, 8488, 8479, 8456, 8427, 8237, 8117, 8061, 8046, 7916, 7514, 7122, 7107, 7101, 7095, 6920, 6802, 6706, 6579, 6362, 6027, 5975, 5974, 5495, 5452, 5397, 5328, 5127, 5078, 4834, 4707, 4648, 4492, 4448, 4437, 4264, 4028, 3920, 3900, 3866, 3417, 3394, 3327, 3270, 3037, 2951, 2949, 2916, 2820, 2796, 2787, 2709, 2628, 2479, 2401, 2316, 2019, 1894, 1875, 1873, 1866, 1712, 1697, 1672, 1585, 1532, 1454, 1450, 1379, 1319, 1274, 1231, 1188, 856, 816, 772, 600, 583, 495, 446, 433, 429, 291, 229, 222, 220, 214, 209, 208, 201, 173, 172, 87, 86, 15]",0.02765686501504978,0.06,0.44758855151146526,0.6534399048564548,0.702390131071704,0.19999999999999996
"[8467, 8465, 6274, 5624, 4476, 3227, 2102, 1873, 1694, 1687, 1582, 1547, 1546, 1532, 1404, 1332, 1305, 1296, 1231, 1128, 1098, 1094, 1092, 1068, 806, 790, 734, 665, 627, 624, 614, 582, 564, 553, 529, 318, 294, 290, 283, 219, 201, 173, 172, 165, 162, 141, 138, 132, 87, 86, 73, 64, 62, 59, 54, 40, 38, 36, 35, 32, 31, 30, 28, 26, 25, 24, 1]",0.03186964575133133,0.34,0.43130989780088325,0.37500996324880176,0.4479568234387047,0.0
"[8586, 8128, 8117, 8104, 8061, 7774, 7514, 7086, 6027, 5537, 5495, 5452, 5083, 4990, 4543, 4492, 4475, 4448, 3506, 3491, 3394, 3026, 2983, 2951, 2949, 2916, 2035, 2006, 1907, 1904, 1894, 1627, 1532, 1404, 1332, 935, 559, 414, 359, 343]",0.011004862236628849,0.61,0.3079858825475541,0.5214914964556802,0.89745566692367,0.19999999999999996
"[8586, 8427, 8376, 8128, 7925, 7862, 7568, 7347, 6362, 6309, 5975, 5070, 4834, 4476, 4475, 4448, 4071, 3724, 3536, 3506, 3218, 3149, 3026, 2796, 2787, 2776, 2507, 2423, 2401, 2250, 2144, 1916, 1875, 1873, 1836, 1717, 1636, 1404, 1379, 1332, 1305, 1296, 1277, 1231, 1199, 790, 734, 629, 433, 283, 231, 222, 220, 219, 201, 200, 165, 144, 87, 86, 62, 59]",0.023508914100486222,0.39,0.41039391682388304,0.4885379215961062,0.7103572346440503,0.19999999999999996
"[7429, 4004, 2074, 1546, 529, 1]",0.0034012502894188467,0.95,0.27992061866207263,0.27002007669223127,0.9645335389360061,0.19999999999999996
"[8117, 7733, 7330, 7086, 1905, 1694, 817, 808, 665, 407, 290]",0.004854132901134522,0.9,0.2979481306924242,0.30782659134820745,0.9583654587509638,0.19999999999999996
"[8330, 5639, 4492, 4469, 3827, 3227, 2126, 2102, 2054, 1907, 1826, 1697, 1694, 1582, 1546, 1184, 1128, 1098, 1094, 1092, 1068, 880, 665, 627, 614, 600, 596, 590, 582, 564, 553, 173, 172, 162, 144, 141, 138, 87, 86, 76, 73, 64, 62, 59, 54, 40, 38, 36, 35, 32, 31, 30, 28, 26, 25]",0.02839661958786756,0.46,0.4300632810382239,0.36940526209720537,0.5343099460292984,0.0
"[8586, 7568, 6027, 5684, 5639, 4995, 4488, 4487, 4485, 4483, 4482, 4481, 4480, 4478, 4469, 3506, 3227, 2950, 2250, 2126, 2102, 1907, 1904, 1873, 1697, 1694, 1687, 1582, 1547, 1546, 1443, 1417, 1414, 1404, 1332, 1305, 1296, 1277, 1199, 1184, 1128, 1098, 1094, 1092, 1068, 1022, 920, 904, 880, 851, 806, 790, 734, 665, 627, 624, 614, 600, 596, 590, 582, 564, 553, 529, 442, 429, 396, 392, 370, 294, 290, 283, 219, 201, 200, 173, 172, 165, 162, 144, 141, 138, 132, 87, 86, 76, 73, 67, 64, 62, 59, 54, 40, 36, 35, 32, 30]",0.03935980551053485,0.04,0.47773029630341124,0.4013857790912616,0.2323310203032639,0.19999999999999996
"[8574, 8427, 8061, 8046, 7916, 7122, 6920, 6535, 6362, 6274, 6013, 5975, 5835, 5495, 4991, 4451, 4448, 3454, 2916, 2796, 2787, 2776, 2401, 2347, 2250, 2126, 2102, 1894, 1873, 1866, 1781, 1740, 1582, 1547, 1546, 1379, 1319, 1277, 1274, 1231, 1199, 1128, 1094, 1092, 1068, 902, 734, 627, 624, 614, 600, 596, 590, 582, 564, 553, 529, 442, 385, 344, 291, 222, 220, 219, 214, 201, 173, 172, 165, 144, 141, 138, 132, 87, 86, 76, 73, 64, 62, 59, 54, 40, 38, 36, 35, 32, 31, 30, 28, 26, 25, 24, 1]",0.033859689742996066,0.08,0.5030744218601548,0.5607050280203727,0.4240555127216654,0.19999999999999996
"[8586, 8467, 8465, 8464, 8456, 8128, 8061, 8046, 7654, 7568, 7514, 7122, 7109, 7101, 7095, 6631, 6579, 6366, 6027, 5975, 5974, 5624, 5495, 5083, 5078, 5070, 4995, 4650, 4487, 4476, 4475, 4469, 4448, 4437, 4028, 3536, 3506, 3417, 3227, 3026, 2950, 2507, 2401, 2006, 1916, 1907, 1904, 1894, 1875, 1873, 1872, 1790, 1778, 1717, 1694, 1417, 1404, 1379, 1332, 1305, 1296, 1231, 880, 856, 817, 808, 736, 734, 665, 446, 359, 343, 318, 290, 283, 240, 231, 219, 209, 201, 173, 172, 165, 162, 144]",0.029430423709191942,0.16,0.39753919642107993,0.5172029059758316,0.6286301721922385,0.0
"[8128, 7789, 7362, 7107, 7101, 6179, 5974, 5739, 4834, 4707, 4197, 2908, 2787, 2507, 2006, 1916, 1627, 1547, 1546, 1354, 1330, 1226, 590, 529, 446, 366, 162, 97, 75, 71, 26, 25, 24, 1]",0.012898819171104423,0.67,0.3895499810344517,0.4652024600170176,0.8563351323567207,0.19999999999999996
"[8586, 6027, 2408, 1953, 1568, 1553, 1319, 1305, 529, 283, 15, 2]",0.007138226441305857,0.89,0.29064359059635236,0.2822656368329981,0.9262400411205346,0.19999999999999996
"[8574, 8427, 8376, 7916, 7347, 7122, 7107, 7101, 7095, 7072, 6946, 6920, 6716, 6579, 6535, 6362, 6349, 6309, 6195, 6013, 5975, 5684, 5639, 5078, 4834, 4451, 4448, 4028, 3724, 3454, 3327, 2972, 2916, 2820, 2796, 2787, 2776, 2726, 2479, 2316, 2250, 1953, 1836, 1795, 1781, 1740, 1636, 1582, 1454, 1450, 1421, 1379, 1319, 1277, 1274, 1231, 1199, 1184, 1068, 772, 734, 564, 553, 446, 433, 385, 291, 231, 229, 222, 220, 219, 214, 209, 201, 200, 165, 87, 86, 62, 59, 54, 40, 36, 32]",0.027523732345450337,0.16,0.4936135215078552,0.5737987927663446,0.6517604728861475,0.19999999999999996
"[8586, 8195, 8128, 7789, 7362, 7122, 7107, 7101, 7095, 6579, 6179, 6027, 5974, 5739, 5078, 4834, 4707, 4483, 4197, 4100, 4028, 3514, 3037, 2908, 2787, 2507, 2479, 2019, 2006, 1916, 1866, 1627, 1532, 1354, 1330, 590, 495, 446, 433, 429, 201, 173, 172, 162, 97, 75, 71, 8, 4, 1]",0.01732692752952072,0.51,0.386199944811657,0.5594713843050731,0.8272937548188126,0.19999999999999996
"[8376, 7347, 6946, 6309, 6274, 6195, 5684, 5639, 4469, 4071, 3227, 2250, 2126, 1907, 1904, 1873, 1836, 1697, 1694, 1687, 1636, 1582, 1547, 1546, 1404, 1332, 1305, 1296, 1277, 1231, 1199, 1184, 1128, 1098, 1094, 1092, 1068, 880, 851, 824, 806, 790, 734, 665, 627, 624, 614, 600, 596, 590, 582, 564, 553, 529, 370, 318, 294, 290, 283, 219, 202, 201, 172, 167, 165, 162, 144, 141, 138, 132, 87, 86, 76, 73, 64, 62, 59, 40, 36, 30, 1]",0.03508451030331095,0.2,0.4630919326113141,0.46347806393920765,0.39809817527627855,0.19999999999999996
"[8586, 8315, 8302, 8128, 8061, 8046, 7789, 7654, 7514, 6631, 6362, 5975, 5974, 5739, 5704, 5495, 5083, 5070, 4995, 4475, 4448, 4437, 4233, 4197, 4072, 3536, 3506, 3458, 3417, 3287, 3026, 2950, 2776, 2745, 2507, 2401, 2006, 1916, 1894, 1875, 1873, 1717, 1712, 1627, 1379, 1332, 1305, 1296, 1199, 856, 614, 590, 343, 283, 214, 208, 97, 75]",0.017927761055799955,0.43,0.38336688088770676,0.5794877186054319,0.8206116679516834,0.19999999999999996
"[5634, 1547, 1546, 1404, 529, 366, 26, 25, 24]",0.005305626302384811,0.92,0.3150409049281454,0.26416427404607257,0.9385762014906194,0.19999999999999996
"[6274, 3227, 2250, 2126, 2102, 1904, 1873, 1697, 1694, 1687, 1582, 1547, 1546, 1332, 1305, 1296, 1277, 1199, 1098, 1094, 1092, 1068, 806, 734, 665, 627, 624, 614, 600, 596, 590, 582, 564, 553, 529, 294, 290, 283, 231, 229, 219, 201, 200, 173, 172, 165, 162, 144, 141, 138, 132, 87, 86, 76, 73, 64, 62, 59, 54, 40, 38, 36, 35, 32, 31, 30, 28, 26, 25, 24, 1]",0.032715906459828664,0.3,0.4709934068065924,0.39858906378431413,0.3914160884091493,0.19999999999999996
